InstanceName	alpha	beta	L	m	Tmax	ObjValue	CpuTime	IterToBest	TimeToBest
r-75-1	1	0.67	12	1	131	1856	1.9242798	108	0.0837222
r-75-1	1	0.67	12	1	263	3207	3.5680849	129	0.056403
r-75-1	1	0.67	12	2	131	1907	1.6916925	71	0.0162767
r-75-1	1	0.67	12	2	263	3223	3.7170279	273	0.1644493
r-75-1	1	0.67	12	3	131	1902	1.7805614	272	0.0697684
r-75-1	1	0.67	12	3	263	3424	3.7036957	254	0.1323133
r-75-1	1	0.67	24	1	131	1925	1.7091075	108	0.0315654
r-75-1	1	0.67	24	1	263	3288	4.388205	48	0.0241388
r-75-1	1	0.67	24	2	131	1949	4.7308831	6465	2.6316497
r-75-1	1	0.67	24	2	263	3366	5.226415	14	0.0105495
r-75-1	1	0.67	24	3	131	2133	2.5564116	143	0.0530143
r-75-1	1	0.67	24	3	263	3427	6.0393654	23	0.0166675
r-75-1	1	1	12	1	131	1965	1.9887314	2743	0.7090952
r-75-1	1	1	12	1	263	3331	5.4219732	2768	1.88349
r-75-1	1	1	12	2	131	2102	1.5522331	1577	0.3522604
r-75-1	1	1	12	2	263	3523	7.3910468	6731	4.1779686
r-75-1	1	1	12	3	131	2144	1.760546	2517	0.5716011
r-75-1	1	1	12	3	263	3554	4.5748719	2842	1.5908752
r-75-1	1	1	24	1	131	1996	1.4536132	788	0.181091
r-75-1	1	1	24	1	263	3336	3.2668978	0	0
r-75-1	1	1	24	2	131	2050	1.9226862	3304	0.7637558
r-75-1	1	1	24	2	263	3561	4.1647888	2353	1.3559754
r-75-1	1	1	24	3	131	2199	1.5976773	2407	0.5000701
r-75-1	1	1	24	3	263	3604	5.543179	5872	2.9690689
r-75-1	1	1.33	12	1	131	2194	1.850272	2375	0.5806343
r-75-1	1	1.33	12	1	263	3701	5.2263747	2700	1.8001172
r-75-1	1	1.33	12	2	131	2485	1.7193394	2414	0.5235124
r-75-1	1	1.33	12	2	263	3993	3.5096322	773	0.3602666
r-75-1	1	1.33	12	3	131	2607	1.4684939	1283	0.2781951
r-75-1	1	1.33	12	3	263	4153	5.3487858	4214	2.3911243
r-75-1	1	1.33	24	1	131	2086	1.3478619	314	0.0763548
r-75-1	1	1.33	24	1	263	3621	5.0578617	2680	1.7407476
r-75-1	1	1.33	24	2	131	2311	1.1557805	144	0.030474
r-75-1	1	1.33	24	2	263	4020	2.7905806	0	0
r-75-1	1	1.33	24	3	131	2709	1.8271975	3406	0.7209281
r-75-1	1	1.33	24	3	263	4269	3.2287338	1261	0.6139475
r-75-1	2	0.67	12	1	131	2059	2.1821554	2081	0.6231803
r-75-1	2	0.67	12	1	263	3325	5.1110896	3023	1.9000602
r-75-1	2	0.67	12	2	131	2136	1.8197632	422	0.1276977
r-75-1	2	0.67	12	2	263	3388	4.2962593	1590	0.9807189
r-75-1	2	0.67	12	3	131	2159	1.8130695	188	0.0537608
r-75-1	2	0.67	12	3	263	3457	4.0812931	1200	0.7334974
r-75-1	2	0.67	24	1	131	2139	2.0333957	510	0.1735034
r-75-1	2	0.67	24	1	263	3533	7.3600397	4103	3.2767996
r-75-1	2	0.67	24	2	131	2393	2.5532988	487	0.2036557
r-75-1	2	0.67	24	2	263	3589	4.8165906	25	0.018344
r-75-1	2	0.67	24	3	131	2465	2.8772244	39	0.0209946
r-75-1	2	0.67	24	3	263	3679	8.802249	3366	3.508836
r-75-1	2	1	12	1	131	2303	1.4164901	341	0.0685722
r-75-1	2	1	12	1	263	3687	4.312531	1314	0.8397123
r-75-1	2	1	12	2	131	2439	1.4692195	940	0.2188214
r-75-1	2	1	12	2	263	3757	3.0230525	39	0.0071104
r-75-1	2	1	12	3	131	2507	1.7840413	2402	0.5527528
r-75-1	2	1	12	3	263	3813	7.346398	8282	4.5327492
r-75-1	2	1	24	1	131	2297	1.4839074	510	0.1187141
r-75-1	2	1	24	1	263	3573	4.7110539	1713	1.1744937
r-75-1	2	1	24	2	131	2627	1.4608323	728	0.170054
r-75-1	2	1	24	2	263	3938	6.7225301	6023	3.5319012
r-75-1	2	1	24	3	131	3020	1.5915701	1410	0.3332223
r-75-1	2	1	24	3	263	3939	2.9746646	362	0.1101206
r-75-1	2	1.33	12	1	131	2690	1.4862414	563	0.1313422
r-75-1	2	1.33	12	1	263	4190	3.5909429	334	0.1741166
r-75-1	2	1.33	12	2	131	2890	1.2816876	56	0.0099267
r-75-1	2	1.33	12	2	263	4365	3.5403649	1140	0.5501506
r-75-1	2	1.33	12	3	131	2899	1.3405203	516	0.113794
r-75-1	2	1.33	12	3	263	4433	6.0575459	6050	3.2317558
r-75-1	2	1.33	24	1	131	2554	1.4971014	395	0.0990467
r-75-1	2	1.33	24	1	263	4124	4.8552013	1953	1.3009638
r-75-1	2	1.33	24	2	131	3063	1.8439386	2211	0.5438034
r-75-1	2	1.33	24	2	263	4646	4.6116916	2707	1.5065009
r-75-1	2	1.33	24	3	131	3655	2.9013403	6804	1.6710256
r-75-1	2	1.33	24	3	263	4846	3.6678094	1820	0.929553
r-75-2	1	0.67	12	1	127	1753	2.4633831	1255	0.4686011
r-75-2	1	0.67	12	1	254	3143	3.864614	261	0.1368974
r-75-2	1	0.67	12	2	127	1788	3.931725	3702	1.6398554
r-75-2	1	0.67	12	2	254	3183	4.3350387	548	0.3712361
r-75-2	1	0.67	12	3	127	1796	2.5844387	393	0.1697925
r-75-2	1	0.67	12	3	254	3147	4.2406753	358	0.2270797
r-75-2	1	0.67	24	1	127	1813	2.442031	55	0.0208935
r-75-2	1	0.67	24	1	254	3136	5.4599067	631	0.5707269
r-75-2	1	0.67	24	2	127	1830	4.580858	2493	1.5063078
r-75-2	1	0.67	24	2	254	3268	10.6399955	4278	4.87266
r-75-2	1	0.67	24	3	127	1876	4.2474357	1105	0.7437489
r-75-2	1	0.67	24	3	254	3276	6.6705382	72	0.0512423
r-75-2	1	1	12	1	127	1877	3.0224351	5283	1.5426118
r-75-2	1	1	12	1	254	3245	3.5972368	31	0.0102642
r-75-2	1	1	12	2	127	1904	1.7737118	1628	0.4261032
r-75-2	1	1	12	2	254	3371	4.3485506	1953	1.1820669
r-75-2	1	1	12	3	127	1975	2.2227293	3577	0.9102712
r-75-2	1	1	12	3	254	3462	3.28728	729	0.3558554
r-75-2	1	1	24	1	127	1813	2.7719025	4181	1.2415048
r-75-2	1	1	24	1	254	3169	3.7789157	446	0.2515653
r-75-2	1	1	24	2	127	1973	1.7799544	1478	0.3928625
r-75-2	1	1	24	2	254	3342	3.1746484	122	0.0463427
r-75-2	1	1	24	3	127	2025	1.3782898	194	0.0482788
r-75-2	1	1	24	3	254	3440	2.8583298	28	0.010874
r-75-2	1	1.33	12	1	127	2093	3.6199052	7696	2.2003954
r-75-2	1	1.33	12	1	254	3655	4.5239911	1757	1.1389959
r-75-2	1	1.33	12	2	127	2312	1.6277617	1313	0.3203098
r-75-2	1	1.33	12	2	254	3987	4.7275346	2851	1.7057717
r-75-2	1	1.33	12	3	127	2435	3.5660888	9391	2.3022426
r-75-2	1	1.33	12	3	254	4059	3.097789	659	0.3101778
r-75-2	1	1.33	24	1	127	2026	1.8655309	1452	0.4280943
r-75-2	1	1.33	24	1	254	3556	3.848086	888	0.5202715
r-75-2	1	1.33	24	2	127	2283	1.3966393	348	0.0883647
r-75-2	1	1.33	24	2	254	3893	3.6466991	1410	0.7748508
r-75-2	1	1.33	24	3	127	2416	1.292793	245	0.0563443
r-75-2	1	1.33	24	3	254	4152	3.8429278	2475	1.2547628
r-75-2	2	0.67	12	1	127	1933	3.2674915	4153	1.4669363
r-75-2	2	0.67	12	1	254	3258	3.3467095	409	0.2044695
r-75-2	2	0.67	12	2	127	2069	2.1511108	567	0.1928321
r-75-2	2	0.67	12	2	254	3271	4.2188011	1433	0.8908106
r-75-2	2	0.67	12	3	127	2044	2.1796317	337	0.1045758
r-75-2	2	0.67	12	3	254	3281	3.498074	245	0.121258
r-75-2	2	0.67	24	1	127	1900	3.131233	1870	0.8382574
r-75-2	2	0.67	24	1	254	3340	4.2080926	148	0.0846632
r-75-2	2	0.67	24	2	127	2095	3.45073	1163	0.6417226
r-75-2	2	0.67	24	2	254	3466	5.1871065	362	0.3104104
r-75-2	2	0.67	24	3	127	2208	5.3992112	3560	2.2030438
r-75-2	2	0.67	24	3	254	3546	10.7675442	4949	5.275462
r-75-2	2	1	12	1	127	2155	3.6124454	7253	2.1155983
r-75-2	2	1	12	1	254	3500	4.9841	2234	1.5310007
r-75-2	2	1	12	2	127	2387	1.3176859	112	0.019513
r-75-2	2	1	12	2	254	3555	3.2342282	591	0.2790073
r-75-2	2	1	12	3	127	2419	2.0073748	3172	0.7569996
r-75-2	2	1	12	3	254	3584	3.0470776	734	0.2941279
r-75-2	2	1	24	1	127	2028	1.9203172	1257	0.3861789
r-75-2	2	1	24	1	254	3538	4.1592658	1000	0.6175195
r-75-2	2	1	24	2	127	2440	2.6204946	4355	1.1877214
r-75-2	2	1	24	2	254	3862	6.4330362	5170	3.2370909
r-75-2	2	1	24	3	127	2673	1.7146379	1602	0.3962918
r-75-2	2	1	24	3	254	3883	3.0226217	339	0.1475441
r-75-2	2	1.33	12	1	127	2397	1.7777951	986	0.2826257
r-75-2	2	1.33	12	1	254	4041	4.7331705	2084	1.3222577
r-75-2	2	1.33	12	2	127	2817	1.3899274	375	0.0707709
r-75-2	2	1.33	12	2	254	4153	3.9974061	1772	1.0331577
r-75-2	2	1.33	12	3	127	2870	1.7413621	1966	0.4708121
r-75-2	2	1.33	12	3	254	4248	2.7617214	33	0.0059266
r-75-2	2	1.33	24	1	127	2304	1.4917886	0	0
r-75-2	2	1.33	24	1	254	4046	3.944086	721	0.4468653
r-75-2	2	1.33	24	2	127	2779	2.2681696	3227	0.8770763
r-75-2	2	1.33	24	2	254	4561	3.6148427	858	0.413118
r-75-2	2	1.33	24	3	127	3323	3.0973836	6974	1.7872661
r-75-2	2	1.33	24	3	254	4733	4.275285	2729	1.4366493
r-75-3	1	0.67	13	1	131	1770	1.7253333	718	0.1779039
r-75-3	1	0.67	13	1	262	3121	3.6467635	143	0.0495166
r-75-3	1	0.67	13	2	131	1796	2.0544931	1401	0.4170946
r-75-3	1	0.67	13	2	262	3167	3.7458038	79	0.0318046
r-75-3	1	0.67	13	3	131	1789	1.8467341	652	0.1679125
r-75-3	1	0.67	13	3	262	3153	3.8019318	75	0.0292104
r-75-3	1	0.67	26	1	131	1888	1.8058208	324	0.0873671
r-75-3	1	0.67	26	1	262	3159	4.522056	130	0.062587
r-75-3	1	0.67	26	2	131	1866	2.1826608	257	0.0856348
r-75-3	1	0.67	26	2	262	3207	9.5687364	4294	4.3854304
r-75-3	1	0.67	26	3	131	1807	3.6892964	2753	1.298974
r-75-3	1	0.67	26	3	262	3285	7.7234277	1500	1.7523726
r-75-3	1	1	13	1	131	1854	1.5696948	853	0.2240383
r-75-3	1	1	13	1	262	3195	4.1488161	764	0.4784433
r-75-3	1	1	13	2	131	1906	1.2409933	189	0.0330088
r-75-3	1	1	13	2	262	3326	4.6891694	2636	1.5418227
r-75-3	1	1	13	3	131	1933	1.2335475	324	0.058438
r-75-3	1	1	13	3	262	3346	5.3012334	4263	2.3984877
r-75-3	1	1	26	1	131	1878	1.2871294	170	0.0418842
r-75-3	1	1	26	1	262	3158	4.6460303	2059	1.3107322
r-75-3	1	1	26	2	131	1942	1.2096615	513	0.1200749
r-75-3	1	1	26	2	262	3388	6.7063742	6765	3.8407794
r-75-3	1	1	26	3	131	2141	1.9789366	4578	0.9432145
r-75-3	1	1	26	3	262	3451	2.7013901	83	0.0252653
r-75-3	1	1.33	13	1	131	2176	1.3598045	50	0.0102251
r-75-3	1	1.33	13	1	262	3630	6.4419104	4244	2.9145219
r-75-3	1	1.33	13	2	131	2326	1.6801458	1794	0.4285708
r-75-3	1	1.33	13	2	262	3840	3.4873988	698	0.3943619
r-75-3	1	1.33	13	3	131	2374	2.9170999	7244	1.7190352
r-75-3	1	1.33	13	3	262	4049	3.2752739	897	0.4080125
r-75-3	1	1.33	26	1	131	2048	2.5564262	5226	1.3045903
r-75-3	1	1.33	26	1	262	3420	3.7869491	741	0.4328704
r-75-3	1	1.33	26	2	131	2306	2.1689951	4639	1.0289658
r-75-3	1	1.33	26	2	262	3803	5.8585346	5026	2.8951346
r-75-3	1	1.33	26	3	131	2488	1.217703	815	0.1545696
r-75-3	1	1.33	26	3	262	3964	2.7707659	382	0.1440256
r-75-3	2	0.67	13	1	131	1947	1.7137652	267	0.0672879
r-75-3	2	0.67	13	1	262	3251	4.2268149	1465	0.9104304
r-75-3	2	0.67	13	2	131	1965	1.8938646	439	0.134069
r-75-3	2	0.67	13	2	262	3271	3.9426214	865	0.5375964
r-75-3	2	0.67	13	3	131	1986	1.9680733	347	0.0957967
r-75-3	2	0.67	13	3	262	3308	3.5706266	179	0.0759569
r-75-3	2	0.67	26	1	131	2168	2.1386389	504	0.1671753
r-75-3	2	0.67	26	1	262	3400	5.8950247	1853	1.5399006
r-75-3	2	0.67	26	2	131	2232	2.4881679	347	0.1500808
r-75-3	2	0.67	26	2	262	3485	5.5275673	579	0.4927596
r-75-3	2	0.67	26	3	131	2325	2.9322581	202	0.0888836
r-75-3	2	0.67	26	3	262	3497	9.1722246	2984	3.3662686
r-75-3	2	1	13	1	131	2096	1.7268797	1058	0.2665289
r-75-3	2	1	13	1	262	3410	4.8420966	1986	1.3391286
r-75-3	2	1	13	2	131	2186	1.3679755	301	0.0522664
r-75-3	2	1	13	2	262	3564	3.9106932	1765	0.9422944
r-75-3	2	1	13	3	131	2293	2.366709	4531	1.1154883
r-75-3	2	1	13	3	262	3586	5.5090018	5057	2.7397963
r-75-3	2	1	26	1	131	2253	2.4702202	4078	1.0884404
r-75-3	2	1	26	1	262	3535	5.3967555	2296	1.6111645
r-75-3	2	1	26	2	131	2556	1.9326775	2694	0.6740642
r-75-3	2	1	26	2	262	3763	3.6674538	883	0.4085036
r-75-3	2	1	26	3	131	2593	2.0455489	3553	0.842716
r-75-3	2	1	26	3	262	3763	3.0875304	401	0.1316291
r-75-3	2	1.33	13	1	131	2506	3.6192336	7258	2.1276643
r-75-3	2	1.33	13	1	262	4026	5.6766901	3272	2.1610724
r-75-3	2	1.33	13	2	131	2682	1.9484493	2312	0.6017761
r-75-3	2	1.33	13	2	262	4140	3.1477196	450	0.1866064
r-75-3	2	1.33	13	3	131	2693	1.8590324	2463	0.6015607
r-75-3	2	1.33	13	3	262	4231	2.8139483	335	0.0756273
r-75-3	2	1.33	26	1	131	2474	1.9006616	1865	0.5018183
r-75-3	2	1.33	26	1	262	3956	6.6691818	4288	3.0342674
r-75-3	2	1.33	26	2	131	2886	1.9254442	2682	0.6605284
r-75-3	2	1.33	26	2	262	4505	5.5596052	3737	2.2875538
r-75-3	2	1.33	26	3	131	3161	1.8634617	2795	0.6636961
r-75-3	2	1.33	26	3	262	4626	6.5820852	6946	3.6713606
r-75-4	1	0.67	12	1	133	1806	2.2122258	1414	0.476866
r-75-4	1	0.67	12	1	266	3151	5.024057	2021	1.375905
r-75-4	1	0.67	12	2	133	1870	2.0259289	559	0.1885204
r-75-4	1	0.67	12	2	266	3196	3.7373144	31	0.0111609
r-75-4	1	0.67	12	3	133	1895	2.3743667	1344	0.4769681
r-75-4	1	0.67	12	3	266	3220	3.7553969	63	0.0221074
r-75-4	1	0.67	24	1	133	1985	2.5903261	1451	0.5525736
r-75-4	1	0.67	24	1	266	3266	5.0280385	334	0.2615904
r-75-4	1	0.67	24	2	133	1909	4.7087591	4483	2.2118794
r-75-4	1	0.67	24	2	266	3269	8.4475884	2339	2.6727962
r-75-4	1	0.67	24	3	133	2123	4.33419	2438	1.4274359
r-75-4	1	0.67	24	3	266	3345	10.3961857	2994	3.7296261
r-75-4	1	1	12	1	133	1917	1.6775958	1290	0.3274181
r-75-4	1	1	12	1	266	3323	4.6774207	1494	0.9873871
r-75-4	1	1	12	2	133	1939	1.3118121	351	0.0724333
r-75-4	1	1	12	2	266	3400	3.6346883	758	0.4066124
r-75-4	1	1	12	3	133	1973	2.063543	3595	0.8404135
r-75-4	1	1	12	3	266	3432	8.8123894	10201	5.8552837
r-75-4	1	1	24	1	133	1936	1.4222859	122	0.0333727
r-75-4	1	1	24	1	266	3200	6.0848003	4116	2.7176605
r-75-4	1	1	24	2	133	2139	3.2934145	8420	2.0609578
r-75-4	1	1	24	2	266	3383	4.6769923	3014	1.7004587
r-75-4	1	1	24	3	133	2140	1.1672864	23	0.0076847
r-75-4	1	1	24	3	266	3475	5.307469	5158	2.659486
r-75-4	1	1.33	12	1	133	2264	1.7723984	1624	0.4226418
r-75-4	1	1.33	12	1	266	3659	4.7705767	1676	1.1722699
r-75-4	1	1.33	12	2	133	2272	1.4967847	1088	0.2550086
r-75-4	1	1.33	12	2	266	3893	3.2489175	248	0.1175087
r-75-4	1	1.33	12	3	133	2455	1.5706377	1586	0.3606522
r-75-4	1	1.33	12	3	266	4060	3.2035139	530	0.2297057
r-75-4	1	1.33	24	1	133	2065	1.6205676	1020	0.2663225
r-75-4	1	1.33	24	1	266	3514	6.2261282	4284	2.8745974
r-75-4	1	1.33	24	2	133	2361	1.8907133	2733	0.65068
r-75-4	1	1.33	24	2	266	3726	2.9384331	28	0.012264
r-75-4	1	1.33	24	3	133	2566	1.2984739	681	0.1516533
r-75-4	1	1.33	24	3	266	4174	5.3696058	5304	2.7413604
r-75-4	2	0.67	12	1	133	2103	2.0468396	1242	0.4059332
r-75-4	2	0.67	12	1	266	3241	3.3376026	247	0.1119756
r-75-4	2	0.67	12	2	133	2129	2.655631	2503	0.8846235
r-75-4	2	0.67	12	2	266	3307	6.6578464	5112	3.343345
r-75-4	2	0.67	12	3	133	2154	2.4954202	1886	0.6775107
r-75-4	2	0.67	12	3	266	3347	4.8763967	2412	1.5218379
r-75-4	2	0.67	24	1	133	2150	2.5994595	1424	0.5583742
r-75-4	2	0.67	24	1	266	3432	4.3608722	71	0.0371502
r-75-4	2	0.67	24	2	133	2344	2.8561875	550	0.2485309
r-75-4	2	0.67	24	2	266	3507	9.5144289	4223	4.2632518
r-75-4	2	0.67	24	3	133	2413	4.3413637	1983	1.2210238
r-75-4	2	0.67	24	3	266	3539	9.7055061	3607	3.9597766
r-75-4	2	1	12	1	133	2311	1.7418365	1096	0.2948961
r-75-4	2	1	12	1	266	3463	3.792212	331	0.1504929
r-75-4	2	1	12	2	133	2587	3.593144	8764	2.28615
r-75-4	2	1	12	2	266	3603	3.2144753	428	0.1529301
r-75-4	2	1	12	3	133	2581	1.3825973	576	0.115213
r-75-4	2	1	12	3	266	3615	3.2082349	892	0.3364215
r-75-4	2	1	24	1	133	2194	1.564578	342	0.0841717
r-75-4	2	1	24	1	266	3480	5.6270689	2788	1.9488567
r-75-4	2	1	24	2	133	2545	3.7586581	9154	2.428258
r-75-4	2	1	24	2	266	3766	5.3062543	3301	1.9547698
r-75-4	2	1	24	3	133	2849	3.5408742	8490	2.2152663
r-75-4	2	1	24	3	266	3873	4.0254364	2025	1.0648064
r-75-4	2	1.33	12	1	133	2666	1.703429	936	0.244896
r-75-4	2	1.33	12	1	266	4002	4.9271804	1962	1.3118152
r-75-4	2	1.33	12	2	133	2815	1.9407443	2353	0.6195329
r-75-4	2	1.33	12	2	266	4153	3.1013299	48	0.0088452
r-75-4	2	1.33	12	3	133	3167	1.4970724	1004	0.2172582
r-75-4	2	1.33	12	3	266	4245	3.0050662	333	0.1265832
r-75-4	2	1.33	24	1	133	2598	1.6023942	504	0.1436583
r-75-4	2	1.33	24	1	266	3905	5.6267461	2695	1.924033
r-75-4	2	1.33	24	2	133	2961	1.495106	633	0.1499664
r-75-4	2	1.33	24	2	266	4522	5.4107537	3752	2.1524083
r-75-4	2	1.33	24	3	133	3457	2.7977875	5847	1.514174
r-75-4	2	1.33	24	3	266	4690	5.6318475	5178	2.7551562
r-75-5	1	0.67	12	1	124	1647	3.2441439	6440	1.8045848
r-75-5	1	0.67	12	1	249	3122	3.5620161	147	0.0542308
r-75-5	1	0.67	12	2	124	1688	2.5241014	3215	0.9811612
r-75-5	1	0.67	12	2	249	3219	3.6857369	105	0.0419653
r-75-5	1	0.67	12	3	124	1687	2.2704304	2093	0.6689931
r-75-5	1	0.67	12	3	249	3175	4.3285571	910	0.6151424
r-75-5	1	0.67	25	1	124	1794	2.6525923	3344	1.0548222
r-75-5	1	0.67	25	1	249	3196	4.4511853	134	0.0680782
r-75-5	1	0.67	25	2	124	1795	2.8539727	2599	0.9592058
r-75-5	1	0.67	25	2	249	3134	5.3861125	338	0.3016046
r-75-5	1	0.67	25	3	124	1903	2.578761	922	0.374944
r-75-5	1	0.67	25	3	249	3346	8.57702	2525	2.8480407
r-75-5	1	1	12	1	124	1686	1.2362597	456	0.0954537
r-75-5	1	1	12	1	249	3318	5.5928695	3625	2.3157022
r-75-5	1	1	12	2	124	1788	1.0879759	218	0.0407303
r-75-5	1	1	12	2	249	3443	3.6850561	1470	0.7807458
r-75-5	1	1	12	3	124	1863	1.2325886	1164	0.2195978
r-75-5	1	1	12	3	249	3517	3.0894842	900	0.4065241
r-75-5	1	1	25	1	124	1774	1.1513459	223	0.0476914
r-75-5	1	1	25	1	249	3270	5.5545877	4088	2.449096
r-75-5	1	1	25	2	124	1869	1.0284826	271	0.0503308
r-75-5	1	1	25	2	249	3446	4.5683381	3436	1.804981
r-75-5	1	1	25	3	124	1892	1.1782982	1261	0.2287977
r-75-5	1	1	25	3	249	3600	4.1598393	3599	1.6800375
r-75-5	1	1.33	12	1	124	1970	1.706321	2308	0.533308
r-75-5	1	1.33	12	1	249	3598	3.3581443	254	0.0827708
r-75-5	1	1.33	12	2	124	2131	2.3701415	6271	1.3126545
r-75-5	1	1.33	12	2	249	4010	3.5511187	1110	0.6074116
r-75-5	1	1.33	12	3	124	2276	1.5779695	2912	0.5778563
r-75-5	1	1.33	12	3	249	4154	5.7896493	5944	3.0657466
r-75-5	1	1.33	25	1	124	1850	1.3046142	835	0.1772953
r-75-5	1	1.33	25	1	249	3465	5.346776	3610	2.1987884
r-75-5	1	1.33	25	2	124	2117	1.2454879	1349	0.265057
r-75-5	1	1.33	25	2	249	3863	7.0183848	8278	4.3572243
r-75-5	1	1.33	25	3	124	2260	0.9690917	223	0.0403627
r-75-5	1	1.33	25	3	249	4288	4.4638023	4226	2.0004834
r-75-5	2	0.67	12	1	124	1778	1.4718987	237	0.0584856
r-75-5	2	0.67	12	1	249	3385	5.2594728	3464	2.0783793
r-75-5	2	0.67	12	2	124	1836	2.3103657	2372	0.716756
r-75-5	2	0.67	12	2	249	3413	3.3198712	80	0.0327291
r-75-5	2	0.67	12	3	124	1974	4.461355	8587	2.8361106
r-75-5	2	0.67	12	3	249	3469	6.1855105	4417	2.8670712
r-75-5	2	0.67	25	1	124	1933	1.6920213	70	0.0224443
r-75-5	2	0.67	25	1	249	3453	4.1430661	373	0.216824
r-75-5	2	0.67	25	2	124	2120	3.8034237	4046	1.6911156
r-75-5	2	0.67	25	2	249	3583	4.7118997	125	0.074687
r-75-5	2	0.67	25	3	124	2239	3.1058713	1198	0.5619995
r-75-5	2	0.67	25	3	249	3565	8.3701624	3085	3.106381
r-75-5	2	1	12	1	124	2083	1.9052608	3036	0.697119
r-75-5	2	1	12	1	249	3669	4.0397353	1359	0.8110779
r-75-5	2	1	12	2	124	2291	1.3632575	1186	0.2473152
r-75-5	2	1	12	2	249	3793	4.3614924	3080	1.586404
r-75-5	2	1	12	3	124	2194	1.1280446	338	0.0547254
r-75-5	2	1	12	3	249	3762	2.5978966	132	0.023901
r-75-5	2	1	25	1	124	2088	1.7770187	2628	0.6047791
r-75-5	2	1	25	1	249	3544	3.6279842	568	0.3021933
r-75-5	2	1	25	2	124	2182	1.2062217	579	0.1124552
r-75-5	2	1	25	2	249	3871	3.896565	1405	0.7917347
r-75-5	2	1	25	3	124	2527	2.7072226	7909	1.6549999
r-75-5	2	1	25	3	249	3877	2.8308281	205	0.0820937
r-75-5	2	1.33	12	1	124	2366	1.7846739	2355	0.5617184
r-75-5	2	1.33	12	1	249	4077	3.2287125	137	0.0373579
r-75-5	2	1.33	12	2	124	2647	2.0441449	4043	0.9045584
r-75-5	2	1.33	12	2	249	4355	2.9689147	483	0.1840874
r-75-5	2	1.33	12	3	124	2790	1.8762395	3751	0.7840362
r-75-5	2	1.33	12	3	249	4444	3.7687754	2287	1.1549274
r-75-5	2	1.33	25	1	124	2238	1.9984031	3295	0.7759745
r-75-5	2	1.33	25	1	249	3990	4.8993566	2225	1.451074
r-75-5	2	1.33	25	2	124	2623	2.4101929	5818	1.2965165
r-75-5	2	1.33	25	2	249	4508	3.809164	1298	0.7128399
r-75-5	2	1.33	25	3	124	2887	1.2660959	860	0.1725544
r-75-5	2	1.33	25	3	249	4715	3.7250061	1759	0.8987354
r-100-1	1	0.67	12	1	146	2463	3.9139934	123	0.0628666
r-100-1	1	0.67	12	1	292	4327	12.1421727	1397	2.5953521
r-100-1	1	0.67	12	2	146	2564	6.2073306	2881	2.2459233
r-100-1	1	0.67	12	2	292	4442	13.1877509	1957	3.5933941
r-100-1	1	0.67	12	3	146	2562	5.2285271	1471	1.1360298
r-100-1	1	0.67	12	3	292	4578	12.6151083	1655	3.0113628
r-100-1	1	0.67	25	1	146	2470	4.4207648	522	0.3647956
r-100-1	1	0.67	25	1	292	4461	12.1193776	346	0.6725765
r-100-1	1	0.67	25	2	146	2530	4.975481	87	0.0642738
r-100-1	1	0.67	25	2	292	4382	23.5916009	4010	10.4576256
r-100-1	1	0.67	25	3	146	2624	5.4883146	243	0.1768443
r-100-1	1	0.67	25	3	292	4510	14.6141973	137	0.2212193
r-100-1	1	1	12	1	146	2559	2.967264	210	0.0845554
r-100-1	1	1	12	1	292	4472	8.5076647	163	0.1501563
r-100-1	1	1	12	2	146	2723	2.9165052	447	0.2084317
r-100-1	1	1	12	2	292	4822	11.997017	3473	4.8989097
r-100-1	1	1	12	3	146	2827	3.4081903	2224	1.0125821
r-100-1	1	1	12	3	292	4938	7.1152874	578	0.6170193
r-100-1	1	1	25	1	146	2536	5.5476569	5054	2.8016644
r-100-1	1	1	25	1	292	4557	8.1641708	278	0.3340279
r-100-1	1	1	25	2	146	2763	3.1980895	1468	0.7287244
r-100-1	1	1	25	2	292	4736	9.1721554	1817	2.3453573
r-100-1	1	1	25	3	146	2876	3.2823157	2036	0.920077
r-100-1	1	1	25	3	292	4763	7.246136	955	1.007483
r-100-1	1	1.33	12	1	146	2860	3.2066906	631	0.3398906
r-100-1	1	1.33	12	1	292	5107	14.0833301	3500	5.8507995
r-100-1	1	1.33	12	2	146	3247	4.5397942	3819	1.9485096
r-100-1	1	1.33	12	2	292	5459	7.856451	680	0.8211257
r-100-1	1	1.33	12	3	146	3344	4.1299109	3901	1.7810223
r-100-1	1	1.33	12	3	292	5871	6.9574308	470	0.498162
r-100-1	1	1.33	25	1	146	2765	4.8675576	3736	2.0666093
r-100-1	1	1.33	25	1	292	4614	7.9313487	16	0.019129
r-100-1	1	1.33	25	2	146	3114	3.9568702	3037	1.499695
r-100-1	1	1.33	25	2	292	5149	9.1059287	1999	2.5270415
r-100-1	1	1.33	25	3	146	3416	4.6344754	4958	2.3061678
r-100-1	1	1.33	25	3	292	5450	6.0788867	18	0.0087669
r-100-1	2	0.67	12	1	146	2663	3.9128981	789	0.489141
r-100-1	2	0.67	12	1	292	4563	10.0894161	1223	1.842264
r-100-1	2	0.67	12	2	146	2718	3.9269297	173	0.1009515
r-100-1	2	0.67	12	2	292	4649	8.2439061	167	0.1488449
r-100-1	2	0.67	12	3	146	2703	4.0049132	140	0.0874179
r-100-1	2	0.67	12	3	292	4661	9.0927975	889	1.3048588
r-100-1	2	0.67	25	1	146	2685	4.892662	1032	0.8291915
r-100-1	2	0.67	25	1	292	4649	14.7257067	2164	4.4107923
r-100-1	2	0.67	25	2	146	2778	5.2179595	332	0.2504639
r-100-1	2	0.67	25	2	292	4760	26.1960467	6437	14.6547421
r-100-1	2	0.67	25	3	146	3028	9.4297451	3495	3.8245523
r-100-1	2	0.67	25	3	292	4770	18.1804783	2358	5.664517
r-100-1	2	1	12	1	146	2972	4.454705	2596	1.5029595
r-100-1	2	1	12	1	292	4908	8.3182408	55	0.0405761
r-100-1	2	1	12	2	146	3122	4.8367216	4150	2.1592239
r-100-1	2	1	12	2	292	5042	6.9347607	196	0.0966223
r-100-1	2	1	12	3	146	3142	3.3597496	1811	0.8635887
r-100-1	2	1	12	3	292	5079	6.2175961	467	0.3438462
r-100-1	2	1	25	1	146	2835	2.9839696	115	0.0546292
r-100-1	2	1	25	1	292	4715	9.1433412	659	0.897063
r-100-1	2	1	25	2	146	3101	2.8861305	397	0.1767643
r-100-1	2	1	25	2	292	5108	10.9666281	2352	3.3261517
r-100-1	2	1	25	3	146	3515	3.7421886	2292	1.137978
r-100-1	2	1	25	3	292	5146	8.0435701	1069	1.0491041
r-100-1	2	1.33	12	1	146	3371	4.1830542	1912	1.1608041
r-100-1	2	1.33	12	1	292	5548	14.4445933	4011	6.2035892
r-100-1	2	1.33	12	2	146	3606	3.6734997	1870	0.9855037
r-100-1	2	1.33	12	2	292	5901	6.9499894	213	0.1388786
r-100-1	2	1.33	12	3	146	3778	3.4516313	1868	0.9500029
r-100-1	2	1.33	12	3	292	6051	6.0192856	59	0.0187124
r-100-1	2	1.33	25	1	146	3288	4.6915875	3064	1.7655019
r-100-1	2	1.33	25	1	292	5358	10.621201	1536	2.4785768
r-100-1	2	1.33	25	2	146	3619	4.0698457	2651	1.3810311
r-100-1	2	1.33	25	2	292	6056	7.9848251	557	0.5846383
r-100-1	2	1.33	25	3	146	4247	7.3872045	9434	4.74937
r-100-1	2	1.33	25	3	292	6272	8.6860439	1218	1.6884496
r-100-2	1	0.67	12	1	139	2555	6.9472847	4685	3.360342
r-100-2	1	0.67	12	1	278	4226	9.3495446	364	0.5496887
r-100-2	1	0.67	12	2	139	2583	5.4852252	2389	1.7073947
r-100-2	1	0.67	12	2	278	4278	9.7753393	446	0.6209975
r-100-2	1	0.67	12	3	139	2654	3.8025907	94	0.0483052
r-100-2	1	0.67	12	3	278	4330	10.3482223	787	1.3037344
r-100-2	1	0.67	25	1	139	2475	3.912318	440	0.2946284
r-100-2	1	0.67	25	1	278	4246	10.7435062	218	0.3735681
r-100-2	1	0.67	25	2	139	2512	4.6691445	470	0.3477772
r-100-2	1	0.67	25	2	278	4317	12.6550305	268	0.5798472
r-100-2	1	0.67	25	3	139	2615	5.2409839	361	0.3162267
r-100-2	1	0.67	25	3	278	4359	13.8684796	337	0.7403899
r-100-2	1	1	12	1	139	2692	4.5789366	4293	2.1108033
r-100-2	1	1	12	1	278	4332	7.6558489	496	0.5982031
r-100-2	1	1	12	2	139	2793	2.3145972	137	0.048338
r-100-2	1	1	12	2	278	4552	17.4142609	9391	11.2723179
r-100-2	1	1	12	3	139	2860	4.5157476	6134	2.4671104
r-100-2	1	1	12	3	278	4637	9.8902466	3912	4.1862599
r-100-2	1	1	25	1	139	2444	2.5504109	188	0.0901762
r-100-2	1	1	25	1	278	4053	7.2256831	612	0.7623948
r-100-2	1	1	25	2	139	2519	2.2862401	244	0.1046333
r-100-2	1	1	25	2	278	4108	6.2604467	704	0.720218
r-100-2	1	1	25	3	139	2770	2.1252334	212	0.0738964
r-100-2	1	1	25	3	278	4462	7.5502977	2260	2.2998246
r-100-2	1	1.33	12	1	139	2925	2.524888	166	0.061988
r-100-2	1	1.33	12	1	278	4816	10.1789831	2447	3.2451643
r-100-2	1	1.33	12	2	139	3286	2.2934007	357	0.1126253
r-100-2	1	1.33	12	2	278	5293	7.4794116	1213	1.3313344
r-100-2	1	1.33	12	3	139	3350	2.4129954	1009	0.3625094
r-100-2	1	1.33	12	3	278	5424	10.3511623	4596	4.8934487
r-100-2	1	1.33	25	1	139	2695	2.8106647	859	0.4129986
r-100-2	1	1.33	25	1	278	4276	6.2505669	0	0
r-100-2	1	1.33	25	2	139	2909	2.1790545	96	0.0402422
r-100-2	1	1.33	25	2	278	4806	7.0272866	1284	1.3940112
r-100-2	1	1.33	25	3	139	3112	2.3190826	797	0.3012047
r-100-2	1	1.33	25	3	278	5284	5.2285841	171	0.0958721
r-100-2	2	0.67	12	1	139	2730	4.1125695	1553	0.9813532
r-100-2	2	0.67	12	1	278	4429	7.9843524	599	0.7363998
r-100-2	2	0.67	12	2	139	2734	3.5562587	294	0.1669233
r-100-2	2	0.67	12	2	278	4494	11.0189039	2317	3.4115702
r-100-2	2	0.67	12	3	139	2789	4.8470152	1751	1.2335912
r-100-2	2	0.67	12	3	278	4533	11.3761127	2294	3.418192
r-100-2	2	0.67	25	1	139	2694	3.751966	73	0.0438538
r-100-2	2	0.67	25	1	278	4443	10.23419	462	0.7533213
r-100-2	2	0.67	25	2	139	2812	5.6646774	1508	1.2506709
r-100-2	2	0.67	25	2	278	4616	20.9694816	4724	10.1591247
r-100-2	2	0.67	25	3	139	2935	5.1791165	95	0.0700064
r-100-2	2	0.67	25	3	278	4702	17.2479511	2377	5.3972374
r-100-2	2	1	12	1	139	3005	2.6959982	59	0.0213474
r-100-2	2	1	12	1	278	4714	7.5127628	250	0.215743
r-100-2	2	1	12	2	139	3040	2.4379082	200	0.0651707
r-100-2	2	1	12	2	278	4878	6.429467	323	0.1690239
r-100-2	2	1	12	3	139	3217	2.4978661	918	0.3410082
r-100-2	2	1	12	3	278	4932	7.1118796	1526	1.5178241
r-100-2	2	1	25	1	139	2877	2.7778262	343	0.1698733
r-100-2	2	1	25	1	278	4506	7.6513937	629	0.7134462
r-100-2	2	1	25	2	139	3133	3.5991552	2383	1.1423066
r-100-2	2	1	25	2	278	4916	9.7586784	2772	3.346535
r-100-2	2	1	25	3	139	3343	3.450557	2316	1.0769284
r-100-2	2	1	25	3	278	5042	6.7567616	606	0.5510135
r-100-2	2	1.33	12	1	139	3336	2.9063061	694	0.295046
r-100-2	2	1.33	12	1	278	5413	13.3795624	4219	6.2434854
r-100-2	2	1.33	12	2	139	3625	2.3524893	8	0.0024095
r-100-2	2	1.33	12	2	278	5712	6.2132713	222	0.11547
r-100-2	2	1.33	12	3	139	3860	2.9329171	1863	0.7776964
r-100-2	2	1.33	12	3	278	5848	6.0608016	620	0.5316734
r-100-2	2	1.33	25	1	139	3090	5.3289781	5118	2.6672354
r-100-2	2	1.33	25	1	278	5032	7.2421532	243	0.2353156
r-100-2	2	1.33	25	2	139	3408	2.7367714	747	0.356895
r-100-2	2	1.33	25	2	278	5651	10.3977345	3261	3.9354984
r-100-2	2	1.33	25	3	139	3912	2.3725036	90	0.0283117
r-100-2	2	1.33	25	3	278	6151	7.9315009	1584	1.7935787
r-100-3	1	0.67	12	1	145	2298	5.8686323	3825	2.5211374
r-100-3	1	0.67	12	1	290	4298	8.560502	145	0.164655
r-100-3	1	0.67	12	2	145	2457	4.8347245	1588	1.1221267
r-100-3	1	0.67	12	2	290	4466	10.9370943	1221	1.9794865
r-100-3	1	0.67	12	3	145	2329	4.0371819	143	0.0706182
r-100-3	1	0.67	12	3	290	4518	9.2728303	121	0.1180311
r-100-3	1	0.67	25	1	145	2264	3.6763238	224	0.1519344
r-100-3	1	0.67	25	1	290	4101	10.2017841	74	0.0917396
r-100-3	1	0.67	25	2	145	2444	4.4394294	178	0.109262
r-100-3	1	0.67	25	2	290	4432	12.5747465	435	0.8410339
r-100-3	1	0.67	25	3	145	2586	5.1731384	353	0.270993
r-100-3	1	0.67	25	3	290	4410	13.0209529	54	0.0719098
r-100-3	1	1	12	1	145	2413	5.7797089	6899	3.3171135
r-100-3	1	1	12	1	290	4495	11.3476651	2902	3.9895047
r-100-3	1	1	12	2	145	2600	6.7248796	10281	4.5206529
r-100-3	1	1	12	2	290	4781	13.1707628	5061	6.5400873
r-100-3	1	1	12	3	145	2619	2.4338016	946	0.352479
r-100-3	1	1	12	3	290	4947	6.7040898	758	0.7008003
r-100-3	1	1	25	1	145	2333	4.0502959	3076	1.5210699
r-100-3	1	1	25	1	290	4193	7.0593931	249	0.2677527
r-100-3	1	1	25	2	145	2512	2.3989869	322	0.1380857
r-100-3	1	1	25	2	290	4681	6.407239	575	0.5006269
r-100-3	1	1	25	3	145	2726	2.5681255	1159	0.4607655
r-100-3	1	1	25	3	290	4712	6.4763752	1096	0.9943709
r-100-3	1	1.33	12	1	145	2682	2.593885	408	0.1589975
r-100-3	1	1.33	12	1	290	5121	7.7544984	290	0.3535856
r-100-3	1	1.33	12	2	145	3105	3.1087207	2147	0.9241718
r-100-3	1	1.33	12	2	290	5577	14.7659609	6524	8.3155517
r-100-3	1	1.33	12	3	145	3134	2.6831428	1635	0.6437359
r-100-3	1	1.33	12	3	290	5758	6.6822528	892	0.8446139
r-100-3	1	1.33	25	1	145	2400	2.4826609	40	0.0220504
r-100-3	1	1.33	25	1	290	4436	6.8200931	58	0.0530889
r-100-3	1	1.33	25	2	145	2892	2.3646418	231	0.098345
r-100-3	1	1.33	25	2	290	5128	10.7412539	4183	4.9314566
r-100-3	1	1.33	25	3	145	3194	2.160668	98	0.0351974
r-100-3	1	1.33	25	3	290	5488	6.4208011	916	0.9166197
r-100-3	2	0.67	12	1	145	2574	4.6329838	2808	1.643132
r-100-3	2	0.67	12	1	290	4545	7.8735052	444	0.5524798
r-100-3	2	0.67	12	2	145	2745	4.6716803	2110	1.3849469
r-100-3	2	0.67	12	2	290	4709	9.015161	1157	1.5347012
r-100-3	2	0.67	12	3	145	2778	6.7098475	4506	3.1680762
r-100-3	2	0.67	12	3	290	4705	16.2459942	5682	8.6130528
r-100-3	2	0.67	25	1	145	2568	3.5502073	74	0.0463547
r-100-3	2	0.67	25	1	290	4711	11.8861363	1481	2.6410267
r-100-3	2	0.67	25	2	145	2717	4.4011318	181	0.1200862
r-100-3	2	0.67	25	2	290	4897	13.6451765	1660	3.1946711
r-100-3	2	0.67	25	3	145	3067	9.0814421	3938	3.9998645
r-100-3	2	0.67	25	3	290	4935	12.8408003	569	1.138768
r-100-3	2	1	12	1	145	2743	2.7172293	559	0.2109766
r-100-3	2	1	12	1	290	4852	7.8528258	345	0.3425796
r-100-3	2	1	12	2	145	3043	2.440524	263	0.0875184
r-100-3	2	1	12	2	290	5170	6.5940335	99	0.0431172
r-100-3	2	1	12	3	145	3219	3.0475998	2021	0.8544721
r-100-3	2	1	12	3	290	5339	9.8805539	3567	3.9401776
r-100-3	2	1	25	1	145	2694	2.7895892	262	0.1341876
r-100-3	2	1	25	1	290	4865	8.1134723	557	0.7222707
r-100-3	2	1	25	2	145	3060	3.3407932	1845	0.8684714
r-100-3	2	1	25	2	290	5384	10.0870515	2385	2.9624058
r-100-3	2	1	25	3	145	3370	3.4047607	2152	0.9625398
r-100-3	2	1	25	3	290	5430	7.6593519	953	0.9727853
r-100-3	2	1.33	12	1	145	3284	4.0680538	2922	1.49668
r-100-3	2	1.33	12	1	290	5699	9.8743808	1769	2.470574
r-100-3	2	1.33	12	2	145	3748	4.2301241	4062	1.8824048
r-100-3	2	1.33	12	2	290	6172	10.550592	3285	4.0398941
r-100-3	2	1.33	12	3	145	3811	2.2594961	293	0.0849689
r-100-3	2	1.33	12	3	290	6311	9.4326952	3208	3.5586895
r-100-3	2	1.33	25	1	145	2884	2.7080272	100	0.0456918
r-100-3	2	1.33	25	1	290	5442	9.1329418	1192	1.6735022
r-100-3	2	1.33	25	2	145	3664	2.7709071	589	0.2617144
r-100-3	2	1.33	25	2	290	6298	13.9902064	5277	6.9963013
r-100-3	2	1.33	25	3	145	4437	4.7287066	4671	2.2240841
r-100-3	2	1.33	25	3	290	6511	8.666439	1814	2.0226131
r-100-4	1	0.67	13	1	138	2252	7.1828083	5480	3.7210382
r-100-4	1	0.67	13	1	277	3935	8.8688964	13	0.012413
r-100-4	1	0.67	13	2	138	2272	4.2925667	799	0.5550959
r-100-4	1	0.67	13	2	277	4041	10.9763238	955	1.6849655
r-100-4	1	0.67	13	3	138	2288	5.3153225	1837	1.3920859
r-100-4	1	0.67	13	3	277	4094	9.8439348	326	0.4232619
r-100-4	1	0.67	27	1	138	2193	3.6854027	119	0.0641665
r-100-4	1	0.67	27	1	277	3894	14.0309019	2216	4.2576298
r-100-4	1	0.67	27	2	138	2415	5.6601174	1574	1.3015351
r-100-4	1	0.67	27	2	277	4044	11.519288	75	0.0972435
r-100-4	1	0.67	27	3	138	2515	8.1844681	3464	3.30166
r-100-4	1	0.67	27	3	277	4020	12.3726085	1	0.0011116
r-100-4	1	1	13	1	138	2367	3.8035742	2752	1.3190314
r-100-4	1	1	13	1	277	4070	17.1966686	6700	9.7057022
r-100-4	1	1	13	2	138	2487	2.4926822	555	0.2214367
r-100-4	1	1	13	2	277	4260	15.207294	6826	8.676455
r-100-4	1	1	13	3	138	2559	2.256666	356	0.1363159
r-100-4	1	1	13	3	277	4490	15.7135396	8755	9.9574258
r-100-4	1	1	27	1	138	2400	4.4899128	4701	2.1538639
r-100-4	1	1	27	1	277	3930	6.6818868	202	0.2223593
r-100-4	1	1	27	2	138	2426	2.7946523	2106	0.8162138
r-100-4	1	1	27	2	277	4169	6.8571048	1139	1.2619749
r-100-4	1	1	27	3	138	2554	1.8407858	65	0.0282507
r-100-4	1	1	27	3	277	4195	6.2163358	1200	1.1765574
r-100-4	1	1.33	13	1	138	2635	7.213809	9445	4.6939366
r-100-4	1	1.33	13	1	277	4618	8.4697422	801	1.0184139
r-100-4	1	1.33	13	2	138	2899	2.8234878	1241	0.5462359
r-100-4	1	1.33	13	2	277	4971	11.2229713	3762	4.6436415
r-100-4	1	1.33	13	3	138	3098	3.4557476	2643	1.1527777
r-100-4	1	1.33	13	3	277	5201	10.2388509	3833	4.4639392
r-100-4	1	1.33	27	1	138	2519	3.4611881	2314	1.0830212
r-100-4	1	1.33	27	1	277	4361	10.8881161	3168	4.1717006
r-100-4	1	1.33	27	2	138	2803	3.2570916	3036	1.22901
r-100-4	1	1.33	27	2	277	4699	12.3824473	5766	6.5779022
r-100-4	1	1.33	27	3	138	3014	2.3206842	1030	0.3923009
r-100-4	1	1.33	27	3	277	5033	8.972861	3458	3.6487199
r-100-4	2	0.67	13	1	138	2526	3.2832518	138	0.0633801
r-100-4	2	0.67	13	1	277	4213	8.7269348	861	1.1213679
r-100-4	2	0.67	13	2	138	2532	4.2269365	938	0.6346112
r-100-4	2	0.67	13	2	277	4249	8.2173991	139	0.1422515
r-100-4	2	0.67	13	3	138	2600	4.3550639	868	0.5823344
r-100-4	2	0.67	13	3	277	4335	8.9233684	305	0.3692653
r-100-4	2	0.67	27	1	138	2466	4.5373405	661	0.517435
r-100-4	2	0.67	27	1	277	4270	12.3634661	892	1.7714618
r-100-4	2	0.67	27	2	138	2638	5.91361	1092	1.0813522
r-100-4	2	0.67	27	2	277	4478	13.331922	668	1.3726926
r-100-4	2	0.67	27	3	138	2834	6.2630322	532	0.5130838
r-100-4	2	0.67	27	3	277	4519	31.3293232	6882	18.0557318
r-100-4	2	1	13	1	138	2789	4.5854724	3535	1.8460708
r-100-4	2	1	13	1	277	4457	10.7590728	1898	2.8084368
r-100-4	2	1	13	2	138	2895	2.8430409	738	0.3098074
r-100-4	2	1	13	2	277	4706	9.2856336	2279	2.5655493
r-100-4	2	1	13	3	138	3027	5.0156216	5953	2.7251626
r-100-4	2	1	13	3	277	4881	13.1973361	6391	7.2595082
r-100-4	2	1	27	1	138	2715	2.6739424	193	0.0915009
r-100-4	2	1	27	1	277	4356	8.8615117	665	0.9072977
r-100-4	2	1	27	2	138	2897	2.8323023	1008	0.4315184
r-100-4	2	1	27	2	277	4695	8.784482	1176	1.4574529
r-100-4	2	1	27	3	138	3356	3.3512537	2473	1.0789745
r-100-4	2	1	27	3	277	4952	12.2258674	4596	5.5753867
r-100-4	2	1.33	13	1	138	3306	6.6489458	6819	3.8068158
r-100-4	2	1.33	13	1	277	5122	8.2182626	296	0.2491702
r-100-4	2	1.33	13	2	138	3589	3.3814342	1807	0.8449539
r-100-4	2	1.33	13	2	277	5597	11.7856523	3990	5.1317193
r-100-4	2	1.33	13	3	138	3599	5.9869817	7680	3.6147227
r-100-4	2	1.33	13	3	277	5739	6.2276566	552	0.3843419
r-100-4	2	1.33	27	1	138	2877	3.0631153	864	0.4191411
r-100-4	2	1.33	27	1	277	4766	8.1052446	128	0.1199329
r-100-4	2	1.33	27	2	138	3459	4.1427573	3806	1.7750438
r-100-4	2	1.33	27	2	277	5612	14.876501	5736	7.6996627
r-100-4	2	1.33	27	3	138	3971	3.6763519	3292	1.4435395
r-100-4	2	1.33	27	3	277	5933	9.1570073	2501	2.6624063
r-100-5	1	0.67	12	1	132	2295	4.6427623	1368	0.9615378
r-100-5	1	0.67	12	1	264	4207	18.306993	5124	9.1151225
r-100-5	1	0.67	12	2	132	2384	4.5138801	763	0.5148121
r-100-5	1	0.67	12	2	264	4231	19.5840937	5261	9.9858802
r-100-5	1	0.67	12	3	132	2556	4.2011566	160	0.0853587
r-100-5	1	0.67	12	3	264	4330	15.0152639	2949	5.4802379
r-100-5	1	0.67	24	1	132	2238	3.7244913	28	0.0216557
r-100-5	1	0.67	24	1	264	4048	10.7532124	80	0.1010004
r-100-5	1	0.67	24	2	132	2544	4.5708226	310	0.2182487
r-100-5	1	0.67	24	2	264	4147	14.8814175	1012	2.4042986
r-100-5	1	0.67	24	3	132	2555	5.0111864	157	0.1202757
r-100-5	1	0.67	24	3	264	4190	16.1396329	915	2.32675
r-100-5	1	1	12	1	132	2551	5.3209644	4912	2.6101019
r-100-5	1	1	12	1	264	4389	8.4238072	160	0.1413594
r-100-5	1	1	12	2	132	2514	3.0381023	1647	0.6992652
r-100-5	1	1	12	2	264	4573	13.4707781	4838	6.5436507
r-100-5	1	1	12	3	132	2604	4.7146789	2889	1.6785927
r-100-5	1	1	12	3	264	4551	6.4350668	461	0.3464276
r-100-5	1	1	24	1	132	2490	2.8243327	406	0.2058637
r-100-5	1	1	24	1	264	4002	6.9886954	0	0
r-100-5	1	1	24	2	132	2472	6.0474652	8029	3.7330158
r-100-5	1	1	24	2	264	4395	7.1082605	783	0.8881874
r-100-5	1	1	24	3	132	2768	2.6439389	1023	0.4338783
r-100-5	1	1	24	3	264	4495	9.27964	3027	3.4206116
r-100-5	1	1.33	12	1	132	2735	3.579364	1828	0.9415275
r-100-5	1	1.33	12	1	264	4698	8.6891119	765	1.0063894
r-100-5	1	1.33	12	2	132	3033	3.1461341	1863	0.8434439
r-100-5	1	1.33	12	2	264	5169	11.8261292	3833	5.0984725
r-100-5	1	1.33	12	3	132	3231	2.4343636	795	0.2976831
r-100-5	1	1.33	12	3	264	5570	8.310878	2171	2.4661068
r-100-5	1	1.33	24	1	132	2586	4.5686061	3752	1.9356304
r-100-5	1	1.33	24	1	264	4391	7.1605942	0	0
r-100-5	1	1.33	24	2	132	2773	2.5204534	356	0.1620614
r-100-5	1	1.33	24	2	264	4882	6.1804965	0	0
r-100-5	1	1.33	24	3	132	3119	2.2632718	43	0.0217925
r-100-5	1	1.33	24	3	264	5586	6.958533	1165	1.2437972
r-100-5	2	0.67	12	1	132	2586	3.9108255	837	0.5218171
r-100-5	2	0.67	12	1	264	4432	7.9142751	215	0.2287921
r-100-5	2	0.67	12	2	132	2741	4.2127906	593	0.3671749
r-100-5	2	0.67	12	2	264	4604	12.7888001	2947	4.6415131
r-100-5	2	0.67	12	3	132	2820	5.7010015	2226	1.7251262
r-100-5	2	0.67	12	3	264	4575	11.6381825	2133	3.3451279
r-100-5	2	0.67	24	1	132	2587	4.6412352	951	0.6896512
r-100-5	2	0.67	24	1	264	4399	12.7797231	1288	2.4315781
r-100-5	2	0.67	24	2	132	2770	4.7957555	65	0.0478837
r-100-5	2	0.67	24	2	264	4594	13.6075423	774	1.720911
r-100-5	2	0.67	24	3	132	2892	5.6605069	149	0.1410247
r-100-5	2	0.67	24	3	264	4803	14.7026084	629	1.3554044
r-100-5	2	1	12	1	132	2784	3.5499183	1295	0.6974346
r-100-5	2	1	12	1	264	4677	15.4433526	4706	7.3213762
r-100-5	2	1	12	2	132	3112	5.9834994	7034	3.4985354
r-100-5	2	1	12	2	264	4958	7.0865131	244	0.1816049
r-100-5	2	1	12	3	132	3169	3.5043051	2600	1.1772496
r-100-5	2	1	12	3	264	5037	6.3375765	306	0.175793
r-100-5	2	1	24	1	132	2670	5.8072176	5137	2.9058336
r-100-5	2	1	24	1	264	4634	12.1464108	2657	4.1714172
r-100-5	2	1	24	2	132	2948	2.9450477	633	0.3074471
r-100-5	2	1	24	2	264	5029	14.4800059	5171	7.0380388
r-100-5	2	1	24	3	132	3348	4.2690031	3245	1.6567988
r-100-5	2	1	24	3	264	5313	7.8285672	805	0.8499412
r-100-5	2	1.33	12	1	132	3279	4.2780273	2887	1.5032634
r-100-5	2	1.33	12	1	264	5197	7.9925191	112	0.0951295
r-100-5	2	1.33	12	2	132	3741	2.928095	676	0.2957068
r-100-5	2	1.33	12	2	264	5803	12.2453133	4279	5.5526423
r-100-5	2	1.33	12	3	132	3786	2.6520352	791	0.3099696
r-100-5	2	1.33	12	3	264	5979	6.7073049	548	0.553731
r-100-5	2	1.33	24	1	132	2924	3.405871	1080	0.5857701
r-100-5	2	1.33	24	1	264	5027	9.2320221	843	1.2808376
r-100-5	2	1.33	24	2	132	3613	4.5429337	3675	1.9065386
r-100-5	2	1.33	24	2	264	5915	10.59252	2456	3.285529
r-100-5	2	1.33	24	3	132	3955	2.6888149	387	0.1536925
r-100-5	2	1.33	24	3	264	6302	8.1555188	1112	1.2280638
r-125-1	1	0.67	11	1	151	3213	8.9088703	927	1.2684165
r-125-1	1	0.67	11	1	303	5062	21.2521852	133	0.3984709
r-125-1	1	0.67	11	2	151	3311	8.8778631	405	0.5524604
r-125-1	1	0.67	11	2	303	5195	30.1332783	2136	8.9241068
r-125-1	1	0.67	11	3	151	3520	13.6415205	2822	4.7926771
r-125-1	1	0.67	11	3	303	5264	34.6825095	3162	13.3995391
r-125-1	1	0.67	23	1	151	3014	8.1147544	520	0.7353049
r-125-1	1	0.67	23	1	303	5011	24.4056999	0	0
r-125-1	1	0.67	23	2	151	3407	15.671232	3706	6.6771345
r-125-1	1	0.67	23	2	303	5166	27.7024184	0	0
r-125-1	1	0.67	23	3	151	3338	10.4194925	30	0.0436524
r-125-1	1	0.67	23	3	303	5202	30.8761919	0	0
r-125-1	1	1	11	1	151	3319	6.7168044	1557	1.472013
r-125-1	1	1	11	1	303	5297	23.1652285	2052	6.6586449
r-125-1	1	1	11	2	151	3387	4.5977632	129	0.0690387
r-125-1	1	1	11	2	303	5425	16.6589704	966	2.1665259
r-125-1	1	1	11	3	151	3657	4.549791	583	0.3715478
r-125-1	1	1	11	3	303	5582	24.1934558	4930	11.9068137
r-125-1	1	1	23	1	151	3026	5.5816878	0	0
r-125-1	1	1	23	1	303	5179	15.7201798	0	0
r-125-1	1	1	23	2	151	3344	5.05616	0	0
r-125-1	1	1	23	2	303	5440	13.2725512	0	0
r-125-1	1	1	23	3	151	3511	4.8156755	0	0
r-125-1	1	1	23	3	303	5597	11.9681902	0	0
r-125-1	1	1.33	11	1	151	3591	7.7299584	2649	2.6061724
r-125-1	1	1.33	11	1	303	5815	19.4022789	1071	3.2110651
r-125-1	1	1.33	11	2	151	4034	4.9507566	619	0.477981
r-125-1	1	1.33	11	2	303	6303	20.1502991	2482	6.5094804
r-125-1	1	1.33	11	3	151	4380	4.2476261	84	0.0405926
r-125-1	1	1.33	11	3	303	6696	19.2514071	3216	7.3336506
r-125-1	1	1.33	23	1	151	3219	5.6182627	0	0
r-125-1	1	1.33	23	1	303	5668	15.1873662	0	0
r-125-1	1	1.33	23	2	151	3673	5.0406852	0	0
r-125-1	1	1.33	23	2	303	6163	13.589067	0	0
r-125-1	1	1.33	23	3	151	4004	4.8049813	0	0
r-125-1	1	1.33	23	3	303	6192	14.1871296	867	1.9515653
r-125-1	2	0.67	11	1	151	3493	7.1242386	255	0.2792396
r-125-1	2	0.67	11	1	303	5209	16.8207266	33	0.0573844
r-125-1	2	0.67	11	2	151	3772	9.3535762	1123	1.6928223
r-125-1	2	0.67	11	2	303	5407	23.4161014	1970	6.2565444
r-125-1	2	0.67	11	3	151	3912	11.8588493	2394	3.7957967
r-125-1	2	0.67	11	3	303	5439	19.8746781	720	2.4000671
r-125-1	2	0.67	23	1	151	3558	8.6637013	251	0.3542312
r-125-1	2	0.67	23	1	303	5304	24.4826628	0	0
r-125-1	2	0.67	23	2	151	3644	9.9299165	201	0.3141068
r-125-1	2	0.67	23	2	303	5519	28.1664027	410	1.88679
r-125-1	2	0.67	23	3	151	3882	11.2551083	289	0.5237156
r-125-1	2	0.67	23	3	303	5589	29.6942121	759	3.4669947
r-125-1	2	1	11	1	151	3853	5.6147331	209	0.1418727
r-125-1	2	1	11	1	303	5542	15.9707613	56	0.0717276
r-125-1	2	1	11	2	151	4466	13.6057451	9111	8.7625693
r-125-1	2	1	11	2	303	5864	15.9173171	1172	2.3884971
r-125-1	2	1	11	3	151	4556	5.4901757	1278	0.9891668
r-125-1	2	1	11	3	303	5953	11.7668713	272	0.2779328
r-125-1	2	1	23	1	151	3558	8.1499132	2334	2.6085254
r-125-1	2	1	23	1	303	5639	16.147794	0	0
r-125-1	2	1	23	2	151	3868	5.5737843	0	0
r-125-1	2	1	23	2	303	5897	24.7764003	2700	8.5809577
r-125-1	2	1	23	3	151	4494	8.5423777	2585	2.7442984
r-125-1	2	1	23	3	303	6170	27.0962265	3923	11.6531893
r-125-1	2	1.33	11	1	151	4378	11.4115479	4934	5.6659725
r-125-1	2	1.33	11	1	303	6415	17.7617011	157	0.2637372
r-125-1	2	1.33	11	2	151	5417	6.2943243	1325	1.1661547
r-125-1	2	1.33	11	2	303	6820	17.8058971	1349	3.4528925
r-125-1	2	1.33	11	3	151	5330	6.5559558	2007	1.8168249
r-125-1	2	1.33	11	3	303	7008	15.6056697	1429	3.2666753
r-125-1	2	1.33	23	1	151	3828	6.1122795	0	0
r-125-1	2	1.33	23	1	303	6083	17.6792066	0	0
r-125-1	2	1.33	23	2	151	4526	6.0650202	207	0.2138582
r-125-1	2	1.33	23	2	303	6950	15.7691053	0	0
r-125-1	2	1.33	23	3	151	5566	10.2322029	4220	4.5537131
r-125-1	2	1.33	23	3	303	7422	25.3514493	3762	10.5167597
r-125-2	1	0.67	13	1	153	2777	10.049862	2955	3.7258092
r-125-2	1	0.67	13	1	307	4757	19.0002701	191	0.5335585
r-125-2	1	0.67	13	2	153	2877	7.0683981	19	0.0227507
r-125-2	1	0.67	13	2	307	5071	26.4563677	1723	6.5535932
r-125-2	1	0.67	13	3	153	2863	9.2631689	1190	1.7320203
r-125-2	1	0.67	13	3	307	5011	34.5740176	3593	14.2361009
r-125-2	1	0.67	26	1	153	2722	6.7588932	121	0.1272124
r-125-2	1	0.67	26	1	307	4789	40.4579563	4594	19.2663101
r-125-2	1	0.67	26	2	153	2935	8.6759246	421	0.601212
r-125-2	1	0.67	26	2	307	4747	48.316838	5257	24.813882
r-125-2	1	0.67	26	3	153	2933	9.5002373	38	0.0556007
r-125-2	1	0.67	26	3	307	5116	37.1193396	2227	10.8995776
r-125-2	1	1	13	1	153	2932	8.460933	4576	3.929584
r-125-2	1	1	13	1	307	4953	17.9343385	1247	3.089399
r-125-2	1	1	13	2	153	3009	4.2679872	438	0.2810977
r-125-2	1	1	13	2	307	5201	13.9657665	727	1.3818144
r-125-2	1	1	13	3	153	3115	4.230474	869	0.5896834
r-125-2	1	1	13	3	307	5431	11.9366623	630	1.0240464
r-125-2	1	1	26	1	153	2771	4.5381581	51	0.042334
r-125-2	1	1	26	1	307	4715	27.141463	5043	13.6010169
r-125-2	1	1	26	2	153	3182	4.8235026	606	0.489681
r-125-2	1	1	26	2	307	4862	11.9527877	0	0
r-125-2	1	1	26	3	153	3164	8.7454558	5783	4.6783694
r-125-2	1	1	26	3	307	5002	22.2219941	5497	11.8633543
r-125-2	1	1.33	13	1	153	3145	4.3627053	185	0.1053347
r-125-2	1	1.33	13	1	307	5454	30.7297132	6545	17.4770409
r-125-2	1	1.33	13	2	153	3591	6.0835239	3009	2.2399082
r-125-2	1	1.33	13	2	307	6102	14.5586188	1339	2.9185098
r-125-2	1	1.33	13	3	153	3828	8.788751	7950	5.3418906
r-125-2	1	1.33	13	3	307	6477	10.4147086	86	0.0571899
r-125-2	1	1.33	26	1	153	2900	4.4610369	189	0.134194
r-125-2	1	1.33	26	1	307	4730	12.2604309	0	0
r-125-2	1	1.33	26	2	153	3287	4.088195	124	0.079671
r-125-2	1	1.33	26	2	307	5396	10.7280188	0	0
r-125-2	1	1.33	26	3	153	3765	3.8871775	61	0.0400791
r-125-2	1	1.33	26	3	307	5947	13.4002076	1644	3.2141305
r-125-2	2	0.67	13	1	153	2995	5.347275	197	0.1728923
r-125-2	2	0.67	13	1	307	5272	23.6146795	3605	9.9381526
r-125-2	2	0.67	13	2	153	3252	6.5793517	547	0.5972751
r-125-2	2	0.67	13	2	307	5441	17.0254878	884	2.1847183
r-125-2	2	0.67	13	3	153	3435	7.5119476	928	1.1147045
r-125-2	2	0.67	13	3	307	5392	24.3040633	3062	9.1006819
r-125-2	2	0.67	26	1	153	3152	10.8239267	3787	4.6096798
r-125-2	2	0.67	26	1	307	5212	25.9046398	2013	7.0189751
r-125-2	2	0.67	26	2	153	3433	21.6242404	9211	13.9581855
r-125-2	2	0.67	26	2	307	5438	25.3867047	997	3.9434082
r-125-2	2	0.67	26	3	153	3605	12.1764524	1778	3.0409802
r-125-2	2	0.67	26	3	307	5503	28.0155721	1117	4.4312165
r-125-2	2	1	13	1	153	3341	7.7359823	3734	3.2746147
r-125-2	2	1	13	1	307	5490	24.3894785	3758	10.2886026
r-125-2	2	1	13	2	153	3709	10.1066728	7863	6.1158463
r-125-2	2	1	13	2	307	5959	34.4048533	9538	22.3829651
r-125-2	2	1	13	3	153	3856	4.6591923	1258	0.8447737
r-125-2	2	1	13	3	307	6130	11.7553119	744	1.2800456
r-125-2	2	1	26	1	153	2986	6.3049199	2045	1.805631
r-125-2	2	1	26	1	307	5085	14.7853526	221	0.5196141
r-125-2	2	1	26	2	153	3711	5.8037008	1788	1.5321244
r-125-2	2	1	26	2	307	5785	33.2032952	7951	20.0885783
r-125-2	2	1	26	3	153	3740	7.2587177	3715	2.9790657
r-125-2	2	1	26	3	307	6131	14.0509813	512	0.7847682
r-125-2	2	1.33	13	1	153	3763	4.5363056	145	0.0828304
r-125-2	2	1.33	13	1	307	6259	14.7243181	239	0.4685748
r-125-2	2	1.33	13	2	153	4287	4.431558	561	0.3267276
r-125-2	2	1.33	13	2	307	7030	32.8149948	8882	20.9436812
r-125-2	2	1.33	13	3	153	4684	6.1252032	3165	2.3111979
r-125-2	2	1.33	13	3	307	7434	12.1535712	1022	1.8445271
r-125-2	2	1.33	26	1	153	3560	5.3588404	963	0.8439162
r-125-2	2	1.33	26	1	307	5575	16.6764699	899	2.3435531
r-125-2	2	1.33	26	2	153	4070	8.0253168	4275	3.6817258
r-125-2	2	1.33	26	2	307	6785	18.4369079	1980	5.2382677
r-125-2	2	1.33	26	3	153	4441	5.0043297	961	0.762277
r-125-2	2	1.33	26	3	307	7236	28.2431511	5877	15.0710475
r-125-3	1	0.67	12	1	156	2847	6.8782519	219	0.2189169
r-125-3	1	0.67	12	1	312	4600	43.7281502	7319	25.8826957
r-125-3	1	0.67	12	2	156	2861	7.5836795	261	0.2661669
r-125-3	1	0.67	12	2	312	4802	22.7356748	1229	4.3154793
r-125-3	1	0.67	12	3	156	3109	9.2859445	1026	1.5215192
r-125-3	1	0.67	12	3	312	4887	53.4837783	9511	35.0457472
r-125-3	1	0.67	25	1	156	2824	7.0387148	184	0.2041804
r-125-3	1	0.67	25	1	312	4469	21.8991065	394	1.3795041
r-125-3	1	0.67	25	2	156	2913	8.2692844	66	0.0728859
r-125-3	1	0.67	25	2	312	4490	37.8639543	3030	14.1874574
r-125-3	1	0.67	25	3	156	2897	9.4156155	64	0.0757994
r-125-3	1	0.67	25	3	312	4688	29.398612	730	3.5784097
r-125-3	1	1	12	1	156	2851	5.3907955	1067	0.9079535
r-125-3	1	1	12	1	312	4778	28.9861623	5453	15.0235327
r-125-3	1	1	12	2	156	2988	3.9860531	147	0.0835705
r-125-3	1	1	12	2	312	4960	16.272055	2135	4.5443221
r-125-3	1	1	12	3	156	3239	3.7593379	295	0.1742273
r-125-3	1	1	12	3	312	5108	16.1214069	2903	5.5995553
r-125-3	1	1	25	1	156	2823	4.5344702	41	0.0409884
r-125-3	1	1	25	1	312	4247	12.7596747	51	0.0799859
r-125-3	1	1	25	2	156	3028	4.1463309	39	0.0248836
r-125-3	1	1	25	2	312	4605	19.4885457	3831	8.3214382
r-125-3	1	1	25	3	156	3146	3.9582128	8	0.0125569
r-125-3	1	1	25	3	312	4818	10.1156498	42	0.0455694
r-125-3	1	1.33	12	1	156	3277	5.0823835	830	0.6861925
r-125-3	1	1.33	12	1	312	5069	27.4653533	5185	13.9283274
r-125-3	1	1.33	12	2	156	3437	5.4271298	1823	1.4050911
r-125-3	1	1.33	12	2	312	5595	13.0039368	653	1.2447035
r-125-3	1	1.33	12	3	156	3785	5.1962482	2311	1.6006858
r-125-3	1	1.33	12	3	312	6167	13.0222587	1325	2.4696848
r-125-3	1	1.33	25	1	156	2851	4.48977	5	0.0145869
r-125-3	1	1.33	25	1	312	4899	18.0367412	2216	5.5290161
r-125-3	1	1.33	25	2	156	3239	4.2222808	54	0.0328087
r-125-3	1	1.33	25	2	312	5140	12.5485557	722	1.41083
r-125-3	1	1.33	25	3	156	3820	4.017726	55	0.031909
r-125-3	1	1.33	25	3	312	5426	10.4115613	42	0.0348762
r-125-3	2	0.67	12	1	156	3160	13.3190544	6758	7.6530498
r-125-3	2	0.67	12	1	312	4928	24.7366049	3450	10.1178098
r-125-3	2	0.67	12	2	156	3288	6.6205938	147	0.1523124
r-125-3	2	0.67	12	2	312	5040	15.4069405	227	0.390355
r-125-3	2	0.67	12	3	156	3304	7.1139327	143	0.1473239
r-125-3	2	0.67	12	3	312	5106	26.7190529	3660	11.1749941
r-125-3	2	0.67	25	1	156	3052	7.1261419	144	0.1465523
r-125-3	2	0.67	25	1	312	4935	20.0178235	303	0.7887795
r-125-3	2	0.67	25	2	156	3257	9.7889192	859	1.3832999
r-125-3	2	0.67	25	2	312	5193	22.9912951	427	1.3136116
r-125-3	2	0.67	25	3	156	3396	12.5768198	1428	2.6663702
r-125-3	2	0.67	25	3	312	5208	24.2295532	194	0.5453825
r-125-3	2	1	12	1	156	3284	9.5854685	5154	4.8495397
r-125-3	2	1	12	1	312	5472	33.4206343	6806	19.1251555
r-125-3	2	1	12	2	156	3655	6.2831327	2582	2.106494
r-125-3	2	1	12	2	312	5597	16.3751493	1683	3.8888494
r-125-3	2	1	12	3	156	3718	5.8433647	2626	1.9795618
r-125-3	2	1	12	3	312	5754	11.407943	526	0.7495596
r-125-3	2	1	25	1	156	2832	4.7750841	0	0
r-125-3	2	1	25	1	312	4940	16.245316	1091	2.4055618
r-125-3	2	1	25	2	156	3265	4.6454234	0	0
r-125-3	2	1	25	2	312	5376	14.7802582	855	1.6837184
r-125-3	2	1	25	3	156	3539	4.7660174	356	0.2911825
r-125-3	2	1	25	3	312	5773	14.1826819	706	1.5351365
r-125-3	2	1.33	12	1	156	3761	4.6934631	88	0.0576361
r-125-3	2	1.33	12	1	312	5847	20.0221763	1904	5.5014465
r-125-3	2	1.33	12	2	156	4404	6.5269365	2782	2.2588228
r-125-3	2	1.33	12	2	312	6596	13.7042557	731	1.4112863
r-125-3	2	1.33	12	3	156	4718	4.4268792	656	0.4754753
r-125-3	2	1.33	12	3	312	6819	12.9905851	1221	2.2757386
r-125-3	2	1.33	25	1	156	3107	4.7039352	0	0
r-125-3	2	1.33	25	1	312	5246	17.8395312	1592	4.0108633
r-125-3	2	1.33	25	2	156	3895	4.6861903	0	0
r-125-3	2	1.33	25	2	312	6136	19.3446998	2590	6.411771
r-125-3	2	1.33	25	3	156	4386	7.5405022	3376	3.0394271
r-125-3	2	1.33	25	3	312	6913	22.8367933	4371	10.3708751
r-125-4	1	0.67	12	1	166	2890	11.6512107	2754	3.9895439
r-125-4	1	0.67	12	1	332	4749	19.5301938	186	0.4107946
r-125-4	1	0.67	12	2	166	3015	8.5245364	202	0.211484
r-125-4	1	0.67	12	2	332	4824	20.4847293	389	1.0730288
r-125-4	1	0.67	12	3	166	2978	9.7063967	696	1.0771901
r-125-4	1	0.67	12	3	332	4931	21.9473906	666	2.2586689
r-125-4	1	0.67	25	1	166	2702	8.8343752	795	1.1136278
r-125-4	1	0.67	25	1	332	4583	22.5189809	67	0.1490526
r-125-4	1	0.67	25	2	166	2758	9.6386719	131	0.165738
r-125-4	1	0.67	25	2	332	4753	26.0523137	55	0.1480404
r-125-4	1	0.67	25	3	166	3160	10.9986208	276	0.4706723
r-125-4	1	0.67	25	3	332	4815	30.7652999	428	2.232169
r-125-4	1	1	12	1	166	2883	5.3031255	227	0.1458201
r-125-4	1	1	12	1	332	4878	17.7786363	855	2.3740965
r-125-4	1	1	12	2	166	3175	5.7089086	1651	1.2675261
r-125-4	1	1	12	2	332	5106	13.9304256	243	0.3627285
r-125-4	1	1	12	3	166	3256	5.2087873	1571	1.1524007
r-125-4	1	1	12	3	332	5360	18.5493931	3337	7.2229149
r-125-4	1	1	25	1	166	2639	5.2935296	68	0.0540612
r-125-4	1	1	25	1	332	4763	19.2425603	1973	5.2074453
r-125-4	1	1	25	2	166	2807	4.8197682	45	0.0281207
r-125-4	1	1	25	2	332	4783	13.0569349	337	0.6742966
r-125-4	1	1	25	3	166	3222	5.4073857	947	0.8258322
r-125-4	1	1	25	3	332	5130	11.6871602	140	0.1730511
r-125-4	1	1.33	12	1	166	3256	10.4703401	5256	5.2994052
r-125-4	1	1.33	12	1	332	5419	37.6777943	7603	22.7672355
r-125-4	1	1.33	12	2	166	3592	8.5838331	4900	4.1897353
r-125-4	1	1.33	12	2	332	6032	16.7885103	1579	3.9738587
r-125-4	1	1.33	12	3	166	3874	9.1696913	6410	5.1011436
r-125-4	1	1.33	12	3	332	6254	11.335304	208	0.1584214
r-125-4	1	1.33	25	1	166	2873	5.4087817	117	0.102987
r-125-4	1	1.33	25	1	332	4839	18.0976549	1469	4.1237667
r-125-4	1	1.33	25	2	166	3459	4.7907552	152	0.1117527
r-125-4	1	1.33	25	2	332	5355	13.1476187	560	1.1699831
r-125-4	1	1.33	25	3	166	3509	4.4464931	107	0.0558771
r-125-4	1	1.33	25	3	332	5618	14.4119422	1460	2.9768257
r-125-4	2	0.67	12	1	166	3164	7.1753767	468	0.4983347
r-125-4	2	0.67	12	1	332	4951	15.8513339	116	0.1993041
r-125-4	2	0.67	12	2	166	3374	7.7343292	230	0.2783061
r-125-4	2	0.67	12	2	332	5075	20.7777329	1550	4.6940023
r-125-4	2	0.67	12	3	166	3427	8.4735935	359	0.4879677
r-125-4	2	0.67	12	3	332	5149	19.0605876	1095	3.2721509
r-125-4	2	0.67	25	1	166	3170	15.5904689	4832	7.5993291
r-125-4	2	0.67	25	1	332	5028	24.719814	1040	3.8365332
r-125-4	2	0.67	25	2	166	3446	19.2633233	5094	9.5301801
r-125-4	2	0.67	25	2	332	5133	27.2663042	1049	4.1644163
r-125-4	2	0.67	25	3	166	3653	14.1414498	1500	3.0456707
r-125-4	2	0.67	25	3	332	5293	31.5379706	1528	6.886853
r-125-4	2	1	12	1	166	3405	6.4373141	1054	0.9673682
r-125-4	2	1	12	1	332	5355	18.3948796	786	2.3490373
r-125-4	2	1	12	2	166	3882	7.0036832	2416	2.0896697
r-125-4	2	1	12	2	332	5564	21.4112514	3008	7.9931095
r-125-4	2	1	12	3	166	4058	14.0211441	11052	9.7122611
r-125-4	2	1	12	3	332	5666	15.4426824	1967	3.8272979
r-125-4	2	1	25	1	166	3148	6.4872279	781	0.84556
r-125-4	2	1	25	1	332	5049	17.0236505	193	0.419738
r-125-4	2	1	25	2	166	3538	5.8084805	98	0.0735203
r-125-4	2	1	25	2	332	5616	17.8912753	653	1.4215319
r-125-4	2	1	25	3	166	4037	9.515165	3646	3.8552306
r-125-4	2	1	25	3	332	5766	23.5480195	2923	7.9258818
r-125-4	2	1.33	12	1	166	3914	5.8739191	266	0.2214503
r-125-4	2	1.33	12	1	332	6137	17.2451301	100	0.1413225
r-125-4	2	1.33	12	2	166	4633	9.3018925	4171	4.1903532
r-125-4	2	1.33	12	2	332	6661	26.3415451	4250	12.2204329
r-125-4	2	1.33	12	3	166	4813	8.4571889	4506	3.9322127
r-125-4	2	1.33	12	3	332	6767	28.3182143	6984	16.559451
r-125-4	2	1.33	25	1	166	3582	7.3027864	1004	1.1583345
r-125-4	2	1.33	25	1	332	5540	21.4474105	1284	4.0761106
r-125-4	2	1.33	25	2	166	4167	7.0841992	1411	1.4543706
r-125-4	2	1.33	25	2	332	6396	17.9703078	624	1.6555984
r-125-4	2	1.33	25	3	166	4649	5.8337828	194	0.1173993
r-125-4	2	1.33	25	3	332	6884	17.4221763	721	1.6802258
r-125-5	1	0.67	13	1	157	2642	7.6543538	1030	1.238775
r-125-5	1	0.67	13	1	314	5002	37.0107433	4398	17.3339703
r-125-5	1	0.67	13	2	157	2799	9.6412886	1805	2.5285282
r-125-5	1	0.67	13	2	314	5288	29.0543164	2038	8.2429278
r-125-5	1	0.67	13	3	157	2825	7.5687269	145	0.1481685
r-125-5	1	0.67	13	3	314	5326	39.4842605	4361	18.2605331
r-125-5	1	0.67	26	1	157	2585	6.7711107	160	0.1615283
r-125-5	1	0.67	26	1	314	5066	21.2988505	56	0.1386948
r-125-5	1	0.67	26	2	157	2767	8.1181561	119	0.1320012
r-125-5	1	0.67	26	2	314	4981	24.4243958	11	0.0318059
r-125-5	1	0.67	26	3	157	2959	9.409259	89	0.1106245
r-125-5	1	0.67	26	3	314	5043	36.8022148	2001	10.4449505
r-125-5	1	1	13	1	157	2853	8.0600857	4308	3.6338632
r-125-5	1	1	13	1	314	4988	17.6006219	926	2.4029699
r-125-5	1	1	13	2	157	2888	3.8687074	100	0.0490954
r-125-5	1	1	13	2	314	5458	16.0595274	1432	3.2880867
r-125-5	1	1	13	3	157	3126	4.8452413	1991	1.3296476
r-125-5	1	1	13	3	314	5671	23.9029787	5926	12.9194554
r-125-5	1	1	26	1	157	2705	5.7962957	1297	1.1824485
r-125-5	1	1	26	1	314	4954	16.129856	654	1.5769728
r-125-5	1	1	26	2	157	2810	4.3448673	486	0.3546338
r-125-5	1	1	26	2	314	5036	14.2590333	742	1.7300226
r-125-5	1	1	26	3	157	2963	5.8874809	2544	1.9472199
r-125-5	1	1	26	3	314	5419	21.5495605	4675	10.2560402
r-125-5	1	1.33	13	1	157	3068	4.5730852	379	0.2481926
r-125-5	1	1.33	13	1	314	5675	15.8302872	401	1.0492254
r-125-5	1	1.33	13	2	157	3533	4.4334039	897	0.6561644
r-125-5	1	1.33	13	2	314	6309	12.9420819	273	0.498569
r-125-5	1	1.33	13	3	157	3747	7.7783939	6355	4.3071077
r-125-5	1	1.33	13	3	314	6568	11.094716	182	0.1447556
r-125-5	1	1.33	26	1	157	2859	5.6700032	1341	1.1722395
r-125-5	1	1.33	26	1	314	5144	14.1974649	7	0.0121729
r-125-5	1	1.33	26	2	157	3367	4.6500532	920	0.71741
r-125-5	1	1.33	26	2	314	5571	16.4659867	1764	4.1781003
r-125-5	1	1.33	26	3	157	3649	4.0211398	308	0.203869
r-125-5	1	1.33	26	3	314	6299	16.5986826	2400	5.2587784
r-125-5	2	0.67	13	1	157	3076	6.3594443	733	0.7566866
r-125-5	2	0.67	13	1	314	5409	17.0687507	211	0.4540275
r-125-5	2	0.67	13	2	157	3185	6.6700953	236	0.2444349
r-125-5	2	0.67	13	2	314	5712	21.2018694	1344	4.204921
r-125-5	2	0.67	13	3	157	3422	7.6892467	656	0.8062688
r-125-5	2	0.67	13	3	314	5676	26.6932286	2979	9.841557
r-125-5	2	0.67	26	1	157	2854	9.2968093	2155	2.6806977
r-125-5	2	0.67	26	1	314	5470	26.9073288	1438	5.5433823
r-125-5	2	0.67	26	2	157	3062	9.2950225	756	1.1368554
r-125-5	2	0.67	26	2	314	5681	32.9501332	1921	8.5528078
r-125-5	2	0.67	26	3	157	3477	10.7119645	647	1.0937175
r-125-5	2	0.67	26	3	314	5757	39.3241054	2544	12.5928207
r-125-5	2	1	13	1	157	3293	5.524028	1021	0.8653974
r-125-5	2	1	13	1	314	5768	18.291986	815	2.2126732
r-125-5	2	1	13	2	157	3759	7.6492825	4574	3.5663245
r-125-5	2	1	13	2	314	6282	17.338029	1640	3.7935283
r-125-5	2	1	13	3	157	4005	6.6624734	3769	2.7663833
r-125-5	2	1	13	3	314	6349	22.0983291	5114	11.1001103
r-125-5	2	1	26	1	157	3005	7.1320584	2319	2.2436653
r-125-5	2	1	26	1	314	5505	20.5957114	1233	3.4977927
r-125-5	2	1	26	2	157	3546	10.787386	6776	6.0783014
r-125-5	2	1	26	2	314	6091	45.7307349	9784	29.9983615
r-125-5	2	1	26	3	157	4103	9.1082018	4995	4.4594526
r-125-5	2	1	26	3	314	6367	16.6966537	769	1.6330904
r-125-5	2	1.33	13	1	157	3678	5.1077201	576	0.4123158
r-125-5	2	1.33	13	1	314	6682	18.2835924	865	2.1994953
r-125-5	2	1.33	13	2	157	4508	4.4408827	536	0.3311304
r-125-5	2	1.33	13	2	314	7275	13.4300619	150	0.1526563
r-125-5	2	1.33	13	3	157	4883	5.3673545	2194	1.574962
r-125-5	2	1.33	13	3	314	7506	19.8223527	4184	8.829593
r-125-5	2	1.33	26	1	157	3269	5.0083035	196	0.1441267
r-125-5	2	1.33	26	1	314	5945	18.9975216	827	2.2988953
r-125-5	2	1.33	26	2	157	4267	6.7452341	2342	2.0977942
r-125-5	2	1.33	26	2	314	7181	18.38294	1346	3.3859248
r-125-5	2	1.33	26	3	157	4812	4.6331443	199	0.1159513
r-125-5	2	1.33	26	3	314	7651	16.4075567	661	1.6420395
r-150-1	1	0.67	12	1	170	3386	16.0904464	1620	3.7516369
r-150-1	1	0.67	12	1	340	6075	66.0554755	3136	25.2138787
r-150-1	1	0.67	12	2	170	3267	13.3379361	263	0.4711333
r-150-1	1	0.67	12	2	340	6240	72.9837135	3736	30.4163344
r-150-1	1	0.67	12	3	170	3573	20.0575741	2766	7.0647254
r-150-1	1	0.67	12	3	340	6210	45.4858157	454	2.8164459
r-150-1	1	0.67	25	1	170	3206	15.6897716	1575	3.6917794
r-150-1	1	0.67	25	1	340	5625	72.2533292	3339	28.268198
r-150-1	1	0.67	25	2	170	3362	14.6243243	423	0.9256876
r-150-1	1	0.67	25	2	340	6020	86.1551657	4145	38.292324
r-150-1	1	0.67	25	3	170	3434	15.3523366	95	0.194942
r-150-1	1	0.67	25	3	340	5956	59.5021885	988	9.5798794
r-150-1	1	1	12	1	170	3386	7.6792672	370	0.3971162
r-150-1	1	1	12	1	340	6037	43.3461064	2990	15.3652879
r-150-1	1	1	12	2	170	3625	9.4625519	2349	2.9117817
r-150-1	1	1	12	2	340	6675	34.4923152	2730	11.8564037
r-150-1	1	1	12	3	170	3688	15.819697	8880	10.1032033
r-150-1	1	1	12	3	340	6705	21.787765	863	2.4611315
r-150-1	1	1	25	1	170	3136	9.1269797	861	1.3238374
r-150-1	1	1	25	1	340	5543	44.7199448	3866	19.216533
r-150-1	1	1	25	2	170	3484	11.6193202	3452	4.6985042
r-150-1	1	1	25	2	340	5789	21.6265387	0	0
r-150-1	1	1	25	3	170	3478	6.67482	119	0.1215101
r-150-1	1	1	25	3	340	6082	20.4552128	0	0
r-150-1	1	1.33	12	1	170	3810	13.5295519	4192	6.0321895
r-150-1	1	1.33	12	1	340	6803	33.3564661	1390	6.6024666
r-150-1	1	1.33	12	2	170	4072	8.6344463	1794	2.1727104
r-150-1	1	1.33	12	2	340	7517	24.6044275	494	1.9119965
r-150-1	1	1.33	12	3	170	4453	9.0711856	3075	3.2781259
r-150-1	1	1.33	12	3	340	7862	23.5533643	1240	4.6380725
r-150-1	1	1.33	25	1	170	3206	7.9117248	68	0.076627
r-150-1	1	1.33	25	1	340	5893	30.8373721	1079	5.2745307
r-150-1	1	1.33	25	2	170	3720	7.1871904	202	0.2084002
r-150-1	1	1.33	25	2	340	6604	21.1523304	0	0
r-150-1	1	1.33	25	3	170	4091	7.8510076	1070	1.2817564
r-150-1	1	1.33	25	3	340	6972	19.0206361	0	0
r-150-1	2	0.67	12	1	170	3827	14.9163376	2316	4.6308242
r-150-1	2	0.67	12	1	340	6611	30.2166967	253	1.1786067
r-150-1	2	0.67	12	2	170	4038	12.3472406	312	0.5736044
r-150-1	2	0.67	12	2	340	6772	28.8264712	30	0.0927069
r-150-1	2	0.67	12	3	170	4101	15.4529421	1302	2.9955787
r-150-1	2	0.67	12	3	340	6780	34.2502233	1003	5.3507153
r-150-1	2	0.67	25	1	170	3678	13.3201114	713	1.4518836
r-150-1	2	0.67	25	1	340	6514	46.4710646	1116	8.0525911
r-150-1	2	0.67	25	2	170	3833	16.4263476	997	2.3587858
r-150-1	2	0.67	25	2	340	6650	48.7148092	886	5.927312
r-150-1	2	0.67	25	3	170	4259	17.6093751	651	1.8404435
r-150-1	2	0.67	25	3	340	6781	84.3522097	4518	39.6868793
r-150-1	2	1	12	1	170	4061	8.8810046	779	1.0349839
r-150-1	2	1	12	1	340	6823	55.904906	5449	29.1075585
r-150-1	2	1	12	2	170	4591	14.6527542	5770	7.8399521
r-150-1	2	1	12	2	340	7356	24.0096871	564	1.7188548
r-150-1	2	1	12	3	170	4785	9.2574057	2561	2.9905487
r-150-1	2	1	12	3	340	7502	21.9668957	1047	2.8919925
r-150-1	2	1	25	1	170	3568	10.7352449	1485	2.4137937
r-150-1	2	1	25	1	340	6083	33.4922707	1423	6.8941271
r-150-1	2	1	25	2	170	4036	8.9182241	943	1.405018
r-150-1	2	1	25	2	340	7158	44.0552247	3148	16.517011
r-150-1	2	1	25	3	170	4516	8.6123124	558	0.7378051
r-150-1	2	1	25	3	340	7549	32.2678766	1363	5.5752936
r-150-1	2	1.33	12	1	170	4480	8.6226573	426	0.5321866
r-150-1	2	1.33	12	1	340	7920	34.9897969	1147	5.9105866
r-150-1	2	1.33	12	2	170	5228	7.8219148	460	0.5236844
r-150-1	2	1.33	12	2	340	8606	24.0982515	97	0.1791257
r-150-1	2	1.33	12	3	170	6018	14.4762985	6351	8.0327786
r-150-1	2	1.33	12	3	340	9014	29.182947	2274	8.9543594
r-150-1	2	1.33	25	1	170	3894	15.7758902	4098	7.0636493
r-150-1	2	1.33	25	1	340	6817	33.4952899	609	3.4162397
r-150-1	2	1.33	25	2	170	4765	9.3977481	793	1.1975211
r-150-1	2	1.33	25	2	340	7681	28.4350744	315	1.2639928
r-150-1	2	1.33	25	3	170	5386	10.3397007	1683	2.4656679
r-150-1	2	1.33	25	3	340	8779	29.4727253	851	3.2143814
r-150-2	1	0.67	12	1	155	3013	14.9806954	1836	4.0380145
r-150-2	1	0.67	12	1	311	5557	45.2186611	938	6.6959491
r-150-2	1	0.67	12	2	155	3070	14.7971866	1221	2.6676674
r-150-2	1	0.67	12	2	311	5817	43.8601837	447	3.0607017
r-150-2	1	0.67	12	3	155	3179	13.5184405	409	0.7572807
r-150-2	1	0.67	12	3	311	6107	47.22901	823	5.9152097
r-150-2	1	0.67	24	1	155	2918	12.109562	944	1.9006905
r-150-2	1	0.67	24	1	311	5205	38.4125896	0	0
r-150-2	1	0.67	24	2	155	3013	13.2346493	321	0.7383675
r-150-2	1	0.67	24	2	311	5345	42.7635263	0	0
r-150-2	1	0.67	24	3	155	3041	14.1954987	155	0.3579023
r-150-2	1	0.67	24	3	311	5713	47.1112386	5	0.02522
r-150-2	1	1	12	1	155	3176	9.9413049	2310	3.1430096
r-150-2	1	1	12	1	311	5694	47.9459479	4730	23.1934257
r-150-2	1	1	12	2	155	3478	11.7151319	4747	5.6475355
r-150-2	1	1	12	2	311	6153	25.4492399	1149	4.1888744
r-150-2	1	1	12	3	155	3719	9.526998	3984	4.0707757
r-150-2	1	1	12	3	311	6516	48.1288882	8592	30.2951191
r-150-2	1	1	24	1	155	3104	9.2695558	1317	1.824007
r-150-2	1	1	24	1	311	5381	24.36886	0	0
r-150-2	1	1	24	2	155	3265	8.3916038	1519	1.8906308
r-150-2	1	1	24	2	311	5778	20.9185759	0	0
r-150-2	1	1	24	3	155	3419	6.7612665	655	0.6920711
r-150-2	1	1	24	3	311	5981	17.3744623	0	0
r-150-2	1	1.33	12	1	155	3534	7.2529619	538	0.6086569
r-150-2	1	1.33	12	1	311	6311	25.7485673	885	3.6052394
r-150-2	1	1.33	12	2	155	4059	8.3509876	2112	2.3722438
r-150-2	1	1.33	12	2	311	7065	39.294374	5082	19.7619117
r-150-2	1	1.33	12	3	155	4382	6.5511301	1305	1.1626106
r-150-2	1	1.33	12	3	311	7573	19.2802833	872	2.4390155
r-150-2	1	1.33	24	1	155	3055	7.4474677	317	0.4183519
r-150-2	1	1.33	24	1	311	6087	24.4837497	586	2.4704153
r-150-2	1	1.33	24	2	155	3629	8.3596469	1943	2.2576524
r-150-2	1	1.33	24	2	311	6623	18.8077902	1	0.0037734
r-150-2	1	1.33	24	3	155	4043	5.7182365	150	0.1062985
r-150-2	1	1.33	24	3	311	6928	17.1393261	0	0
r-150-2	2	0.67	12	1	155	3366	12.9333548	2328	4.0484941
r-150-2	2	0.67	12	1	311	6074	35.7633074	2119	10.5560453
r-150-2	2	0.67	12	2	155	3756	11.2850215	541	0.9271249
r-150-2	2	0.67	12	2	311	6427	42.666863	3208	16.4694031
r-150-2	2	0.67	12	3	155	4059	13.9427993	1130	2.4898698
r-150-2	2	0.67	12	3	311	6381	39.5948836	2278	12.0533372
r-150-2	2	0.67	24	1	155	3187	11.1439606	414	0.7250819
r-150-2	2	0.67	24	1	311	5828	39.4654035	622	3.3061401
r-150-2	2	0.67	24	2	155	3635	23.1442672	4638	11.0923063
r-150-2	2	0.67	24	2	311	6091	41.8869501	230	1.0933144
r-150-2	2	0.67	24	3	155	3829	28.3401625	5204	14.3354011
r-150-2	2	0.67	24	3	311	6543	75.4881457	3687	31.6227599
r-150-2	2	1	12	1	155	3868	11.1651418	2623	3.6758622
r-150-2	2	1	12	1	311	6607	37.4670176	2647	12.3129976
r-150-2	2	1	12	2	155	4441	14.1204146	5628	7.3345463
r-150-2	2	1	12	2	311	7080	22.580046	428	1.0500007
r-150-2	2	1	12	3	155	4942	9.7220034	2921	3.4752025
r-150-2	2	1	12	3	311	7299	24.5302051	1991	6.670225
r-150-2	2	1	24	1	155	3338	12.8159026	3422	5.0843093
r-150-2	2	1	24	1	311	6132	32.5466406	1486	7.169678
r-150-2	2	1	24	2	155	4001	7.8773767	392	0.468853
r-150-2	2	1	24	2	311	6590	26.5031864	837	3.3604289
r-150-2	2	1	24	3	155	4593	15.6807564	6116	8.4386639
r-150-2	2	1	24	3	311	7180	31.8962794	2326	9.4618422
r-150-2	2	1.33	12	1	155	4445	9.4787692	1594	2.1563576
r-150-2	2	1.33	12	1	311	7221	24.9717069	32	0.0725432
r-150-2	2	1.33	12	2	155	5396	7.5788127	709	0.6681726
r-150-2	2	1.33	12	2	311	8320	21.8267529	215	0.5007181
r-150-2	2	1.33	12	3	155	5904	11.8138223	4625	5.6503879
r-150-2	2	1.33	12	3	311	8721	21.5570651	917	2.9642935
r-150-2	2	1.33	24	1	155	3671	8.7130246	457	0.678338
r-150-2	2	1.33	24	1	311	6593	27.6932084	0	0
r-150-2	2	1.33	24	2	155	4565	8.0181118	391	0.4105945
r-150-2	2	1.33	24	2	311	7610	37.6122072	2194	11.1415866
r-150-2	2	1.33	24	3	155	5504	8.7918112	1045	1.3428235
r-150-2	2	1.33	24	3	311	8628	44.3989783	4113	19.4704105
r-150-3	1	0.67	12	1	170	3059	17.8114745	1726	4.4935241
r-150-3	1	0.67	12	1	340	5622	49.6775953	1127	8.731136
r-150-3	1	0.67	12	2	170	3205	14.2924287	2	0.0040697
r-150-3	1	0.67	12	2	340	5691	80.6459405	4436	37.879551
r-150-3	1	0.67	12	3	170	3402	16.0018026	386	1.0176768
r-150-3	1	0.67	12	3	340	5632	52.9823144	1170	9.4344815
r-150-3	1	0.67	25	1	170	3110	12.4453824	0	0
r-150-3	1	0.67	25	1	340	5142	49.0851595	761	6.2547626
r-150-3	1	0.67	25	2	170	3408	15.2702332	0	0
r-150-3	1	0.67	25	2	340	5321	51.3346408	0	0
r-150-3	1	0.67	25	3	170	3536	18.3631158	0	0
r-150-3	1	0.67	25	3	340	5576	56.5093571	25	0.1509578
r-150-3	1	1	12	1	170	3164	7.8966481	38	0.03869
r-150-3	1	1	12	1	340	5503	35.4538796	2141	10.0420348
r-150-3	1	1	12	2	170	3564	10.2211816	2712	3.5514149
r-150-3	1	1	12	2	340	5746	27.1026638	1396	5.4752803
r-150-3	1	1	12	3	170	3601	6.493144	547	0.5170603
r-150-3	1	1	12	3	340	6209	23.388114	1558	5.1868125
r-150-3	1	1	25	1	170	3296	8.8680262	0	0
r-150-3	1	1	25	1	340	5255	26.2052537	0	0
r-150-3	1	1	25	2	170	3734	8.1224425	0	0
r-150-3	1	1	25	2	340	5665	23.6605582	0	0
r-150-3	1	1	25	3	170	3934	7.9361173	0	0
r-150-3	1	1	25	3	340	5929	21.758906	0	0
r-150-3	1	1.33	12	1	170	3669	10.2517526	1612	2.4628549
r-150-3	1	1.33	12	1	340	6247	53.210142	5369	27.1070085
r-150-3	1	1.33	12	2	170	4089	9.8637116	2374	3.1383762
r-150-3	1	1.33	12	2	340	6792	27.5175944	1424	5.8239773
r-150-3	1	1.33	12	3	170	4374	11.2642456	4285	5.1188896
r-150-3	1	1.33	12	3	340	7243	18.9315753	163	0.2782501
r-150-3	1	1.33	25	1	170	3479	9.1998303	0	0
r-150-3	1	1.33	25	1	340	5650	26.193997	0	0
r-150-3	1	1.33	25	2	170	4152	8.4682056	1	0.0011462
r-150-3	1	1.33	25	2	340	6375	23.6856317	0	0
r-150-3	1	1.33	25	3	170	4440	8.0028263	0	0
r-150-3	1	1.33	25	3	340	6853	21.9688369	0	0
r-150-3	2	0.67	12	1	170	3471	11.3051354	54	0.0908204
r-150-3	2	0.67	12	1	340	5748	38.3208458	1328	7.7050421
r-150-3	2	0.67	12	2	170	3757	12.8884474	221	0.3747922
r-150-3	2	0.67	12	2	340	6171	32.213783	77	0.2333388
r-150-3	2	0.67	12	3	170	3961	13.9830189	83	0.1723222
r-150-3	2	0.67	12	3	340	6098	35.9817156	628	3.6118079
r-150-3	2	0.67	25	1	170	3464	13.884962	0	0
r-150-3	2	0.67	25	1	340	5644	48.7027243	594	4.2802485
r-150-3	2	0.67	25	2	170	3758	16.4857743	0	0
r-150-3	2	0.67	25	2	340	6187	66.0031685	1639	15.6155491
r-150-3	2	0.67	25	3	170	3976	18.4280248	0	0
r-150-3	2	0.67	25	3	340	6152	55.7428786	204	1.3823437
r-150-3	2	1	12	1	170	3745	12.8406757	2659	4.4049405
r-150-3	2	1	12	1	340	6085	28.3287429	83	0.2243925
r-150-3	2	1	12	2	170	4375	7.6232191	210	0.1647235
r-150-3	2	1	12	2	340	6791	52.7204682	5895	28.2655558
r-150-3	2	1	12	3	170	4732	7.0439154	174	0.1259978
r-150-3	2	1	12	3	340	6878	20.2253747	22	0.0227224
r-150-3	2	1	25	1	170	3801	10.1356114	0	0
r-150-3	2	1	25	1	340	5618	30.3466618	0	0
r-150-3	2	1	25	2	170	4390	9.6761638	0	0
r-150-3	2	1	25	2	340	6380	31.9557546	668	3.2482743
r-150-3	2	1	25	3	170	4541	9.9407562	0	0
r-150-3	2	1	25	3	340	6827	28.083922	106	0.2805988
r-150-3	2	1.33	12	1	170	4522	17.0438777	5138	8.7251574
r-150-3	2	1.33	12	1	340	7190	46.1781397	3359	18.1531802
r-150-3	2	1.33	12	2	170	5112	9.3164861	1058	1.540176
r-150-3	2	1.33	12	2	340	8121	24.57805	72	0.1330035
r-150-3	2	1.33	12	3	170	5567	8.3546932	1121	1.3818978
r-150-3	2	1.33	12	3	340	8167	21.2510695	446	1.158462
r-150-3	2	1.33	25	1	170	4183	10.0491311	0	0
r-150-3	2	1.33	25	1	340	6286	30.4772226	0	0
r-150-3	2	1.33	25	2	170	4942	8.7759672	0	0
r-150-3	2	1.33	25	2	340	7346	25.0960366	1	0.0010954
r-150-3	2	1.33	25	3	170	5481	8.9887534	0	0
r-150-3	2	1.33	25	3	340	8050	29.7185092	1166	5.0093646
r-150-4	1	0.67	12	1	172	3343	16.3218721	1870	4.2362906
r-150-4	1	0.67	12	1	345	6065	44.6207815	1554	9.8073738
r-150-4	1	0.67	12	2	172	3563	22.1086748	2950	8.0054679
r-150-4	1	0.67	12	2	345	6037	39.3747498	431	2.8244063
r-150-4	1	0.67	12	3	172	3618	18.9856747	1497	4.165986
r-150-4	1	0.67	12	3	345	6167	43.2978863	908	6.1327123
r-150-4	1	0.67	24	1	172	3338	14.2876451	1040	2.3275482
r-150-4	1	0.67	24	1	345	5671	41.9716588	275	1.8136692
r-150-4	1	0.67	24	2	172	3646	17.4064486	843	2.162366
r-150-4	1	0.67	24	2	345	5696	47.1328647	1	0.0066763
r-150-4	1	0.67	24	3	172	3563	24.3133147	1800	6.2639262
r-150-4	1	0.67	24	3	345	5864	50.6392799	0	0
r-150-4	1	1	12	1	172	3651	8.0068358	517	0.6193625
r-150-4	1	1	12	1	345	6046	46.6938205	4149	20.7980145
r-150-4	1	1	12	2	172	3732	9.0595397	2042	2.5325717
r-150-4	1	1	12	2	345	6354	28.1835451	1723	6.1655718
r-150-4	1	1	12	3	172	4100	6.8688365	961	0.8996546
r-150-4	1	1	12	3	345	6619	20.8223003	594	1.8606211
r-150-4	1	1	24	1	172	3293	8.0508044	75	0.0892796
r-150-4	1	1	24	1	345	5784	25.1140494	0	0
r-150-4	1	1	24	2	172	3681	7.8526354	116	0.1171057
r-150-4	1	1	24	2	345	6105	21.6897242	0	0
r-150-4	1	1	24	3	172	3769	7.3985762	94	0.0685884
r-150-4	1	1	24	3	345	6449	25.3497726	1305	5.1413595
r-150-4	1	1.33	12	1	172	3912	7.8532559	368	0.4234163
r-150-4	1	1.33	12	1	345	6537	27.2510798	487	2.0196754
r-150-4	1	1.33	12	2	172	4222	6.9686937	456	0.4418857
r-150-4	1	1.33	12	2	345	7461	35.9613462	3490	14.3064865
r-150-4	1	1.33	12	3	172	4825	7.9323043	1947	2.0825479
r-150-4	1	1.33	12	3	345	8031	37.017282	5336	18.9893524
r-150-4	1	1.33	24	1	172	3613	8.3249884	137	0.1629998
r-150-4	1	1.33	24	1	345	6268	24.1680281	0	0
r-150-4	1	1.33	24	2	172	4029	9.1491853	1122	1.6222806
r-150-4	1	1.33	24	2	345	6801	21.3955638	0	0
r-150-4	1	1.33	24	3	172	4286	9.6112675	1828	2.4249706
r-150-4	1	1.33	24	3	345	7074	20.0674904	0	0
r-150-4	2	0.67	12	1	172	3932	15.6161288	2859	5.5565996
r-150-4	2	0.67	12	1	345	6494	45.3522055	3429	17.885458
r-150-4	2	0.67	12	2	172	4277	12.0957631	309	0.6026983
r-150-4	2	0.67	12	2	345	6551	30.7065784	485	2.0927821
r-150-4	2	0.67	12	3	172	4484	13.3162698	431	0.7886853
r-150-4	2	0.67	12	3	345	6598	30.1051842	414	1.5364262
r-150-4	2	0.67	24	1	172	4072	15.2226394	1309	2.8968863
r-150-4	2	0.67	24	1	345	6253	58.3615016	2796	20.5321173
r-150-4	2	0.67	24	2	172	4220	22.517744	2639	7.725557
r-150-4	2	0.67	24	2	345	6577	57.0775749	1857	14.7798103
r-150-4	2	0.67	24	3	172	4498	17.6988747	87	0.1611754
r-150-4	2	0.67	24	3	345	6668	51.0704598	925	6.9012459
r-150-4	2	1	12	1	172	4168	9.8606582	1265	1.7579408
r-150-4	2	1	12	1	345	6708	29.9340383	608	2.6261783
r-150-4	2	1	12	2	172	4820	15.5397883	5949	8.3906291
r-150-4	2	1	12	2	345	7124	24.3886004	354	1.1524679
r-150-4	2	1	12	3	172	5067	8.2896316	1383	1.5744551
r-150-4	2	1	12	3	345	7332	19.0915051	206	0.2349295
r-150-4	2	1	24	1	172	3710	10.48751	1023	1.6836183
r-150-4	2	1	24	1	345	6206	28.5471706	0	0
r-150-4	2	1	24	2	172	4466	9.891007	1110	1.6736931
r-150-4	2	1	24	2	345	7043	32.0288834	1166	5.509783
r-150-4	2	1	24	3	172	4829	17.4653986	5512	9.0751738
r-150-4	2	1	24	3	345	7397	38.6803518	2127	9.7914003
r-150-4	2	1.33	12	1	172	4881	14.144986	3585	5.8618896
r-150-4	2	1.33	12	1	345	7492	38.5843223	1618	9.1826098
r-150-4	2	1.33	12	2	172	5623	12.3299663	3233	4.709138
r-150-4	2	1.33	12	2	345	8306	28.7595699	827	3.3792448
r-150-4	2	1.33	12	3	172	6131	16.1447271	7158	9.5332861
r-150-4	2	1.33	12	3	345	8715	23.7129494	948	3.0487715
r-150-4	2	1.33	24	1	172	3892	9.5844515	111	0.1519345
r-150-4	2	1.33	24	1	345	6836	31.3174651	0	0
r-150-4	2	1.33	24	2	172	4903	19.5254476	6359	10.8123711
r-150-4	2	1.33	24	2	345	7724	56.8679897	4921	28.0250235
r-150-4	2	1.33	24	3	172	5903	23.6588748	8316	14.6288667
r-150-4	2	1.33	24	3	345	8635	35.5614032	1439	6.4796105
r-150-5	1	0.67	12	1	174	3849	21.1607505	3058	7.9296715
r-150-5	1	0.67	12	1	348	6054	40.1639593	55	0.2785369
r-150-5	1	0.67	12	2	174	3576	14.447437	70	0.1340507
r-150-5	1	0.67	12	2	348	6358	44.2612174	564	3.8078773
r-150-5	1	0.67	12	3	174	4081	21.5281447	2600	7.2900086
r-150-5	1	0.67	12	3	348	6460	90.0962701	6370	49.7930065
r-150-5	1	0.67	25	1	174	3598	16.4946277	786	2.1442553
r-150-5	1	0.67	25	1	348	5942	46.414704	15	0.0787888
r-150-5	1	0.67	25	2	174	3721	16.3180748	86	0.2163018
r-150-5	1	0.67	25	2	348	6083	51.3962737	0	0
r-150-5	1	0.67	25	3	174	3688	21.8906086	1182	4.1050156
r-150-5	1	0.67	25	3	348	6335	54.7554791	0	0
r-150-5	1	1	12	1	174	3656	8.596253	278	0.2816014
r-150-5	1	1	12	1	348	6258	46.7823551	3649	19.632891
r-150-5	1	1	12	2	174	4020	7.2734894	317	0.2727206
r-150-5	1	1	12	2	348	6659	45.6449884	5442	23.3339182
r-150-5	1	1	12	3	174	4173	6.7192913	665	0.6227484
r-150-5	1	1	12	3	348	7087	19.9463534	298	0.5376774
r-150-5	1	1	25	1	174	3643	14.6186033	3041	5.4620686
r-150-5	1	1	25	1	348	6015	26.9976204	4	0.0257905
r-150-5	1	1	25	2	174	3777	8.1427516	0	0
r-150-5	1	1	25	2	348	6489	23.1542936	0	0
r-150-5	1	1	25	3	174	3932	7.5675075	0	0
r-150-5	1	1	25	3	348	6727	21.6571927	0	0
r-150-5	1	1.33	12	1	174	4059	8.8307639	450	0.5776159
r-150-5	1	1.33	12	1	348	6837	55.0185261	5271	27.8917817
r-150-5	1	1.33	12	2	174	4772	10.5661039	2533	3.4889227
r-150-5	1	1.33	12	2	348	7937	45.1923403	5225	22.923944
r-150-5	1	1.33	12	3	174	5039	6.3631604	134	0.0977047
r-150-5	1	1.33	12	3	348	8418	21.1157878	689	1.9452841
r-150-5	1	1.33	25	1	174	4151	9.3525221	126	0.1928606
r-150-5	1	1.33	25	1	348	6259	26.3253833	0	0
r-150-5	1	1.33	25	2	174	4174	8.0841118	0	0
r-150-5	1	1.33	25	2	348	7010	23.6335692	0	0
r-150-5	1	1.33	25	3	174	4798	7.8014031	0	0
r-150-5	1	1.33	25	3	348	7852	19.2657324	0	0
r-150-5	2	0.67	12	1	174	4151	21.9968869	5311	11.2123691
r-150-5	2	0.67	12	1	348	6561	31.8469557	982	5.0819071
r-150-5	2	0.67	12	2	174	4373	13.1522761	470	0.9480583
r-150-5	2	0.67	12	2	348	6968	30.4898066	667	3.1140548
r-150-5	2	0.67	12	3	174	4484	20.6348066	2924	7.4585438
r-150-5	2	0.67	12	3	348	7020	29.3185454	381	1.7845649
r-150-5	2	0.67	25	1	174	4197	26.8623846	5038	13.3409027
r-150-5	2	0.67	25	1	348	6742	64.9281819	3854	26.598579
r-150-5	2	0.67	25	2	174	4481	19.3999266	1207	3.5936231
r-150-5	2	0.67	25	2	348	7093	79.1605018	4425	35.6509417
r-150-5	2	0.67	25	3	174	4812	20.6321626	722	2.4481193
r-150-5	2	0.67	25	3	348	7014	57.3745948	1460	12.1542699
r-150-5	2	1	12	1	174	4383	14.3193283	3431	5.7342828
r-150-5	2	1	12	1	348	7003	27.8730161	401	1.4080989
r-150-5	2	1	12	2	174	5260	11.229895	2288	3.3709691
r-150-5	2	1	12	2	348	7697	22.3450249	88	0.1340043
r-150-5	2	1	12	3	174	5566	23.4401084	12316	16.6312879
r-150-5	2	1	12	3	348	7772	28.3215116	2865	9.9010738
r-150-5	2	1	25	1	174	4007	16.1732032	3912	7.1355368
r-150-5	2	1	25	1	348	6503	38.6621684	2223	11.7190169
r-150-5	2	1	25	2	174	4424	11.4362511	1561	2.6868037
r-150-5	2	1	25	2	348	7297	39.6861112	2980	14.2579863
r-150-5	2	1	25	3	174	5047	8.4648464	0	0
r-150-5	2	1	25	3	348	7745	34.1260362	2249	9.2679607
r-150-5	2	1.33	12	1	174	4878	10.6747638	1276	2.019424
r-150-5	2	1.33	12	1	348	8089	31.9452793	1317	6.0664015
r-150-5	2	1.33	12	2	174	5860	8.6332091	639	0.7873147
r-150-5	2	1.33	12	2	348	9219	30.0110659	2164	8.7030524
r-150-5	2	1.33	12	3	174	6501	14.8613065	6171	8.1123482
r-150-5	2	1.33	12	3	348	9301	17.9002405	102	0.0887382
r-150-5	2	1.33	25	1	174	4292	10.6578605	867	1.5393878
r-150-5	2	1.33	25	1	348	7087	30.9345757	883	4.4369891
r-150-5	2	1.33	25	2	174	5247	8.7258338	0	0
r-150-5	2	1.33	25	2	348	8164	26.7967091	407	1.6265739
r-150-5	2	1.33	25	3	174	6114	8.7966709	0	0
r-150-5	2	1.33	25	3	348	9355	29.0576406	1002	4.2487113
AverageObj: 4183.21, IterToBest: 1773.08, TimeToBest: 2.81
