InstanceName	alpha	beta	L	m	Tmax	ObjValue	CpuTime	IterToBest	TimeToBest
r-75-1	1	0.67	12	1	131	1885	4.9670668	4154	2.4167897
r-75-1	1	0.67	12	1	263	3292	6.6789711	972	1.0375144
r-75-1	1	0.67	12	2	131	1963	4.0080406	2172	1.1784625
r-75-1	1	0.67	12	2	263	3302	7.2575335	1113	1.2836534
r-75-1	1	0.67	12	3	131	1945	3.876437	1692	0.9472656
r-75-1	1	0.67	12	3	263	3339	14.3484097	6861	8.2678545
r-75-1	1	0.67	24	1	131	1971	5.971181	3021	2.2347987
r-75-1	1	0.67	24	1	263	3418	12.9309528	1933	3.4167072
r-75-1	1	0.67	24	2	131	2047	5.0475749	50	0.0349025
r-75-1	1	0.67	24	2	263	3470	11.7198669	47	0.0639173
r-75-1	1	0.67	24	3	131	2158	5.8707879	91	0.0729323
r-75-1	1	0.67	24	3	263	3544	13.2650527	54	0.0740765
r-75-1	1	1	12	1	131	2009	2.8767716	1978	0.8043549
r-75-1	1	1	12	1	263	3369	15.0174398	9076	9.6180168
r-75-1	1	1	12	2	131	2161	4.0315596	6596	2.2723835
r-75-1	1	1	12	2	263	3509	4.7201481	655	0.4417388
r-75-1	1	1	12	3	131	2188	3.4604265	5658	1.8298164
r-75-1	1	1	12	3	263	3650	11.4274577	9678	7.4601099
r-75-1	1	1	24	1	131	2092	4.8378312	3665	2.0256438
r-75-1	1	1	24	1	263	3450	8.5692103	1297	1.6768419
r-75-1	1	1	24	2	131	2218	2.5449011	786	0.3210994
r-75-1	1	1	24	2	263	3675	7.2368471	2582	2.3876781
r-75-1	1	1	24	3	131	2378	2.1958056	365	0.1475991
r-75-1	1	1	24	3	263	3927	8.7855245	5287	4.3992903
r-75-1	1	1.33	12	1	131	2259	2.1192887	59	0.0188232
r-75-1	1	1.33	12	1	263	3879	5.7783469	468	0.4177569
r-75-1	1	1.33	12	2	131	2501	5.0294989	9564	3.2919724
r-75-1	1	1.33	12	2	263	4142	8.4075287	4949	4.0656989
r-75-1	1	1.33	12	3	131	2576	2.0442771	1381	0.3938705
r-75-1	1	1.33	12	3	263	4197	4.1059064	213	0.1063338
r-75-1	1	1.33	24	1	131	2376	3.3063096	819	0.423622
r-75-1	1	1.33	24	1	263	3960	9.4212912	1824	2.4042296
r-75-1	1	1.33	24	2	131	2723	4.1473805	4308	1.925101
r-75-1	1	1.33	24	2	263	4372	14.2440126	9631	9.3405323
r-75-1	1	1.33	24	3	131	2910	2.7817149	1684	0.6984471
r-75-1	1	1.33	24	3	263	4654	6.678913	2701	2.3059684
r-75-1	2	0.67	12	1	131	2059	2.6100428	251	0.1123398
r-75-1	2	0.67	12	1	263	3386	6.5185696	1445	1.3675687
r-75-1	2	0.67	12	2	131	2100	3.9406924	2560	1.308229
r-75-1	2	0.67	12	2	263	3423	5.2495239	76	0.0430524
r-75-1	2	0.67	12	3	131	2117	5.489063	5349	2.7950191
r-75-1	2	0.67	12	3	263	3412	5.4272929	191	0.1235122
r-75-1	2	0.67	24	1	131	2329	5.4964141	1042	0.9234179
r-75-1	2	0.67	24	1	263	3573	10.4740137	833	1.3773474
r-75-1	2	0.67	24	2	131	2583	9.6272081	2936	3.4811534
r-75-1	2	0.67	24	2	263	3628	9.8769243	120	0.1289137
r-75-1	2	0.67	24	3	131	2625	7.8362689	680	0.8954205
r-75-1	2	0.67	24	3	263	3651	12.0218803	1142	2.1314039
r-75-1	2	1	12	1	131	2429	3.7633997	4547	1.7727883
r-75-1	2	1	12	1	263	3737	6.8667009	2226	2.0826009
r-75-1	2	1	12	2	131	2467	1.9903853	766	0.2481654
r-75-1	2	1	12	2	263	3754	5.0528676	1280	0.9826437
r-75-1	2	1	12	3	131	2483	3.6020165	5787	1.933985
r-75-1	2	1	12	3	263	3827	6.6622904	3717	2.7893752
r-75-1	2	1	24	1	131	2602	2.717309	289	0.1225788
r-75-1	2	1	24	1	263	3934	8.0006237	2452	2.5141425
r-75-1	2	1	24	2	131	3062	2.5842455	475	0.1941041
r-75-1	2	1	24	2	263	3939	4.512604	263	0.1764865
r-75-1	2	1	24	3	131	3298	6.7068966	9926	4.4472114
r-75-1	2	1	24	3	263	3939	4.0457812	85	0.0408019
r-75-1	2	1.33	12	1	131	2685	2.4431375	1264	0.4616048
r-75-1	2	1.33	12	1	263	4217	4.8557346	98	0.0461009
r-75-1	2	1.33	12	2	131	2911	2.8102462	3088	1.0591708
r-75-1	2	1.33	12	2	263	4483	5.6137947	1974	1.5287613
r-75-1	2	1.33	12	3	131	2940	2.8194508	3396	1.1094678
r-75-1	2	1.33	12	3	263	4447	4.3651849	762	0.4649168
r-75-1	2	1.33	24	1	131	3068	5.4933732	5649	2.8890349
r-75-1	2	1.33	24	1	263	4546	8.6318757	2856	3.0864721
r-75-1	2	1.33	24	2	131	3725	4.8747923	5092	2.436842
r-75-1	2	1.33	24	2	263	4840	4.499184	57	0.0300369
r-75-1	2	1.33	24	3	131	4012	2.5363187	660	0.2685185
r-75-1	2	1.33	24	3	263	4929	5.5311303	1620	1.3003227
r-75-2	1	0.67	12	1	127	1753	3.5852893	951	0.4861353
r-75-2	1	0.67	12	1	254	3166	8.2837788	1979	2.2180042
r-75-2	1	0.67	12	2	127	1796	3.8933355	738	0.4598371
r-75-2	1	0.67	12	2	254	3198	9.4012282	2632	3.126634
r-75-2	1	0.67	12	3	127	1804	4.1209282	884	0.569252
r-75-2	1	0.67	12	3	254	3242	9.5311049	2594	3.1174724
r-75-2	1	0.67	24	1	127	1813	5.5854115	1282	1.0549111
r-75-2	1	0.67	24	1	254	3280	21.0185352	6438	11.8031153
r-75-2	1	0.67	24	2	127	1891	6.2723705	599	0.5894806
r-75-2	1	0.67	24	2	254	3315	14.6669408	1722	3.4104291
r-75-2	1	0.67	24	3	127	1932	12.3003835	4652	5.8200879
r-75-2	1	0.67	24	3	254	3384	12.9405049	51	0.0668901
r-75-2	1	1	12	1	127	1896	4.6598511	4032	2.0912521
r-75-2	1	1	12	1	254	3292	7.7346609	1898	2.0345055
r-75-2	1	1	12	2	127	2026	3.0737925	2775	1.0467258
r-75-2	1	1	12	2	254	3378	5.4448449	1342	1.0700028
r-75-2	1	1	12	3	127	2047	3.4929929	4525	1.6412069
r-75-2	1	1	12	3	254	3462	7.9464606	5258	3.9901599
r-75-2	1	1	24	1	127	1929	4.5783919	1458	0.9861732
r-75-2	1	1	24	1	254	3383	9.4571376	1505	2.1004904
r-75-2	1	1	24	2	127	2041	5.8355914	6073	3.1575174
r-75-2	1	1	24	2	254	3565	8.8410448	3756	3.7545821
r-75-2	1	1	24	3	127	2345	2.500444	292	0.1271153
r-75-2	1	1	24	3	254	3691	7.039462	2989	2.5419175
r-75-2	1	1.33	12	1	127	2141	6.0893845	6443	3.4153705
r-75-2	1	1.33	12	1	254	3737	6.6857581	921	0.8489449
r-75-2	1	1.33	12	2	127	2308	5.0297934	7176	2.9501518
r-75-2	1	1.33	12	2	254	4010	6.00651	1725	1.5193515
r-75-2	1	1.33	12	3	127	2365	2.9202345	2782	1.0239242
r-75-2	1	1.33	12	3	254	4127	7.7384686	4656	3.6755886
r-75-2	1	1.33	24	1	127	2171	5.9798621	3016	2.2191454
r-75-2	1	1.33	24	1	254	3824	13.3487614	4001	5.8582274
r-75-2	1	1.33	24	2	127	2395	2.76851	125	0.0593973
r-75-2	1	1.33	24	2	254	4211	10.6734177	5508	5.5470015
r-75-2	1	1.33	24	3	127	2796	4.1467167	3469	1.6637927
r-75-2	1	1.33	24	3	254	4539	7.8387268	3335	3.0824501
r-75-2	2	0.67	12	1	127	1928	4.15494	2641	1.4005835
r-75-2	2	0.67	12	1	254	3281	10.7920845	5559	5.6095961
r-75-2	2	0.67	12	2	127	2004	4.3983942	2848	1.5639732
r-75-2	2	0.67	12	2	254	3258	5.2547686	48	0.0275102
r-75-2	2	0.67	12	3	127	2069	4.5294412	2891	1.6207463
r-75-2	2	0.67	12	3	254	3314	6.2173184	1029	0.9777129
r-75-2	2	0.67	24	1	127	2022	4.7157925	457	0.3206982
r-75-2	2	0.67	24	1	254	3453	9.4108164	455	0.6234977
r-75-2	2	0.67	24	2	127	2255	6.0436992	590	0.5484837
r-75-2	2	0.67	24	2	254	3509	9.9426146	122	0.1478445
r-75-2	2	0.67	24	3	127	2280	8.283394	1833	2.1263855
r-75-2	2	0.67	24	3	254	3539	18.4707001	4055	8.0723549
r-75-2	2	1	12	1	127	2175	4.1640039	4329	1.9429457
r-75-2	2	1	12	1	254	3500	4.9304958	43	0.0190368
r-75-2	2	1	12	2	127	2374	3.4699644	4362	1.5899269
r-75-2	2	1	12	2	254	3582	8.4152098	5485	4.3500628
r-75-2	2	1	12	3	127	2454	1.7804037	38	0.0103555
r-75-2	2	1	12	3	254	3609	5.2263208	1959	1.399095
r-75-2	2	1	24	1	127	2379	3.7833814	1702	0.9200856
r-75-2	2	1	24	1	254	3798	8.4274622	2698	2.737601
r-75-2	2	1	24	2	127	2709	2.934298	858	0.3916463
r-75-2	2	1	24	2	254	3883	5.0723565	586	0.3335571
r-75-2	2	1	24	3	127	2796	2.890804	1101	0.5177289
r-75-2	2	1	24	3	254	3883	4.3815388	8	0.0084666
r-75-2	2	1.33	12	1	127	2515	2.9860333	1667	0.7199802
r-75-2	2	1.33	12	1	254	4060	9.5648939	4709	4.5744025
r-75-2	2	1.33	12	2	127	2934	6.3241595	11663	4.418796
r-75-2	2	1.33	12	2	254	4246	11.2675294	8472	7.0800609
r-75-2	2	1.33	12	3	127	2937	3.5304379	4724	1.7034924
r-75-2	2	1.33	12	3	254	4250	7.6616386	4588	3.6064546
r-75-2	2	1.33	24	1	127	2683	4.3318144	2411	1.3491167
r-75-2	2	1.33	24	1	254	4500	9.2955945	3176	3.5073228
r-75-2	2	1.33	24	2	127	3252	2.8394597	561	0.2510698
r-75-2	2	1.33	24	2	254	4717	13.2288345	9124	8.5388636
r-75-2	2	1.33	24	3	127	3517	5.768084	7083	3.347128
r-75-2	2	1.33	24	3	254	4822	5.3900942	910	0.7401666
r-75-3	1	0.67	13	1	131	1773	3.9394102	3135	1.5244817
r-75-3	1	0.67	13	1	262	3188	6.917813	1207	1.2790663
r-75-3	1	0.67	13	2	131	1804	2.6988635	393	0.1448273
r-75-3	1	0.67	13	2	262	3202	6.8909818	1025	1.0295479
r-75-3	1	0.67	13	3	131	1792	2.7014415	151	0.0522423
r-75-3	1	0.67	13	3	262	3235	10.453413	3881	4.4580957
r-75-3	1	0.67	26	1	131	1902	3.4250331	279	0.1309341
r-75-3	1	0.67	26	1	262	3272	9.2351591	43	0.0394989
r-75-3	1	0.67	26	2	131	2020	4.3396404	267	0.1856145
r-75-3	1	0.67	26	2	262	3345	13.5373814	977	2.0317887
r-75-3	1	0.67	26	3	131	1988	5.649204	965	0.878689
r-75-3	1	0.67	26	3	262	3357	17.508236	1779	4.5242904
r-75-3	1	1	13	1	131	1864	2.2351697	327	0.1088457
r-75-3	1	1	13	1	262	3287	9.314204	3399	3.692225
r-75-3	1	1	13	2	131	1928	1.8631547	409	0.1169402
r-75-3	1	1	13	2	262	3313	5.2120164	1282	0.9945589
r-75-3	1	1	13	3	131	1934	1.766372	584	0.1641176
r-75-3	1	1	13	3	262	3434	9.4156058	7452	5.5856514
r-75-3	1	1	26	1	131	1984	3.5881741	1523	0.8193662
r-75-3	1	1	26	1	262	3341	20.1822542	9063	12.8082549
r-75-3	1	1	26	2	131	2092	2.2184752	435	0.1650839
r-75-3	1	1	26	2	262	3492	6.4512255	1678	1.4419424
r-75-3	1	1	26	3	131	2179	2.0353883	332	0.1268217
r-75-3	1	1	26	3	262	3687	8.9417351	4914	4.3423825
r-75-3	1	1.33	13	1	131	2184	2.676474	1141	0.4610838
r-75-3	1	1.33	13	1	262	3860	5.8022433	296	0.1752734
r-75-3	1	1.33	13	2	131	2434	2.5240361	2167	0.7483619
r-75-3	1	1.33	13	2	262	3999	9.6042367	6494	5.3426006
r-75-3	1	1.33	13	3	131	2393	2.8303877	3629	1.1727127
r-75-3	1	1.33	13	3	262	4068	7.4992638	4743	3.6008598
r-75-3	1	1.33	26	1	131	2162	3.3233382	888	0.4633519
r-75-3	1	1.33	26	1	262	3760	7.5425049	77	0.0686102
r-75-3	1	1.33	26	2	131	2470	2.1695254	163	0.0664451
r-75-3	1	1.33	26	2	262	4205	7.6543022	2522	2.485173
r-75-3	1	1.33	26	3	131	2698	1.9992413	132	0.0552758
r-75-3	1	1.33	26	3	262	4514	9.5212177	5497	4.9055303
r-75-3	2	0.67	13	1	131	1948	3.37913	1986	0.9412386
r-75-3	2	0.67	13	1	262	3245	5.2798536	273	0.1887836
r-75-3	2	0.67	13	2	131	1986	4.7771813	4375	2.2075584
r-75-3	2	0.67	13	2	262	3320	6.2060775	1160	1.0420082
r-75-3	2	0.67	13	3	131	1965	2.6851146	210	0.0722245
r-75-3	2	0.67	13	3	262	3319	8.9145164	3662	3.7160026
r-75-3	2	0.67	26	1	131	2244	6.68061	3276	2.5961358
r-75-3	2	0.67	26	1	262	3438	18.9442885	5916	9.991303
r-75-3	2	0.67	26	2	131	2306	5.519114	492	0.3652888
r-75-3	2	0.67	26	2	262	3497	13.5184773	2147	3.8816113
r-75-3	2	0.67	26	3	131	2313	6.2242987	356	0.3350388
r-75-3	2	0.67	26	3	262	3518	14.3962635	2212	4.1901234
r-75-3	2	1	13	1	131	2121	4.2439191	5226	2.1204986
r-75-3	2	1	13	1	262	3436	5.9911871	1233	1.1185044
r-75-3	2	1	13	2	131	2186	1.8462895	158	0.0417446
r-75-3	2	1	13	2	262	3589	8.3219043	5545	4.35995
r-75-3	2	1	13	3	131	2241	4.7745901	9037	3.0947125
r-75-3	2	1	13	3	262	3604	4.014201	478	0.2718036
r-75-3	2	1	26	1	131	2438	4.0660855	3008	1.5003075
r-75-3	2	1	26	1	262	3751	19.152691	11947	13.4247399
r-75-3	2	1	26	2	131	2772	3.5480689	2843	1.2610802
r-75-3	2	1	26	2	262	3763	4.481608	21	0.0119428
r-75-3	2	1	26	3	131	2924	5.6024255	7797	3.3617701
r-75-3	2	1	26	3	262	3763	4.2130902	16	0.0109465
r-75-3	2	1.33	13	1	131	2520	3.2742215	2883	1.1617356
r-75-3	2	1.33	13	1	262	4037	7.0653252	2446	2.2543092
r-75-3	2	1.33	13	2	131	2662	2.7800136	2840	0.9590039
r-75-3	2	1.33	13	2	262	4316	4.2127134	373	0.207468
r-75-3	2	1.33	13	3	131	2674	1.9601843	691	0.2127884
r-75-3	2	1.33	13	3	262	4419	6.6998789	3864	2.8521657
r-75-3	2	1.33	26	1	131	2842	4.6084767	3829	1.9646523
r-75-3	2	1.33	26	1	262	4359	5.6464087	54	0.0283784
r-75-3	2	1.33	26	2	131	3256	6.3341829	8719	3.9827165
r-75-3	2	1.33	26	2	262	4649	7.6472345	3267	2.9844086
r-75-3	2	1.33	26	3	131	3524	3.0377381	1864	0.7801181
r-75-3	2	1.33	26	3	262	4726	8.2316086	4237	3.7341914
r-75-4	1	0.67	12	1	133	1866	2.8726909	400	0.1603995
r-75-4	1	0.67	12	1	266	3165	10.7753289	4723	5.1682703
r-75-4	1	0.67	12	2	133	1841	4.3789318	2542	1.4693163
r-75-4	1	0.67	12	2	266	3216	5.9986551	94	0.058975
r-75-4	1	0.67	12	3	133	1844	3.6522677	1068	0.6165738
r-75-4	1	0.67	12	3	266	3261	9.5354363	3080	3.4759997
r-75-4	1	0.67	24	1	133	1975	4.69132	842	0.648952
r-75-4	1	0.67	24	1	266	3321	13.9363556	2453	4.4143027
r-75-4	1	0.67	24	2	133	1990	5.5819992	294	0.2542097
r-75-4	1	0.67	24	2	266	3348	11.7902297	41	0.0415282
r-75-4	1	0.67	24	3	133	2069	6.3995656	235	0.2061983
r-75-4	1	0.67	24	3	266	3410	13.1641397	26	0.0353935
r-75-4	1	1	12	1	133	1934	3.2799219	2508	1.0818558
r-75-4	1	1	12	1	266	3265	6.2269387	686	0.6163206
r-75-4	1	1	12	2	133	1973	2.0932982	828	0.2761331
r-75-4	1	1	12	2	266	3376	4.5316746	250	0.0963829
r-75-4	1	1	12	3	133	2029	1.7461256	135	0.0363862
r-75-4	1	1	12	3	266	3464	6.8600506	3764	2.8123026
r-75-4	1	1	24	1	133	1945	6.4968885	5960	3.5103745
r-75-4	1	1	24	1	266	3321	7.3044845	68	0.0585894
r-75-4	1	1	24	2	133	2157	3.0185956	1630	0.7394941
r-75-4	1	1	24	2	266	3499	5.50201	488	0.4245129
r-75-4	1	1	24	3	133	2349	3.1827881	2292	0.9783874
r-75-4	1	1	24	3	266	3662	5.9849329	1695	1.4270838
r-75-4	1	1.33	12	1	133	2145	3.4397735	2766	1.1920934
r-75-4	1	1.33	12	1	266	3832	5.8526461	320	0.2156662
r-75-4	1	1.33	12	2	133	2319	2.4286531	1678	0.591295
r-75-4	1	1.33	12	2	266	3920	4.4682223	61	0.0244145
r-75-4	1	1.33	12	3	133	2405	2.478684	2357	0.7556557
r-75-4	1	1.33	12	3	266	4038	4.58398	743	0.4809117
r-75-4	1	1.33	24	1	133	2177	5.1567486	3581	2.1214014
r-75-4	1	1.33	24	1	266	3801	13.8924925	4568	6.5578588
r-75-4	1	1.33	24	2	133	2632	5.8025536	7611	3.4646641
r-75-4	1	1.33	24	2	266	4210	6.3013703	1297	1.1637911
r-75-4	1	1.33	24	3	133	2880	5.9364875	8610	3.7236578
r-75-4	1	1.33	24	3	266	4515	6.0907682	1651	1.4405525
r-75-4	2	0.67	12	1	133	2074	2.66193	128	0.0521294
r-75-4	2	0.67	12	1	266	3306	5.3224568	146	0.087456
r-75-4	2	0.67	12	2	133	2133	4.8086002	4080	2.1309647
r-75-4	2	0.67	12	2	266	3321	6.9244202	1652	1.6418499
r-75-4	2	0.67	12	3	133	2230	2.8228776	227	0.1018325
r-75-4	2	0.67	12	3	266	3314	5.2828061	42	0.0229214
r-75-4	2	0.67	24	1	133	2264	5.1809639	410	0.3338314
r-75-4	2	0.67	24	1	266	3478	12.0349219	1673	2.7847038
r-75-4	2	0.67	24	2	133	2426	9.8139879	2865	3.5328084
r-75-4	2	0.67	24	2	266	3552	23.1785699	6568	13.0191587
r-75-4	2	0.67	24	3	133	2487	7.4180685	344	0.350091
r-75-4	2	0.67	24	3	266	3562	15.311042	2400	4.8531424
r-75-4	2	1	12	1	133	2360	3.8395065	4361	1.7653964
r-75-4	2	1	12	1	266	3562	9.5876591	4714	4.5993456
r-75-4	2	1	12	2	133	2497	3.2573411	3948	1.4215424
r-75-4	2	1	12	2	266	3649	4.6902936	668	0.4613999
r-75-4	2	1	12	3	133	2520	2.0356519	846	0.2614241
r-75-4	2	1	12	3	266	3649	7.4792478	4588	3.4569844
r-75-4	2	1	24	1	133	2610	6.7817802	7360	3.9853739
r-75-4	2	1	24	1	266	3768	7.5455433	1713	1.7793786
r-75-4	2	1	24	2	133	2962	4.0585862	3317	1.5901544
r-75-4	2	1	24	2	266	3873	4.7907694	205	0.1049881
r-75-4	2	1	24	3	133	3117	5.9441603	7664	3.5679172
r-75-4	2	1	24	3	266	3873	4.3867521	77	0.0379851
r-75-4	2	1.33	12	1	133	2758	2.2465072	469	0.1593213
r-75-4	2	1.33	12	1	266	4065	5.6338335	601	0.565539
r-75-4	2	1.33	12	2	133	2961	2.0951496	587	0.2053578
r-75-4	2	1.33	12	2	266	4266	6.0146448	2042	1.6526607
r-75-4	2	1.33	12	3	133	3139	2.5062305	2045	0.6920008
r-75-4	2	1.33	12	3	266	4359	5.4806356	1837	1.3072761
r-75-4	2	1.33	24	1	133	3072	3.9124585	2057	1.1075142
r-75-4	2	1.33	24	1	266	4420	10.7461488	4247	4.8325776
r-75-4	2	1.33	24	2	133	3544	3.949472	2975	1.4439861
r-75-4	2	1.33	24	2	266	4729	10.5649795	6414	5.7978966
r-75-4	2	1.33	24	3	133	3800	4.1160837	3573	1.684524
r-75-4	2	1.33	24	3	266	4808	12.2387964	8545	7.6913876
r-75-5	1	0.67	12	1	124	1681	3.9446933	3803	1.6539497
r-75-5	1	0.67	12	1	249	3199	6.3068195	544	0.5026479
r-75-5	1	0.67	12	2	124	1754	2.9532211	810	0.3703962
r-75-5	1	0.67	12	2	249	3214	6.4513039	109	0.0665076
r-75-5	1	0.67	12	3	124	1713	3.1193955	1009	0.4841312
r-75-5	1	0.67	12	3	249	3320	12.9892341	5190	6.5185119
r-75-5	1	0.67	25	1	124	1725	3.1298898	139	0.0608253
r-75-5	1	0.67	25	1	249	3353	8.7959373	61	0.0591225
r-75-5	1	0.67	25	2	124	1853	6.794591	3612	2.8213668
r-75-5	1	0.67	25	2	249	3468	13.1162184	1076	2.2006089
r-75-5	1	0.67	25	3	124	1846	4.6334771	145	0.091512
r-75-5	1	0.67	25	3	249	3472	16.2041464	1644	3.8819738
r-75-5	1	1	12	1	124	1766	2.3214702	1275	0.4431347
r-75-5	1	1	12	1	249	3357	8.4714028	3160	3.2111647
r-75-5	1	1	12	2	124	1897	2.1368039	1875	0.5715876
r-75-5	1	1	12	2	249	3510	5.2094361	1430	1.1032614
r-75-5	1	1	12	3	124	1862	3.3948212	6527	1.9209071
r-75-5	1	1	12	3	249	3545	7.6313853	5284	3.8417241
r-75-5	1	1	25	1	124	1880	8.6604928	13522	6.2955065
r-75-5	1	1	25	1	249	3413	12.2827952	4235	5.6049563
r-75-5	1	1	25	2	124	1948	2.1735496	873	0.3081781
r-75-5	1	1	25	2	249	3642	5.0858884	653	0.4205197
r-75-5	1	1	25	3	124	2097	1.9514239	470	0.1683281
r-75-5	1	1	25	3	249	3856	7.7952976	4346	3.5713852
r-75-5	1	1.33	12	1	124	1983	2.1439758	810	0.2641625
r-75-5	1	1.33	12	1	249	3844	9.9682749	4536	4.7001504
r-75-5	1	1.33	12	2	124	2186	1.6126752	244	0.0614404
r-75-5	1	1.33	12	2	249	4184	4.1875737	101	0.0390514
r-75-5	1	1.33	12	3	124	2223	1.877586	1372	0.3895627
r-75-5	1	1.33	12	3	249	4158	5.0993606	1846	1.2947145
r-75-5	1	1.33	25	1	124	2045	4.3358755	4114	1.9440143
r-75-5	1	1.33	25	1	249	3853	7.8485965	970	1.0851652
r-75-5	1	1.33	25	2	124	2323	3.2709116	3706	1.3757854
r-75-5	1	1.33	25	2	249	4273	8.2229915	3748	3.4387313
r-75-5	1	1.33	25	3	124	2506	2.2256848	1207	0.4291266
r-75-5	1	1.33	25	3	249	4625	10.849938	7769	6.5693074
r-75-5	2	0.67	12	1	124	1882	2.518996	609	0.2462288
r-75-5	2	0.67	12	1	249	3404	5.7375937	468	0.4218458
r-75-5	2	0.67	12	2	124	1962	2.7665728	944	0.428435
r-75-5	2	0.67	12	2	249	3486	5.3400414	139	0.0808462
r-75-5	2	0.67	12	3	124	2013	4.4129771	4268	2.023804
r-75-5	2	0.67	12	3	249	3419	5.8551582	613	0.5941041
r-75-5	2	0.67	25	1	124	2009	4.0248213	285	0.1997195
r-75-5	2	0.67	25	1	249	3542	9.7547708	583	0.8674128
r-75-5	2	0.67	25	2	124	2273	13.0978552	7949	8.0288278
r-75-5	2	0.67	25	2	249	3579	10.0556158	95	0.0952683
r-75-5	2	0.67	25	3	124	2355	12.2675575	5339	6.271864
r-75-5	2	0.67	25	3	249	3589	21.1696349	5451	10.8876043
r-75-5	2	1	12	1	124	1978	2.8574542	3114	1.0726551
r-75-5	2	1	12	1	249	3634	8.7802217	4788	4.1781851
r-75-5	2	1	12	2	124	2257	1.8961364	1200	0.3404515
r-75-5	2	1	12	2	249	3757	4.366669	803	0.5415797
r-75-5	2	1	12	3	124	2306	2.2964436	2743	0.8021042
r-75-5	2	1	12	3	249	3820	4.5664904	1392	0.9405024
r-75-5	2	1	25	1	124	2230	5.2365107	6376	2.9271235
r-75-5	2	1	25	1	249	3857	7.8118287	2431	2.3980279
r-75-5	2	1	25	2	124	2666	4.4659605	6070	2.4095241
r-75-5	2	1	25	2	249	3877	4.5030145	133	0.0652249
r-75-5	2	1	25	3	124	2922	2.4040572	1220	0.4533357
r-75-5	2	1	25	3	249	3877	4.171279	17	0.0104676
r-75-5	2	1.33	12	1	124	2473	1.9093656	325	0.08533
r-75-5	2	1.33	12	1	249	4088	4.7366031	267	0.1482192
r-75-5	2	1.33	12	2	124	2606	3.0306299	4755	1.452475
r-75-5	2	1.33	12	2	249	4407	4.578766	1110	0.6919174
r-75-5	2	1.33	12	3	124	2663	1.5416612	118	0.0267225
r-75-5	2	1.33	12	3	249	4468	5.7492033	2967	2.0356006
r-75-5	2	1.33	25	1	124	2734	4.0674585	3982	1.7801842
r-75-5	2	1.33	25	1	249	4533	8.4500891	2919	3.0470097
r-75-5	2	1.33	25	2	124	3141	2.4253029	1034	0.3848245
r-75-5	2	1.33	25	2	249	4728	4.6793599	341	0.2205591
r-75-5	2	1.33	25	3	124	3717	5.4298764	8958	3.4649617
r-75-5	2	1.33	25	3	249	4822	10.538346	7298	6.24424
r-100-1	1	0.67	12	1	146	2497	12.7003987	5315	6.4990242
r-100-1	1	0.67	12	1	292	4419	29.9228288	4655	14.3835303
r-100-1	1	0.67	12	2	146	2575	14.1657568	5624	7.4545967
r-100-1	1	0.67	12	2	292	4575	18.1627539	679	1.9151839
r-100-1	1	0.67	12	3	146	2622	6.9751014	77	0.0641997
r-100-1	1	0.67	12	3	292	4610	23.928579	2492	7.4911882
r-100-1	1	0.67	25	1	146	2562	23.8150471	9374	15.4296937
r-100-1	1	0.67	25	1	292	4453	25.1170086	223	0.7451768
r-100-1	1	0.67	25	2	146	2632	10.6406131	91	0.1168505
r-100-1	1	0.67	25	2	292	4686	29.8843285	86	0.233108
r-100-1	1	0.67	25	3	146	2721	12.1280515	98	0.1448732
r-100-1	1	0.67	25	3	292	4767	57.2416891	3641	23.735789
r-100-1	1	1	12	1	146	2631	5.5590815	933	0.8004996
r-100-1	1	1	12	1	292	4631	15.2191753	733	1.8247826
r-100-1	1	1	12	2	146	2770	4.5090557	992	0.6295181
r-100-1	1	1	12	2	292	4775	11.8571791	1223	2.0645163
r-100-1	1	1	12	3	146	2886	9.8588182	9216	6.3912216
r-100-1	1	1	12	3	292	4867	9.5214644	770	0.9911077
r-100-1	1	1	25	1	146	2654	8.9805618	1968	2.512654
r-100-1	1	1	25	1	292	4588	35.019068	5309	17.9665335
r-100-1	1	1	25	2	146	2821	8.5247696	3917	3.733347
r-100-1	1	1	25	2	292	4896	18.1158155	2978	6.6367092
r-100-1	1	1	25	3	146	3023	5.4678985	1468	1.2122124
r-100-1	1	1	25	3	292	5064	32.3345121	11185	22.1815598
r-100-1	1	1.33	12	1	146	3004	9.638781	4843	4.7224169
r-100-1	1	1.33	12	1	292	5279	16.9736045	1519	3.8484853
r-100-1	1	1.33	12	2	146	3193	4.1168996	450	0.3037228
r-100-1	1	1.33	12	2	292	5716	10.9196	693	1.1254998
r-100-1	1	1.33	12	3	146	3445	7.4396706	5633	3.8980878
r-100-1	1	1.33	12	3	292	5917	10.3969178	1240	1.9083941
r-100-1	1	1.33	25	1	146	3037	9.287928	2140	2.709021
r-100-1	1	1.33	25	1	292	5256	18.2031545	343	0.90277
r-100-1	1	1.33	25	2	146	3408	4.9672691	110	0.0891979
r-100-1	1	1.33	25	2	292	5813	20.0130046	3559	8.2261842
r-100-1	1	1.33	25	3	146	3595	4.5472939	177	0.1319581
r-100-1	1	1.33	25	3	292	6146	21.9928709	5788	11.7744593
r-100-1	2	0.67	12	1	146	2698	8.6517372	2335	2.7219812
r-100-1	2	0.67	12	1	292	4606	13.4351275	265	0.3968685
r-100-1	2	0.67	12	2	146	2693	6.1521682	243	0.2208878
r-100-1	2	0.67	12	2	292	4666	17.5614905	1975	4.751415
r-100-1	2	0.67	12	3	146	2725	7.5833393	1461	1.6244306
r-100-1	2	0.67	12	3	292	4645	13.1451832	272	0.4123049
r-100-1	2	0.67	25	1	146	2733	13.1172905	1752	3.305186
r-100-1	2	0.67	25	1	292	4763	27.0617001	990	3.8048595
r-100-1	2	0.67	25	2	146	2956	12.4516555	552	1.1225625
r-100-1	2	0.67	25	2	292	4799	24.4601652	96	0.2552278
r-100-1	2	0.67	25	3	146	3116	13.1340295	281	0.5694408
r-100-1	2	0.67	25	3	292	4822	53.9174731	6040	29.1014282
r-100-1	2	1	12	1	146	3002	5.1093232	694	0.5993806
r-100-1	2	1	12	1	292	5015	11.6318616	280	0.3655858
r-100-1	2	1	12	2	146	3095	5.9151428	2756	2.0718563
r-100-1	2	1	12	2	292	5079	8.9185087	158	0.1206388
r-100-1	2	1	12	3	146	3142	4.5824588	1531	1.0394531
r-100-1	2	1	12	3	292	5098	14.3181665	3980	6.3281904
r-100-1	2	1	25	1	146	3232	11.758887	5219	5.927243
r-100-1	2	1	25	1	292	5106	17.2865285	1482	3.702781
r-100-1	2	1	25	2	146	3628	10.2578781	5502	5.273468
r-100-1	2	1	25	2	292	5146	11.1436973	233	0.2655386
r-100-1	2	1	25	3	146	4000	15.1001843	10519	10.153788
r-100-1	2	1	25	3	292	5146	10.7529636	49	0.0469298
r-100-1	2	1.33	12	1	146	3379	4.8038902	161	0.1016498
r-100-1	2	1.33	12	1	292	5751	11.8087291	63	0.0530271
r-100-1	2	1.33	12	2	146	3706	4.8910702	1229	0.9288593
r-100-1	2	1.33	12	2	292	6033	17.5991103	4445	8.302517
r-100-1	2	1.33	12	3	146	3779	4.0923958	565	0.3606147
r-100-1	2	1.33	12	3	292	6113	34.1662881	14577	25.4713398
r-100-1	2	1.33	25	1	146	3616	8.8259852	2360	2.7933076
r-100-1	2	1.33	25	1	292	5957	21.3065357	2617	7.1264492
r-100-1	2	1.33	25	2	146	4402	7.4351442	2070	2.1074298
r-100-1	2	1.33	25	2	292	6268	22.9931863	4898	11.1664708
r-100-1	2	1.33	25	3	146	4970	7.112887	2168	2.1109471
r-100-1	2	1.33	25	3	292	6457	10.9317116	54	0.0477427
r-100-2	1	0.67	12	1	139	2677	11.3601243	3676	4.749951
r-100-2	1	0.67	12	1	278	4341	39.3061251	7188	23.1417824
r-100-2	1	0.67	12	2	139	2611	8.9705682	1444	1.8204859
r-100-2	1	0.67	12	2	278	4434	23.7573048	2187	6.8793631
r-100-2	1	0.67	12	3	139	2679	10.188149	2136	2.9620371
r-100-2	1	0.67	12	3	278	4394	19.7243499	932	2.8101629
r-100-2	1	0.67	25	1	139	2668	10.935854	1585	2.5364961
r-100-2	1	0.67	25	1	278	4399	25.53825	348	1.1368288
r-100-2	1	0.67	25	2	139	2656	10.8128093	169	0.1904089
r-100-2	1	0.67	25	2	278	4575	53.4392006	4248	24.2212168
r-100-2	1	0.67	25	3	139	2910	12.5763687	188	0.2812752
r-100-2	1	0.67	25	3	278	4461	33.3540346	78	0.2412191
r-100-2	1	1	12	1	139	2655	4.8797442	663	0.5091984
r-100-2	1	1	12	1	278	4382	24.2091073	4887	11.7816534
r-100-2	1	1	12	2	139	2790	6.4839317	4216	2.9681222
r-100-2	1	1	12	2	278	4542	19.0209114	5183	9.832677
r-100-2	1	1	12	3	139	2978	3.3545102	425	0.2029723
r-100-2	1	1	12	3	278	4727	31.5326638	14492	23.34558
r-100-2	1	1	25	1	139	2681	6.9117882	825	0.9501479
r-100-2	1	1	25	1	278	4433	21.4982715	2079	6.0241427
r-100-2	1	1	25	2	139	2841	5.000343	795	0.6783115
r-100-2	1	1	25	2	278	4752	11.4679223	690	1.1523267
r-100-2	1	1	25	3	139	2951	5.4518909	2054	1.5770098
r-100-2	1	1	25	3	278	4887	16.9814646	4369	7.4871192
r-100-2	1	1.33	12	1	139	3051	7.4884701	3355	3.0169819
r-100-2	1	1.33	12	1	278	5028	16.9381126	1970	4.6364601
r-100-2	1	1.33	12	2	139	3369	4.3046469	1088	0.7169445
r-100-2	1	1.33	12	2	278	5331	9.491604	186	0.1925982
r-100-2	1	1.33	12	3	139	3454	5.2106575	3121	1.9696274
r-100-2	1	1.33	12	3	278	5541	9.1360889	620	0.8579411
r-100-2	1	1.33	25	1	139	2940	6.8111665	663	0.7357315
r-100-2	1	1.33	25	1	278	5089	15.8035276	102	0.1607585
r-100-2	1	1.33	25	2	139	3365	4.7094524	536	0.3385221
r-100-2	1	1.33	25	2	278	5614	13.3805966	1436	2.7588825
r-100-2	1	1.33	25	3	139	3674	7.3855134	4253	3.3804948
r-100-2	1	1.33	25	3	278	6006	22.8514967	7191	13.3035607
r-100-2	2	0.67	12	1	139	2751	6.3594286	396	0.3536959
r-100-2	2	0.67	12	1	278	4458	14.8766394	493	0.9795357
r-100-2	2	0.67	12	2	139	2778	6.421737	427	0.4021601
r-100-2	2	0.67	12	2	278	4514	18.6058763	1866	4.8104344
r-100-2	2	0.67	12	3	139	2766	6.2736989	260	0.2008516
r-100-2	2	0.67	12	3	278	4520	14.4207591	392	0.6959982
r-100-2	2	0.67	25	1	139	2941	20.5690935	5762	10.8657697
r-100-2	2	0.67	25	1	278	4642	23.7816794	165	0.3962261
r-100-2	2	0.67	25	2	139	2983	17.7446934	2576	5.7730058
r-100-2	2	0.67	25	2	278	4697	47.3937578	4257	21.4212206
r-100-2	2	0.67	25	3	139	3127	14.4316972	223	0.3731446
r-100-2	2	0.67	25	3	278	4719	29.2663051	598	2.5203671
r-100-2	2	1	12	1	139	2997	6.9392462	3190	2.6755647
r-100-2	2	1	12	1	278	4798	14.5721761	1863	3.7067138
r-100-2	2	1	12	2	139	3162	6.8512634	4718	3.2652546
r-100-2	2	1	12	2	278	4987	10.5896687	1222	1.8454675
r-100-2	2	1	12	3	139	3286	7.7238778	6963	4.4798058
r-100-2	2	1	12	3	278	4931	8.3576094	447	0.4076538
r-100-2	2	1	25	1	139	3202	13.0612557	7259	7.6897344
r-100-2	2	1	25	1	278	5063	36.7392256	9523	23.7509828
r-100-2	2	1	25	2	139	3553	7.1652348	2451	2.2985291
r-100-2	2	1	25	2	278	5147	13.8196725	1909	3.553046
r-100-2	2	1	25	3	139	3711	11.1961807	7473	6.6711884
r-100-2	2	1	25	3	278	5147	9.5571146	35	0.0321674
r-100-2	2	1.33	12	1	139	3464	4.7967869	810	0.6017823
r-100-2	2	1.33	12	1	278	5550	11.0126631	277	0.2819141
r-100-2	2	1.33	12	2	139	3716	6.2541896	3876	2.656888
r-100-2	2	1.33	12	2	278	5788	9.0511608	236	0.164673
r-100-2	2	1.33	12	3	139	3867	4.2359658	1362	0.8539658
r-100-2	2	1.33	12	3	278	5895	8.3147944	355	0.2732775
r-100-2	2	1.33	25	1	139	3676	7.4934273	2024	2.0670456
r-100-2	2	1.33	25	1	278	5798	13.4887176	106	0.1357243
r-100-2	2	1.33	25	2	139	4329	9.0393189	4206	4.1023206
r-100-2	2	1.33	25	2	278	6215	10.8894806	191	0.201031
r-100-2	2	1.33	25	3	139	4604	7.0710365	2516	2.3268149
r-100-2	2	1.33	25	3	278	6408	23.1310522	6370	12.7968085
r-100-3	1	0.67	12	1	145	2317	6.5754409	754	0.723523
r-100-3	1	0.67	12	1	290	4460	29.072423	4738	13.9904382
r-100-3	1	0.67	12	2	145	2356	7.3302073	772	0.8848769
r-100-3	1	0.67	12	2	290	4590	16.37659	113	0.2071647
r-100-3	1	0.67	12	3	145	2435	6.8965848	182	0.1549519
r-100-3	1	0.67	12	3	290	4556	16.7093711	129	0.242235
r-100-3	1	0.67	25	1	145	2414	8.2005475	206	0.1862043
r-100-3	1	0.67	25	1	290	4643	25.6219055	513	2.1926784
r-100-3	1	0.67	25	2	145	2596	10.518479	294	0.3429559
r-100-3	1	0.67	25	2	290	4746	28.8094626	118	0.3464212
r-100-3	1	0.67	25	3	145	2616	11.87503	207	0.2860835
r-100-3	1	0.67	25	3	290	4905	32.6135276	154	0.4761442
r-100-3	1	1	12	1	145	2416	6.3026741	1920	1.7259071
r-100-3	1	1	12	1	290	4612	33.9585876	7853	20.6576023
r-100-3	1	1	12	2	145	2562	3.7722079	359	0.2129245
r-100-3	1	1	12	2	290	4888	12.6849846	1752	2.9551761
r-100-3	1	1	12	3	145	2674	5.1087118	2930	1.8172382
r-100-3	1	1	12	3	290	4862	11.7043794	2093	3.17962
r-100-3	1	1	25	1	145	2453	6.8880143	624	0.6600612
r-100-3	1	1	25	1	290	4618	25.2852938	2728	8.5949444
r-100-3	1	1	25	2	145	2817	6.4315931	1963	1.7564724
r-100-3	1	1	25	2	290	4938	14.7434593	1780	3.6080693
r-100-3	1	1	25	3	145	2960	5.1189331	1137	0.8803237
r-100-3	1	1	25	3	290	5313	17.852647	4396	8.0656878
r-100-3	1	1.33	12	1	145	2841	7.6758485	3405	3.0424278
r-100-3	1	1.33	12	1	290	5231	17.4332298	1863	4.3791357
r-100-3	1	1.33	12	2	145	3097	6.3508396	3902	2.7616051
r-100-3	1	1.33	12	2	290	5597	10.735955	741	1.0714471
r-100-3	1	1.33	12	3	145	3215	3.3832248	85	0.039197
r-100-3	1	1.33	12	3	290	5790	16.2505773	4478	7.5743086
r-100-3	1	1.33	25	1	145	2828	6.6531221	239	0.2226651
r-100-3	1	1.33	25	1	290	5335	19.5748695	829	2.4453497
r-100-3	1	1.33	25	2	145	3220	6.4960438	1897	1.7396942
r-100-3	1	1.33	25	2	290	5893	17.1106988	2807	6.1679366
r-100-3	1	1.33	25	3	145	3568	6.6506089	3279	2.5895766
r-100-3	1	1.33	25	3	290	6395	24.7316541	8214	15.1950549
r-100-3	2	0.67	12	1	145	2505	5.5363763	118	0.0932099
r-100-3	2	0.67	12	1	290	4566	20.0202331	2747	7.0391197
r-100-3	2	0.67	12	2	145	2709	8.6454965	2573	2.8461223
r-100-3	2	0.67	12	2	290	4697	13.4697944	286	0.5365972
r-100-3	2	0.67	12	3	145	2816	8.2379463	2131	2.3950509
r-100-3	2	0.67	12	3	290	4720	13.0380305	90	0.136844
r-100-3	2	0.67	25	1	145	2752	16.0484741	3926	6.9901942
r-100-3	2	0.67	25	1	290	4817	24.4041168	624	2.0861256
r-100-3	2	0.67	25	2	145	3084	23.5650776	4815	11.4526692
r-100-3	2	0.67	25	2	290	4985	38.8310287	2850	13.4568162
r-100-3	2	0.67	25	3	145	3232	16.2382094	927	2.1845367
r-100-3	2	0.67	25	3	290	4990	30.9299843	1096	4.9203106
r-100-3	2	1	12	1	145	2888	6.8125701	3400	2.6933906
r-100-3	2	1	12	1	290	4965	12.4964524	963	1.6038211
r-100-3	2	1	12	2	145	3209	5.071333	2245	1.5550314
r-100-3	2	1	12	2	290	5295	9.4992707	528	0.6423788
r-100-3	2	1	12	3	145	3292	4.9095486	2658	1.6664235
r-100-3	2	1	12	3	290	5327	11.9235322	2421	3.8001117
r-100-3	2	1	25	1	145	3149	10.8059217	5019	5.3531992
r-100-3	2	1	25	1	290	5403	25.6520144	4999	12.764759
r-100-3	2	1	25	2	145	3785	5.2344629	415	0.3575838
r-100-3	2	1	25	2	290	5430	10.3544601	137	0.1307738
r-100-3	2	1	25	3	145	4096	6.3461694	1847	1.6001164
r-100-3	2	1	25	3	290	5430	9.7662881	90	0.081616
r-100-3	2	1.33	12	1	145	3373	12.5162585	10178	8.3697486
r-100-3	2	1.33	12	1	290	5799	13.9945232	1584	3.2045931
r-100-3	2	1.33	12	2	145	3800	3.711505	293	0.1526558
r-100-3	2	1.33	12	2	290	6218	20.3182231	6539	11.4474095
r-100-3	2	1.33	12	3	145	4062	3.9296127	1054	0.6078238
r-100-3	2	1.33	12	3	290	6355	8.3239666	57	0.0310342
r-100-3	2	1.33	25	1	145	3667	11.132247	5422	5.7684617
r-100-3	2	1.33	25	1	290	6221	14.0637024	584	1.0046344
r-100-3	2	1.33	25	2	145	4669	7.753538	2856	2.7672584
r-100-3	2	1.33	25	2	290	6684	10.7753612	161	0.1896452
r-100-3	2	1.33	25	3	145	5176	10.33822	6143	5.653626
r-100-3	2	1.33	25	3	290	6788	22.5330449	6312	12.552012
r-100-4	1	0.67	13	1	138	2222	8.2153701	2156	2.3373918
r-100-4	1	0.67	13	1	277	4082	16.1535221	213	0.4309639
r-100-4	1	0.67	13	2	138	2320	10.1906016	2925	3.715761
r-100-4	1	0.67	13	2	277	4080	25.6981969	2864	9.2084985
r-100-4	1	0.67	13	3	138	2375	7.1330523	494	0.5380653
r-100-4	1	0.67	13	3	277	4230	23.2011579	2070	6.431794
r-100-4	1	0.67	27	1	138	2319	7.9976452	353	0.3664633
r-100-4	1	0.67	27	1	277	4022	22.1035961	16	0.0365337
r-100-4	1	0.67	27	2	138	2497	10.4866166	485	0.7412692
r-100-4	1	0.67	27	2	277	4177	28.9137421	475	2.128099
r-100-4	1	0.67	27	3	138	2514	12.0072814	456	0.8295119
r-100-4	1	0.67	27	3	277	4437	30.5748648	195	0.6961812
r-100-4	1	1	13	1	138	2363	4.4962372	250	0.1710045
r-100-4	1	1	13	1	277	4140	19.4218411	2880	6.8056864
r-100-4	1	1	13	2	138	2521	7.0073219	5552	3.6398735
r-100-4	1	1	13	2	277	4270	9.1667036	93	0.0755442
r-100-4	1	1	13	3	138	2600	4.5800322	2513	1.4958917
r-100-4	1	1	13	3	277	4450	13.386787	3436	5.300418
r-100-4	1	1	27	1	138	2423	9.0546156	3156	3.4590565
r-100-4	1	1	27	1	277	4162	16.7820268	484	1.2678152
r-100-4	1	1	27	2	138	2614	7.0129228	3802	3.0137779
r-100-4	1	1	27	2	277	4426	13.8109504	1843	3.5133993
r-100-4	1	1	27	3	138	2857	4.655721	1438	0.9752575
r-100-4	1	1	27	3	277	4659	36.0651872	15085	26.9099358
r-100-4	1	1.33	13	1	138	2713	7.5969482	3597	3.1590524
r-100-4	1	1.33	13	1	277	4737	27.1882239	6012	14.7631273
r-100-4	1	1.33	13	2	138	2963	4.5464892	1690	1.0871998
r-100-4	1	1.33	13	2	277	5188	12.9910734	2263	4.0251371
r-100-4	1	1.33	13	3	138	3105	3.3616266	379	0.2144941
r-100-4	1	1.33	13	3	277	5325	11.3491609	2103	3.2536347
r-100-4	1	1.33	27	1	138	2781	11.894264	5452	6.1317798
r-100-4	1	1.33	27	1	277	4809	15.9861952	10	0.0246752
r-100-4	1	1.33	27	2	138	3140	4.2183934	222	0.1540649
r-100-4	1	1.33	27	2	277	5247	22.7571202	5898	12.3189576
r-100-4	1	1.33	27	3	138	3450	12.0577965	11728	8.4522832
r-100-4	1	1.33	27	3	277	5639	21.3733383	6608	11.9530024
r-100-4	2	0.67	13	1	138	2507	6.2732557	910	0.8699852
r-100-4	2	0.67	13	1	277	4247	17.9185941	1529	4.09324
r-100-4	2	0.67	13	2	138	2583	9.0362124	3136	3.3950242
r-100-4	2	0.67	13	2	277	4358	16.0798935	798	2.0472846
r-100-4	2	0.67	13	3	138	2584	7.1879575	1258	1.3244289
r-100-4	2	0.67	13	3	277	4316	21.9872804	2847	7.6989985
r-100-4	2	0.67	27	1	138	2674	19.8897343	6072	10.6870201
r-100-4	2	0.67	27	1	277	4382	40.5028101	3779	17.0943721
r-100-4	2	0.67	27	2	138	2828	13.2864205	975	1.9946418
r-100-4	2	0.67	27	2	277	4469	35.2474197	1627	8.2126916
r-100-4	2	0.67	27	3	138	2985	19.7893811	2423	6.2132786
r-100-4	2	0.67	27	3	277	4533	30.0537466	381	1.4072159
r-100-4	2	1	13	1	138	2829	7.8126113	4504	3.6448536
r-100-4	2	1	13	1	277	4569	13.8242937	1345	2.802514
r-100-4	2	1	13	2	138	2894	3.5971004	150	0.0670006
r-100-4	2	1	13	2	277	4838	8.9759636	152	0.117863
r-100-4	2	1	13	3	138	3035	7.8369762	7004	4.5227365
r-100-4	2	1	13	3	277	4875	15.9221484	5243	7.9790482
r-100-4	2	1	27	1	138	3066	12.6118906	6697	7.1839571
r-100-4	2	1	27	1	277	4855	20.0675164	2288	6.1505826
r-100-4	2	1	27	2	138	3432	5.6162424	1133	0.9152492
r-100-4	2	1	27	2	277	4952	11.0548753	423	0.5403848
r-100-4	2	1	27	3	138	3733	5.3642755	1245	0.9659673
r-100-4	2	1	27	3	277	4952	10.2354701	40	0.034955
r-100-4	2	1.33	13	1	138	3257	5.2576729	1270	0.9302816
r-100-4	2	1.33	13	1	277	5283	19.8069603	4063	8.6822763
r-100-4	2	1.33	13	2	138	3534	4.3228773	1046	0.7365246
r-100-4	2	1.33	13	2	277	5859	13.7357156	2920	4.9215506
r-100-4	2	1.33	13	3	138	3577	6.0856311	4003	2.6940902
r-100-4	2	1.33	13	3	277	5807	8.2651554	51	0.0310048
r-100-4	2	1.33	27	1	138	3569	8.9505677	3125	3.4075793
r-100-4	2	1.33	27	1	277	5672	34.0298507	7341	20.0311143
r-100-4	2	1.33	27	2	138	4129	7.6777676	3295	2.9565196
r-100-4	2	1.33	27	2	277	6067	14.0179589	1577	3.0485078
r-100-4	2	1.33	27	3	138	4690	10.9600292	7366	6.427592
r-100-4	2	1.33	27	3	277	6192	11.7113618	673	1.1483887
r-100-5	1	0.67	12	1	132	2407	7.0786666	437	0.4537749
r-100-5	1	0.67	12	1	264	4253	16.17626	218	0.4695713
r-100-5	1	0.67	12	2	132	2478	7.122491	85	0.070372
r-100-5	1	0.67	12	2	264	4258	17.4733402	217	0.5160559
r-100-5	1	0.67	12	3	132	2505	14.0062394	4180	6.4774262
r-100-5	1	0.67	12	3	264	4395	25.976315	2791	9.1141727
r-100-5	1	0.67	24	1	132	2465	8.6272896	84	0.0878955
r-100-5	1	0.67	24	1	264	4221	27.4254532	884	3.6570418
r-100-5	1	0.67	24	2	132	2686	10.6483649	72	0.1035024
r-100-5	1	0.67	24	2	264	4522	29.0180068	148	0.4313403
r-100-5	1	0.67	24	3	132	2625	12.542636	171	0.2986079
r-100-5	1	0.67	24	3	264	4547	33.0641258	187	0.7283304
r-100-5	1	1	12	1	132	2532	9.2255649	4642	4.4426526
r-100-5	1	1	12	1	264	4278	13.5035428	209	0.3033435
r-100-5	1	1	12	2	132	2612	7.6150737	5320	3.8792686
r-100-5	1	1	12	2	264	4558	19.0367862	5128	9.3912732
r-100-5	1	1	12	3	132	2689	6.6171246	5172	3.3333638
r-100-5	1	1	12	3	264	4719	19.5751427	6462	10.9546345
r-100-5	1	1	24	1	132	2579	6.5164673	95	0.0922197
r-100-5	1	1	24	1	264	4322	20.3573347	1055	3.3914864
r-100-5	1	1	24	2	132	2713	5.447333	800	0.7353026
r-100-5	1	1	24	2	264	4589	15.9226843	2158	4.4850244
r-100-5	1	1	24	3	132	2937	5.6849823	1687	1.4166159
r-100-5	1	1	24	3	264	5012	12.7143245	1419	2.442304
r-100-5	1	1.33	12	1	132	2836	9.2283642	4534	4.3641824
r-100-5	1	1.33	12	1	264	4959	13.7199881	237	0.3785641
r-100-5	1	1.33	12	2	132	3084	4.1475238	584	0.3808067
r-100-5	1	1.33	12	2	264	5368	26.8439058	9061	17.2040733
r-100-5	1	1.33	12	3	132	3282	6.6376317	5092	3.2676708
r-100-5	1	1.33	12	3	264	5728	10.2186651	970	1.5434154
r-100-5	1	1.33	24	1	132	2779	7.0365127	379	0.4607319
r-100-5	1	1.33	24	1	264	4849	18.4500981	395	1.1012395
r-100-5	1	1.33	24	2	132	3234	6.9778198	2182	2.0743031
r-100-5	1	1.33	24	2	264	5390	12.0711669	323	0.5634501
r-100-5	1	1.33	24	3	132	3536	5.0821222	972	0.7948737
r-100-5	1	1.33	24	3	264	5862	17.8875257	3851	7.6602003
r-100-5	2	0.67	12	1	132	2680	9.594724	3274	3.7874547
r-100-5	2	0.67	12	1	264	4490	16.7412524	1476	3.583535
r-100-5	2	0.67	12	2	132	2755	8.8193139	2432	2.8312015
r-100-5	2	0.67	12	2	264	4628	13.3653497	252	0.4240609
r-100-5	2	0.67	12	3	132	2880	13.1023962	5566	6.7926462
r-100-5	2	0.67	12	3	264	4656	26.8771882	5245	13.5987825
r-100-5	2	0.67	24	1	132	2814	10.098209	472	0.6575052
r-100-5	2	0.67	24	1	264	4630	35.5042734	3036	13.0953035
r-100-5	2	0.67	24	2	132	3020	25.2139792	5151	12.8706699
r-100-5	2	0.67	24	2	264	4790	27.9116377	516	2.1430151
r-100-5	2	0.67	24	3	132	3212	30.1523729	5360	15.4532088
r-100-5	2	0.67	24	3	264	4796	29.7016137	334	1.5809287
r-100-5	2	1	12	1	132	2910	9.2405644	5445	4.8130087
r-100-5	2	1	12	1	264	4865	11.5827747	231	0.2898342
r-100-5	2	1	12	2	132	3106	6.0552509	3431	2.3720178
r-100-5	2	1	12	2	264	5085	10.4070796	893	1.2357995
r-100-5	2	1	12	3	132	3312	3.6374191	382	0.1952568
r-100-5	2	1	12	3	264	5184	12.427106	2629	4.2396908
r-100-5	2	1	24	1	132	3099	6.0845912	266	0.2727848
r-100-5	2	1	24	1	264	5136	27.8509146	4950	13.4633607
r-100-5	2	1	24	2	132	3629	10.9909866	5680	5.6897085
r-100-5	2	1	24	2	264	5318	12.3040919	572	1.0783411
r-100-5	2	1	24	3	132	4015	8.5605452	3509	3.444715
r-100-5	2	1	24	3	264	5318	10.5371772	171	0.173282
r-100-5	2	1.33	12	1	132	3406	7.0706347	2927	2.6032414
r-100-5	2	1.33	12	1	264	5407	11.5733493	199	0.2335797
r-100-5	2	1.33	12	2	132	3738	6.7433028	4268	3.0319822
r-100-5	2	1.33	12	2	264	5908	15.0572227	3348	5.9867462
r-100-5	2	1.33	12	3	132	3934	11.0101178	11289	7.6005903
r-100-5	2	1.33	12	3	264	6008	8.5525856	205	0.1694959
r-100-5	2	1.33	24	1	132	3646	6.0237693	124	0.1235594
r-100-5	2	1.33	24	1	264	5867	15.0657043	356	0.7401809
r-100-5	2	1.33	24	2	132	4324	7.4887306	2173	2.145236
r-100-5	2	1.33	24	2	264	6458	25.3874498	6147	13.8289748
r-100-5	2	1.33	24	3	132	4927	6.8192754	1566	1.5525902
r-100-5	2	1.33	24	3	264	6581	11.4077893	242	0.3159478
r-125-1	1	0.67	11	1	151	3281	15.1732429	177	0.3329198
r-125-1	1	0.67	11	1	303	5271	39.5276121	136	0.5681463
r-125-1	1	0.67	11	2	151	3385	16.7240795	133	0.2363533
r-125-1	1	0.67	11	2	303	5304	41.1512343	82	0.3702155
r-125-1	1	0.67	11	3	151	3440	17.0880565	199	0.3638012
r-125-1	1	0.67	11	3	303	5287	43.4328459	399	2.720716
r-125-1	1	0.67	23	1	151	3369	19.5475458	119	0.2942572
r-125-1	1	0.67	23	1	303	5370	101.4408115	3295	39.3657376
r-125-1	1	0.67	23	2	151	3467	27.4284083	740	3.2678598
r-125-1	1	0.67	23	2	303	5484	81.3690974	661	7.8338252
r-125-1	1	0.67	23	3	151	3710	29.1051953	179	0.801893
r-125-1	1	0.67	23	3	303	5617	151.8426514	4422	69.9109546
r-125-1	1	1	11	1	151	3350	21.5129173	6364	11.9791787
r-125-1	1	1	11	1	303	5323	31.7233824	906	4.3873477
r-125-1	1	1	11	2	151	3529	7.0956167	71	0.0596685
r-125-1	1	1	11	2	303	5536	23.0562173	1196	4.2416023
r-125-1	1	1	11	3	151	3853	6.6404566	436	0.4331978
r-125-1	1	1	11	3	303	5697	42.3236829	8113	26.2086684
r-125-1	1	1	23	1	151	3297	14.3656172	145	0.311971
r-125-1	1	1	23	1	303	5294	39.8605941	489	3.2633978
r-125-1	1	1	23	2	151	3686	19.5445311	4792	9.5333949
r-125-1	1	1	23	2	303	5597	35.8564672	2734	12.4647273
r-125-1	1	1	23	3	151	3993	10.4610598	947	1.6415999
r-125-1	1	1	23	3	303	5935	39.3564296	4644	18.3710177
r-125-1	1	1.33	11	1	151	3763	18.5805869	5010	9.2368875
r-125-1	1	1.33	11	1	303	6236	34.0411282	1341	6.6204675
r-125-1	1	1.33	11	2	151	4402	16.4244214	6558	9.2555773
r-125-1	1	1.33	11	2	303	6498	23.9924261	1557	5.2363576
r-125-1	1	1.33	11	3	151	4563	9.3106275	2500	3.013158
r-125-1	1	1.33	11	3	303	6855	19.9301529	1201	3.4976064
r-125-1	1	1.33	23	1	151	3853	25.7785288	4575	12.2181586
r-125-1	1	1.33	23	1	303	6097	37.4824577	383	2.3787883
r-125-1	1	1.33	23	2	151	4469	15.4066771	2913	5.6236487
r-125-1	1	1.33	23	2	303	6709	28.9418686	1653	6.7903676
r-125-1	1	1.33	23	3	151	4792	8.9924035	282	0.4258048
r-125-1	1	1.33	23	3	303	7191	22.9147932	900	3.1951339
r-125-1	2	0.67	11	1	151	3640	19.4429678	2685	6.6509091
r-125-1	2	0.67	11	1	303	5335	31.587927	842	4.3262683
r-125-1	2	0.67	11	2	151	3909	13.8520103	274	0.531615
r-125-1	2	0.67	11	2	303	5438	26.4116385	21	0.0589234
r-125-1	2	0.67	11	3	151	3925	20.7229765	3011	7.5988422
r-125-1	2	0.67	11	3	303	5415	28.7552161	540	2.4345229
r-125-1	2	0.67	23	1	151	3729	23.5979775	521	1.9928725
r-125-1	2	0.67	23	1	303	5583	71.0444031	1935	18.835281
r-125-1	2	0.67	23	2	151	4022	29.0440314	88	0.3035519
r-125-1	2	0.67	23	2	303	5633	61.659827	650	6.631649
r-125-1	2	0.67	23	3	151	4322	36.3421326	363	2.097021
r-125-1	2	0.67	23	3	303	5698	68.5098901	1057	10.9369033
r-125-1	2	1	11	1	151	3935	13.9469731	3078	5.1493487
r-125-1	2	1	11	1	303	5797	25.5418413	978	3.5827195
r-125-1	2	1	11	2	151	4487	8.6130607	1199	1.3945775
r-125-1	2	1	11	2	303	5974	28.6712361	3697	12.0564992
r-125-1	2	1	11	3	151	4659	7.7382714	1179	1.2673063
r-125-1	2	1	11	3	303	6046	28.4800863	4744	13.4199568
r-125-1	2	1	23	1	151	4263	21.1427073	3568	8.6158806
r-125-1	2	1	23	1	303	6084	50.5963975	4276	22.5621426
r-125-1	2	1	23	2	151	5067	13.5114971	1123	2.3021597
r-125-1	2	1	23	2	303	6210	21.7328708	232	0.5190188
r-125-1	2	1	23	3	151	5395	17.4088408	3004	6.3332203
r-125-1	2	1	23	3	303	6210	19.5349951	43	0.0758097
r-125-1	2	1.33	11	1	151	4765	14.6536453	3307	5.7179687
r-125-1	2	1.33	11	1	303	6686	22.1907045	119	0.2760782
r-125-1	2	1.33	11	2	151	5340	8.325889	921	1.1669428
r-125-1	2	1.33	11	2	303	7033	17.0149294	106	0.1540756
r-125-1	2	1.33	11	3	151	5543	8.2312398	1377	1.6040031
r-125-1	2	1.33	11	3	303	7143	21.487646	2335	6.53343
r-125-1	2	1.33	23	1	151	5091	18.1501787	2406	5.7455054
r-125-1	2	1.33	23	1	303	7057	66.3908091	7366	39.0662189
r-125-1	2	1.33	23	2	151	5951	15.8120032	2132	4.5229594
r-125-1	2	1.33	23	2	303	7601	44.6098313	5356	22.8531268
r-125-1	2	1.33	23	3	151	6602	14.1886831	1539	3.0644652
r-125-1	2	1.33	23	3	303	7730	20.2534544	11	0.0236335
r-125-2	1	0.67	13	1	153	2953	13.030597	502	1.0923066
r-125-2	1	0.67	13	1	307	4861	39.6716282	1050	6.1825816
r-125-2	1	0.67	13	2	153	2968	13.6892695	205	0.3597416
r-125-2	1	0.67	13	2	307	4970	72.2236043	5363	36.8647264
r-125-2	1	0.67	13	3	153	3004	14.0207513	220	0.3832163
r-125-2	1	0.67	13	3	307	5143	41.7387376	1028	6.405267
r-125-2	1	0.67	26	1	153	3012	40.0194132	8362	24.9008382
r-125-2	1	0.67	26	1	307	4939	50.7203176	525	4.178638
r-125-2	1	0.67	26	2	153	3078	19.0885384	60	0.1229093
r-125-2	1	0.67	26	2	307	5067	94.6237882	3853	40.7165532
r-125-2	1	0.67	26	3	153	3161	22.1901054	193	0.6417472
r-125-2	1	0.67	26	3	307	5197	60.1074697	109	0.7038742
r-125-2	1	1	13	1	153	2927	8.8063137	690	0.9482826
r-125-2	1	1	13	1	307	5110	83.0438209	12432	59.0589352
r-125-2	1	1	13	2	153	3126	8.5610656	2371	2.5054491
r-125-2	1	1	13	2	307	5389	20.8680534	1482	4.3398471
r-125-2	1	1	13	3	153	3279	9.7446915	4310	4.4334519
r-125-2	1	1	13	3	307	5604	24.5756672	3678	10.3097542
r-125-2	1	1	26	1	153	2924	11.6068903	189	0.3218953
r-125-2	1	1	26	1	307	4962	49.1132801	2940	17.9518853
r-125-2	1	1	26	2	153	3196	8.5935523	212	0.2648462
r-125-2	1	1	26	2	307	5342	25.0431238	1366	5.0259347
r-125-2	1	1	26	3	153	3429	15.0269847	5302	7.7233613
r-125-2	1	1	26	3	307	5715	21.4479926	1293	4.2379034
r-125-2	1	1.33	13	1	153	3480	13.8693434	3944	5.9963963
r-125-2	1	1.33	13	1	307	5630	28.027651	1026	4.2310047
r-125-2	1	1.33	13	2	153	3702	9.5145269	2980	3.4059247
r-125-2	1	1.33	13	2	307	6577	30.2665033	4641	13.9379603
r-125-2	1	1.33	13	3	153	3991	5.4673323	197	0.1335592
r-125-2	1	1.33	13	3	307	6737	19.2692267	1952	5.18082
r-125-2	1	1.33	26	1	153	3490	15.6577546	2037	4.3502755
r-125-2	1	1.33	26	1	307	5826	58.0316706	4409	26.8712959
r-125-2	1	1.33	26	2	153	3841	11.5099729	1962	3.0620089
r-125-2	1	1.33	26	2	307	6436	38.7165234	4610	18.2449102
r-125-2	1	1.33	26	3	153	4206	13.2728378	3474	5.3152128
r-125-2	1	1.33	26	3	307	7056	26.9761781	2430	8.5085821
r-125-2	2	0.67	13	1	153	3226	11.2740065	323	0.5626069
r-125-2	2	0.67	13	1	307	5320	36.3888761	1111	5.8920108
r-125-2	2	0.67	13	2	153	3296	13.30738	872	1.8343774
r-125-2	2	0.67	13	2	307	5446	40.3063794	1733	10.0536712
r-125-2	2	0.67	13	3	153	3413	22.0402341	4517	10.3662081
r-125-2	2	0.67	13	3	307	5483	31.6628011	538	2.4558968
r-125-2	2	0.67	26	1	153	3388	38.2976128	6516	21.7267737
r-125-2	2	0.67	26	1	307	5433	60.1541835	1251	11.0004732
r-125-2	2	0.67	26	2	153	3526	35.9349649	3185	13.7330894
r-125-2	2	0.67	26	2	307	5536	92.5909173	3541	36.6824487
r-125-2	2	0.67	26	3	153	3679	46.2940046	4148	20.4290896
r-125-2	2	0.67	26	3	307	5538	79.6529836	2164	23.0232307
r-125-2	2	1	13	1	153	3538	15.0119157	5193	7.6163073
r-125-2	2	1	13	1	307	5883	22.7393455	400	1.2553563
r-125-2	2	1	13	2	153	3874	17.0551647	8522	10.7357411
r-125-2	2	1	13	2	307	6123	27.0161744	3457	10.6554843
r-125-2	2	1	13	3	153	3983	6.9366451	1180	1.2086559
r-125-2	2	1	13	3	307	6151	22.7560717	2987	8.3241208
r-125-2	2	1	26	1	153	3787	14.5553205	2120	4.1394656
r-125-2	2	1	26	1	307	6022	56.9276412	5239	28.3540434
r-125-2	2	1	26	2	153	4286	10.3468666	866	1.2731101
r-125-2	2	1	26	2	307	6151	22.3411004	217	0.5878921
r-125-2	2	1	26	3	153	4894	15.3828903	3963	6.6896339
r-125-2	2	1	26	3	307	6151	21.0964513	49	0.0734369
r-125-2	2	1.33	13	1	153	4315	7.7497714	321	0.3720638
r-125-2	2	1.33	13	1	307	6860	25.2539454	1258	4.4602181
r-125-2	2	1.33	13	2	153	4588	9.5017487	2689	3.3090937
r-125-2	2	1.33	13	2	307	7319	22.597174	2029	6.3418591
r-125-2	2	1.33	13	3	153	4852	7.0187451	1148	1.211592
r-125-2	2	1.33	13	3	307	7435	23.7290238	3246	9.0123274
r-125-2	2	1.33	26	1	153	4455	10.9768038	390	0.6116633
r-125-2	2	1.33	26	1	307	6966	39.3753374	2135	11.1448813
r-125-2	2	1.33	26	2	153	5179	13.532215	2539	4.4876516
r-125-2	2	1.33	26	2	307	7529	36.0430206	3183	13.9163846
r-125-2	2	1.33	26	3	153	5787	9.3031556	343	0.4745949
r-125-2	2	1.33	26	3	307	7669	38.9086711	3942	16.8557651
r-125-3	1	0.67	12	1	156	2904	13.819678	281	0.5619259
r-125-3	1	0.67	12	1	312	4706	97.6438988	8811	62.6395133
r-125-3	1	0.67	12	2	156	2998	13.7138403	94	0.1464149
r-125-3	1	0.67	12	2	312	4677	40.4497867	931	6.0490966
r-125-3	1	0.67	12	3	156	2952	13.9387348	110	0.1659854
r-125-3	1	0.67	12	3	312	4830	80.052407	6875	45.9753052
r-125-3	1	0.67	25	1	156	3118	17.1788032	87	0.1614202
r-125-3	1	0.67	25	1	312	4633	50.5843223	22	0.0904436
r-125-3	1	0.67	25	2	156	3041	25.0951232	830	3.3832226
r-125-3	1	0.67	25	2	312	4949	94.2321078	2982	34.6074412
r-125-3	1	0.67	25	3	156	3211	33.6235171	1791	8.8244926
r-125-3	1	0.67	25	3	312	5110	71.1147883	505	5.4731889
r-125-3	1	1	12	1	156	3064	10.0924087	1195	1.8534405
r-125-3	1	1	12	1	312	4743	35.6839049	2744	12.250584
r-125-3	1	1	12	2	156	3183	6.8687582	570	0.648441
r-125-3	1	1	12	2	312	5077	17.7629219	530	0.9807731
r-125-3	1	1	12	3	156	3328	6.0255119	532	0.4901599
r-125-3	1	1	12	3	312	5216	15.6260159	620	1.1551069
r-125-3	1	1	25	1	156	3100	11.9407599	22	0.0522022
r-125-3	1	1	25	1	312	4782	112.4961513	13427	81.6406361
r-125-3	1	1	25	2	156	3286	10.4223674	1073	1.7504258
r-125-3	1	1	25	2	312	5126	37.2574709	4264	16.9560116
r-125-3	1	1	25	3	156	3440	8.5971918	574	0.7565412
r-125-3	1	1	25	3	312	5435	24.5373279	1993	6.5517722
r-125-3	1	1.33	12	1	156	3431	9.0314598	390	0.6001134
r-125-3	1	1.33	12	1	312	5427	48.3282415	5464	24.7214114
r-125-3	1	1.33	12	2	156	3805	14.9194678	7047	8.7293942
r-125-3	1	1.33	12	2	312	5955	22.7491405	1970	6.3048442
r-125-3	1	1.33	12	3	156	4057	10.7426452	4754	5.1765282
r-125-3	1	1.33	12	3	312	6363	16.0707997	757	1.6244096
r-125-3	1	1.33	25	1	156	3352	12.4670535	91	0.1658563
r-125-3	1	1.33	25	1	312	5535	45.7296581	2288	13.9307567
r-125-3	1	1.33	25	2	156	3817	9.0365092	81	0.1003564
r-125-3	1	1.33	25	2	312	6198	37.0418926	4097	16.3938402
r-125-3	1	1.33	25	3	156	4181	7.9700269	114	0.1437708
r-125-3	1	1.33	25	3	312	6675	19.087069	363	0.939819
r-125-3	2	0.67	12	1	156	3238	11.5828383	346	0.6386961
r-125-3	2	0.67	12	1	312	5083	28.4230607	345	1.4114002
r-125-3	2	0.67	12	2	156	3286	11.4162821	91	0.1538307
r-125-3	2	0.67	12	2	312	5152	27.9525648	451	1.7808124
r-125-3	2	0.67	12	3	156	3333	11.6979441	212	0.3805576
r-125-3	2	0.67	12	3	312	5169	28.6085425	564	2.4150158
r-125-3	2	0.67	25	1	156	3234	20.6447782	1010	3.3003336
r-125-3	2	0.67	25	1	312	5189	75.2321935	3541	30.0457225
r-125-3	2	0.67	25	2	156	3389	23.3175478	59	0.1580438
r-125-3	2	0.67	25	2	312	5234	109.4171554	6089	59.4715158
r-125-3	2	0.67	25	3	156	3530	27.4582988	81	0.247323
r-125-3	2	0.67	25	3	312	5270	120.3713083	7087	69.3754051
r-125-3	2	1	12	1	156	3568	14.3597982	4716	6.9394074
r-125-3	2	1	12	1	312	5574	49.3837089	7399	29.3458658
r-125-3	2	1	12	2	156	3762	14.0197102	6337	7.7389399
r-125-3	2	1	12	2	312	5799	18.1224834	1014	2.413966
r-125-3	2	1	12	3	156	3769	5.8069013	130	0.0877502
r-125-3	2	1	12	3	312	5858	26.7848289	4828	12.9801572
r-125-3	2	1	25	1	156	3695	11.5070937	645	1.1166425
r-125-3	2	1	25	1	312	5730	34.3704124	1914	8.1197083
r-125-3	2	1	25	2	156	4276	19.4617412	5468	10.0161187
r-125-3	2	1	25	2	312	5858	20.423579	168	0.3140371
r-125-3	2	1	25	3	156	4484	22.5386257	7549	13.4633862
r-125-3	2	1	25	3	312	5858	18.3876955	60	0.0985908
r-125-3	2	1.33	12	1	156	4103	19.7036573	8188	12.2158254
r-125-3	2	1.33	12	1	312	6346	32.1237419	3083	11.8325428
r-125-3	2	1.33	12	2	156	4353	6.3857906	71	0.0526515
r-125-3	2	1.33	12	2	312	6802	29.4717494	4512	13.7477557
r-125-3	2	1.33	12	3	156	4497	5.7922895	29	0.0210171
r-125-3	2	1.33	12	3	312	6967	24.252442	3746	10.1032417
r-125-3	2	1.33	25	1	156	4327	23.7662556	6587	13.4639909
r-125-3	2	1.33	25	1	312	6678	33.9092461	1766	8.0493458
r-125-3	2	1.33	25	2	156	5127	10.3447504	580	0.9418228
r-125-3	2	1.33	25	2	312	7166	38.6659073	4637	18.2903969
r-125-3	2	1.33	25	3	156	5557	9.790696	485	0.6558905
r-125-3	2	1.33	25	3	312	7325	22.3865424	881	2.9693362
r-125-4	1	0.67	12	1	166	2940	14.8556933	360	0.7853523
r-125-4	1	0.67	12	1	332	4969	44.4525324	1491	9.8034764
r-125-4	1	0.67	12	2	166	2989	15.9245218	378	0.9023271
r-125-4	1	0.67	12	2	332	5079	35.8991892	46	0.1601055
r-125-4	1	0.67	12	3	166	3094	19.0017901	1213	3.5540261
r-125-4	1	0.67	12	3	332	5041	47.364156	1743	11.8860584
r-125-4	1	0.67	25	1	166	2879	19.010433	42	0.0875961
r-125-4	1	0.67	25	1	332	4940	55.7349618	95	0.4666525
r-125-4	1	0.67	25	2	166	3091	47.9478217	5330	24.7177383
r-125-4	1	0.67	25	2	332	5123	65.3020086	44	0.2506632
r-125-4	1	0.67	25	3	166	3377	46.5175353	3729	19.7288863
r-125-4	1	0.67	25	3	332	5162	72.0700399	21	0.1310566
r-125-4	1	1	12	1	166	3115	12.778343	2070	3.6349469
r-125-4	1	1	12	1	332	4936	32.5625201	1389	5.9754045
r-125-4	1	1	12	2	166	3091	10.3395244	2577	3.436438
r-125-4	1	1	12	2	332	5282	29.39262	3169	10.9136347
r-125-4	1	1	12	3	166	3323	8.9189438	2315	2.7218747
r-125-4	1	1	12	3	332	5391	39.4041674	7533	23.6599158
r-125-4	1	1	25	1	166	3071	14.1553209	318	0.7114911
r-125-4	1	1	25	1	332	4941	45.9596433	1657	10.5304167
r-125-4	1	1	25	2	166	3228	19.5988357	4978	9.7899649
r-125-4	1	1	25	2	332	5259	24.8399597	657	2.2235406
r-125-4	1	1	25	3	166	3551	12.3611755	2336	3.8487229
r-125-4	1	1	25	3	332	5499	21.8433581	763	2.6107517
r-125-4	1	1.33	12	1	166	3454	9.8444506	354	0.5052683
r-125-4	1	1.33	12	1	332	5680	48.7121635	4288	22.1738306
r-125-4	1	1.33	12	2	166	3664	7.2108119	172	0.1357547
r-125-4	1	1.33	12	2	332	6191	26.0131718	2095	7.4696519
r-125-4	1	1.33	12	3	166	3987	7.7735174	1337	1.4659918
r-125-4	1	1.33	12	3	332	6561	16.1670424	62	0.0688793
r-125-4	1	1.33	25	1	166	3307	15.087959	515	1.1508825
r-125-4	1	1.33	25	1	332	5651	58.9618608	3303	22.7988249
r-125-4	1	1.33	25	2	166	3921	15.6181251	2945	5.7573292
r-125-4	1	1.33	25	2	332	6320	32.3453451	2202	9.7661474
r-125-4	1	1.33	25	3	166	4483	20.5715872	6894	11.7161364
r-125-4	1	1.33	25	3	332	6664	26.396593	1848	6.6857844
r-125-4	2	0.67	12	1	166	3219	15.1649429	1335	2.9960927
r-125-4	2	0.67	12	1	332	5146	29.1392931	367	1.5331061
r-125-4	2	0.67	12	2	166	3452	21.7754798	3984	9.4745338
r-125-4	2	0.67	12	2	332	5195	26.9751091	140	0.4015068
r-125-4	2	0.67	12	3	166	3453	20.7828341	3419	8.316479
r-125-4	2	0.67	12	3	332	5140	28.4424206	551	2.6227669
r-125-4	2	0.67	25	1	166	3442	31.6015986	2918	11.2170326
r-125-4	2	0.67	25	1	332	5247	104.0812508	6148	56.6124453
r-125-4	2	0.67	25	2	166	3774	47.4613972	4113	21.2169457
r-125-4	2	0.67	25	2	332	5284	53.5339693	461	3.7302271
r-125-4	2	0.67	25	3	166	3917	35.6011684	880	4.8608771
r-125-4	2	0.67	25	3	332	5319	52.5794851	221	1.5873634
r-125-4	2	1	12	1	166	3693	10.7205126	1444	2.1743566
r-125-4	2	1	12	1	332	5551	28.2242224	1463	5.7052406
r-125-4	2	1	12	2	166	3908	8.0882284	881	0.9525674
r-125-4	2	1	12	2	332	5626	24.3361668	2439	7.3693888
r-125-4	2	1	12	3	166	4226	13.1237452	5528	6.5921425
r-125-4	2	1	12	3	332	5720	29.923154	5007	14.5978126
r-125-4	2	1	25	1	166	3869	23.9595169	4889	11.7056015
r-125-4	2	1	25	1	332	5729	35.0128582	1330	6.3438074
r-125-4	2	1	25	2	166	4505	22.9938042	5575	12.0070554
r-125-4	2	1	25	2	332	5794	21.5016222	169	0.3233377
r-125-4	2	1	25	3	166	4848	12.0941985	881	1.5813488
r-125-4	2	1	25	3	332	5794	19.2507559	46	0.0680898
r-125-4	2	1.33	12	1	166	4136	10.7068089	1437	2.2125083
r-125-4	2	1.33	12	1	332	6324	22.3174603	41	0.0734664
r-125-4	2	1.33	12	2	166	4701	7.3655735	249	0.217995
r-125-4	2	1.33	12	2	332	6739	28.422209	3575	11.3360752
r-125-4	2	1.33	12	3	166	5021	8.6803125	1788	2.1965887
r-125-4	2	1.33	12	3	332	6836	15.4611657	42	0.044497
r-125-4	2	1.33	25	1	166	4495	13.1480375	397	0.8314995
r-125-4	2	1.33	25	1	332	6648	39.8855464	2207	11.6131666
r-125-4	2	1.33	25	2	166	5429	21.698545	4914	10.6654354
r-125-4	2	1.33	25	2	332	7060	23.6021925	547	1.771785
r-125-4	2	1.33	25	3	166	6015	18.7275116	4151	8.3108947
r-125-4	2	1.33	25	3	332	7188	38.0285421	4408	17.8829116
r-125-5	1	0.67	13	1	157	2709	12.6750686	509	0.9392291
r-125-5	1	0.67	13	1	314	5143	63.1080657	3850	27.0307336
r-125-5	1	0.67	13	2	157	2815	13.212468	324	0.4615098
r-125-5	1	0.67	13	2	314	5296	55.6062851	2513	18.1464702
r-125-5	1	0.67	13	3	157	2826	13.2280133	148	0.2308226
r-125-5	1	0.67	13	3	314	5317	37.8514187	141	0.6888449
r-125-5	1	0.67	26	1	157	2794	29.0328366	4738	14.1398006
r-125-5	1	0.67	26	1	314	5182	62.1701735	1507	13.7416368
r-125-5	1	0.67	26	2	157	2952	19.1577208	93	0.1676025
r-125-5	1	0.67	26	2	314	5395	105.1018455	4110	47.061133
r-125-5	1	0.67	26	3	157	3096	31.0910772	2119	9.0360267
r-125-5	1	0.67	26	3	314	5392	64.0291389	27	0.1499728
r-125-5	1	1	13	1	157	2909	11.7518034	2573	3.8841671
r-125-5	1	1	13	1	314	5279	65.3736744	8336	40.3704095
r-125-5	1	1	13	2	157	3033	6.0847613	209	0.164578
r-125-5	1	1	13	2	314	5549	18.8365204	753	1.929011
r-125-5	1	1	13	3	157	3267	6.8996958	1774	1.7138167
r-125-5	1	1	13	3	314	5836	20.7764618	2436	6.3094888
r-125-5	1	1	26	1	157	2873	11.5667603	243	0.4122815
r-125-5	1	1	26	1	314	5247	40.0246085	1228	7.3447357
r-125-5	1	1	26	2	157	3290	10.4530373	1467	2.2907791
r-125-5	1	1	26	2	314	5729	33.5285337	2896	12.0661889
r-125-5	1	1	26	3	157	3527	15.6573049	6143	8.632975
r-125-5	1	1	26	3	314	6189	26.3433048	2296	7.8225145
r-125-5	1	1.33	13	1	157	3175	8.4913416	445	0.5229498
r-125-5	1	1.33	13	1	314	6030	25.3033081	56	0.1314429
r-125-5	1	1.33	13	2	157	3644	7.5884279	1464	1.6766179
r-125-5	1	1.33	13	2	314	6658	28.1610391	3568	11.2805624
r-125-5	1	1.33	13	3	157	3937	5.6185469	531	0.4285431
r-125-5	1	1.33	13	3	314	6911	14.6927822	32	0.0332678
r-125-5	1	1.33	26	1	157	3252	14.1334205	1140	2.3772502
r-125-5	1	1.33	26	1	314	6009	66.0641321	4197	29.9703906
r-125-5	1	1.33	26	2	157	3878	10.8609168	1283	2.1411048
r-125-5	1	1.33	26	2	314	6632	29.8432319	1566	6.8444769
r-125-5	1	1.33	26	3	157	4217	15.0285802	4867	7.4629155
r-125-5	1	1.33	26	3	314	7261	28.9421416	2323	8.7857139
r-125-5	2	0.67	13	1	157	3033	11.175383	230	0.3536623
r-125-5	2	0.67	13	1	314	5517	53.9305657	3567	22.1109221
r-125-5	2	0.67	13	2	157	3229	11.7626874	353	0.6133993
r-125-5	2	0.67	13	2	314	5650	32.7989067	412	2.0610453
r-125-5	2	0.67	13	3	157	3520	19.2941544	3576	7.932535
r-125-5	2	0.67	13	3	314	5661	59.5199168	4736	28.4695684
r-125-5	2	0.67	26	1	157	3102	25.1311981	2312	7.7017203
r-125-5	2	0.67	26	1	314	5691	56.3734238	364	3.1494513
r-125-5	2	0.67	26	2	157	3483	44.7334455	5110	22.2750445
r-125-5	2	0.67	26	2	314	5807	108.3795406	4728	51.6959099
r-125-5	2	0.67	26	3	157	3760	31.2384403	1129	5.499721
r-125-5	2	0.67	26	3	314	5843	60.2412168	289	2.4170152
r-125-5	2	1	13	1	157	3600	8.83542	1055	1.3915213
r-125-5	2	1	13	1	314	5968	28.711598	1405	5.9349644
r-125-5	2	1	13	2	157	3903	10.318591	3636	4.2989588
r-125-5	2	1	13	2	314	6322	30.360438	4347	13.9328008
r-125-5	2	1	13	3	157	4285	13.937211	7627	8.4702409
r-125-5	2	1	13	3	314	6366	23.3397704	3277	8.7203153
r-125-5	2	1	26	1	157	3611	19.587454	4567	9.2707221
r-125-5	2	1	26	1	314	6275	60.1508976	5207	29.9122262
r-125-5	2	1	26	2	157	4501	23.2903753	7394	13.7678966
r-125-5	2	1	26	2	314	6367	23.5322579	88	0.1723109
r-125-5	2	1	26	3	157	5030	14.0396851	2731	4.6674902
r-125-5	2	1	26	3	314	6367	21.8800183	8	0.0178532
r-125-5	2	1.33	13	1	157	4092	7.820304	266	0.2758382
r-125-5	2	1.33	13	1	314	7030	44.0430891	4829	21.3693439
r-125-5	2	1.33	13	2	157	4773	8.3159718	1848	2.1262408
r-125-5	2	1.33	13	2	314	7491	19.2616578	912	2.5738353
r-125-5	2	1.33	13	3	157	5045	6.4608583	791	0.7894244
r-125-5	2	1.33	13	3	314	7619	24.2253105	3289	9.2135881
r-125-5	2	1.33	26	1	157	4170	20.0266772	4784	9.7414264
r-125-5	2	1.33	26	1	314	7345	70.3960653	6945	40.5348325
r-125-5	2	1.33	26	2	157	5496	9.4806296	101	0.1405591
r-125-5	2	1.33	26	2	314	7803	29.2160155	1252	5.3877811
r-125-5	2	1.33	26	3	157	6245	17.8892659	4686	8.5645132
r-125-5	2	1.33	26	3	314	7916	23.1811969	37	0.0592592
r-150-1	1	0.67	12	1	170	3433	28.171797	875	3.5701027
r-150-1	1	0.67	12	1	340	6159	83.4191077	236	2.6042397
r-150-1	1	0.67	12	2	170	3474	26.8267241	254	0.9246126
r-150-1	1	0.67	12	2	340	6537	90.7198943	759	9.5096834
r-150-1	1	0.67	12	3	170	3477	25.9348856	233	0.6362289
r-150-1	1	0.67	12	3	340	6398	127.6979331	3141	48.6055662
r-150-1	1	0.67	25	1	170	3435	32.0638258	589	2.8733934
r-150-1	1	0.67	25	1	340	6018	179.8678671	3253	70.8647087
r-150-1	1	0.67	25	2	170	3583	36.4864497	229	1.0689135
r-150-1	1	0.67	25	2	340	6455	136.1778994	389	8.5541043
r-150-1	1	0.67	25	3	170	3705	51.4300809	1542	11.6479049
r-150-1	1	0.67	25	3	340	6481	138.1125035	11	0.1373189
r-150-1	1	1	12	1	170	3522	18.3554415	1427	3.8490159
r-150-1	1	1	12	1	340	6228	65.9279387	1877	16.4439476
r-150-1	1	1	12	2	170	3766	19.9457536	4685	9.5317296
r-150-1	1	1	12	2	340	6586	44.7702077	2309	13.1071195
r-150-1	1	1	12	3	170	3895	13.8694946	2958	4.8244774
r-150-1	1	1	12	3	340	6938	31.1530942	1109	4.7413347
r-150-1	1	1	25	1	170	3415	23.0591951	550	2.0669645
r-150-1	1	1	25	1	340	6338	99.7549488	2947	36.4357377
r-150-1	1	1	25	2	170	3832	15.2282877	290	0.6420902
r-150-1	1	1	25	2	340	6596	67.9991628	3979	29.2021302
r-150-1	1	1	25	3	170	4077	15.4826951	1286	3.1190406
r-150-1	1	1	25	3	340	7105	71.5292985	6093	38.6853785
r-150-1	1	1.33	12	1	170	3863	23.2925787	3137	8.8101715
r-150-1	1	1.33	12	1	340	7080	91.088435	4512	42.6300191
r-150-1	1	1.33	12	2	170	4469	20.8168577	5236	10.3824889
r-150-1	1	1.33	12	2	340	7927	64.7341657	5576	33.5133989
r-150-1	1	1.33	12	3	170	4681	13.0822974	2370	4.0170434
r-150-1	1	1.33	12	3	340	8306	41.2918561	3094	14.8347442
r-150-1	1	1.33	25	1	170	3946	25.2202034	1018	3.8762739
r-150-1	1	1.33	25	1	340	6876	90.8328176	2197	27.3603021
r-150-1	1	1.33	25	2	170	4401	27.5703679	4385	12.959952
r-150-1	1	1.33	25	2	340	7741	38.8330411	78	0.3470775
r-150-1	1	1.33	25	3	170	4986	23.4168521	4728	11.295488
r-150-1	1	1.33	25	3	340	8573	38.1254156	1049	6.1010671
r-150-1	2	0.67	12	1	170	3920	21.8556938	252	0.7129253
r-150-1	2	0.67	12	1	340	6562	62.4328087	57	0.3968824
r-150-1	2	0.67	12	2	170	4053	21.7887318	170	0.4775206
r-150-1	2	0.67	12	2	340	6703	60.4096742	352	3.03315
r-150-1	2	0.67	12	3	170	4107	22.6755895	302	1.0072681
r-150-1	2	0.67	12	3	340	6765	55.6319241	86	0.5653529
r-150-1	2	0.67	25	1	170	3927	43.7216963	1988	11.5665776
r-150-1	2	0.67	25	1	340	6760	113.4382616	450	8.2264156
r-150-1	2	0.67	25	2	170	4419	82.509719	5315	42.1650007
r-150-1	2	0.67	25	2	340	6938	174.5409078	2934	63.1779586
r-150-1	2	0.67	25	3	170	4854	80.373082	3555	32.6328759
r-150-1	2	0.67	25	3	340	6868	138.0333653	1366	27.6221771
r-150-1	2	1	12	1	170	4358	14.7249346	604	1.3263186
r-150-1	2	1	12	1	340	7382	58.8625309	2128	16.2458046
r-150-1	2	1	12	2	170	4817	17.1529101	3018	6.1690785
r-150-1	2	1	12	2	340	7586	38.2662786	1532	8.1346453
r-150-1	2	1	12	3	170	5068	11.9767043	1204	2.0902386
r-150-1	2	1	12	3	340	7597	36.4294231	2270	10.2668693
r-150-1	2	1	25	1	170	4513	34.0311613	4075	15.1088541
r-150-1	2	1	25	1	340	7443	72.0533002	1877	17.0842049
r-150-1	2	1	25	2	170	5303	17.271453	629	1.3736269
r-150-1	2	1	25	2	340	7599	40.832477	28	0.1050601
r-150-1	2	1	25	3	170	6072	23.8669537	2957	8.3632412
r-150-1	2	1	25	3	340	7599	38.6633454	20	0.0592087
r-150-1	2	1.33	12	1	170	5175	30.9571348	6312	17.1364307
r-150-1	2	1.33	12	1	340	8440	65.9085901	3844	28.2663866
r-150-1	2	1.33	12	2	170	5614	16.7353488	3120	6.0747063
r-150-1	2	1.33	12	2	340	8903	29.7938707	473	2.0065437
r-150-1	2	1.33	12	3	170	6007	14.0557611	2582	4.6153755
r-150-1	2	1.33	12	3	340	9122	27.1076818	560	2.2314994
r-150-1	2	1.33	25	1	170	5119	22.4660271	1445	4.7565371
r-150-1	2	1.33	25	1	340	8728	57.8994658	1051	9.3067911
r-150-1	2	1.33	25	2	170	6565	26.270742	3716	10.9676817
r-150-1	2	1.33	25	2	340	9260	45.4635492	1109	7.8394019
r-150-1	2	1.33	25	3	170	7703	53.4894096	13208	38.6052282
r-150-1	2	1.33	25	3	340	9433	42.0664353	1004	6.3641074
r-150-2	1	0.67	12	1	155	3015	22.5843202	438	1.2170641
r-150-2	1	0.67	12	1	311	5851	92.8097009	1713	23.102341
r-150-2	1	0.67	12	2	155	3107	23.8973006	354	1.1191646
r-150-2	1	0.67	12	2	311	5967	71.6420925	46	0.3185783
r-150-2	1	0.67	12	3	155	3509	23.9866543	218	0.5762417
r-150-2	1	0.67	12	3	311	6162	96.0554706	2012	26.3288641
r-150-2	1	0.67	24	1	155	3037	29.5508224	959	4.4849571
r-150-2	1	0.67	24	1	311	6130	190.3345135	5335	98.0076738
r-150-2	1	0.67	24	2	155	3365	50.4797869	3380	20.3572495
r-150-2	1	0.67	24	2	311	6245	107.7291187	69	0.7100006
r-150-2	1	0.67	24	3	155	3634	34.2654019	101	0.4033827
r-150-2	1	0.67	24	3	311	6215	147.6472918	1450	32.031203
r-150-2	1	1	12	1	155	3333	25.9281101	4985	12.908963
r-150-2	1	1	12	1	311	5960	64.5877304	2789	22.2809713
r-150-2	1	1	12	2	155	3608	9.7207387	158	0.1720764
r-150-2	1	1	12	2	311	6364	29.2092817	291	1.1490667
r-150-2	1	1	12	3	155	3712	8.8381446	400	0.439786
r-150-2	1	1	12	3	311	6815	34.9884534	2777	11.6217542
r-150-2	1	1	24	1	155	3372	31.3345505	3397	12.548765
r-150-2	1	1	24	1	311	5848	62.9608243	650	6.5318799
r-150-2	1	1	24	2	155	3746	25.1371966	4635	11.8941871
r-150-2	1	1	24	2	311	6484	35.9523995	44	0.2099098
r-150-2	1	1	24	3	155	3982	11.4482516	186	0.3030952
r-150-2	1	1	24	3	311	6890	31.9515261	484	2.2823613
r-150-2	1	1.33	12	1	155	3959	30.2113433	6673	17.1270824
r-150-2	1	1.33	12	1	311	6821	86.6718372	5354	43.5058653
r-150-2	1	1.33	12	2	155	4292	27.5027215	9479	17.9421271
r-150-2	1	1.33	12	2	311	7569	37.0424283	1931	9.2224996
r-150-2	1	1.33	12	3	155	4726	8.6313277	207	0.2356397
r-150-2	1	1.33	12	3	311	8169	41.7994859	4096	18.2437501
r-150-2	1	1.33	24	1	155	3790	19.3170318	185	0.4708843
r-150-2	1	1.33	24	1	311	6680	134.59353	6777	77.2786239
r-150-2	1	1.33	24	2	155	4440	13.4485838	70	0.1290494
r-150-2	1	1.33	24	2	311	7710	41.3373601	879	5.6465178
r-150-2	1	1.33	24	3	155	4979	11.4028002	169	0.318858
r-150-2	1	1.33	24	3	311	8405	37.6560464	1499	8.0592634
r-150-2	2	0.67	12	1	155	3624	28.7212708	2655	9.5466138
r-150-2	2	0.67	12	1	311	6247	53.9311771	321	2.6920198
r-150-2	2	0.67	12	2	155	3906	26.4843345	1692	6.3767286
r-150-2	2	0.67	12	2	311	6441	88.146712	4098	39.4247584
r-150-2	2	0.67	12	3	155	4022	30.5504465	2566	9.8036517
r-150-2	2	0.67	12	3	311	6570	52.2689006	527	3.9215774
r-150-2	2	0.67	24	1	155	3716	37.3749187	1868	9.5056693
r-150-2	2	0.67	24	1	311	6380	96.0778892	490	7.3878793
r-150-2	2	0.67	24	2	155	4201	63.3231706	4141	28.1014924
r-150-2	2	0.67	24	2	311	6604	183.4265077	4495	86.0008674
r-150-2	2	0.67	24	3	155	4480	46.9560361	786	5.6774719
r-150-2	2	0.67	24	3	311	6686	103.1211232	97	1.0993017
r-150-2	2	1	12	1	155	4328	13.5201056	617	1.1556921
r-150-2	2	1	12	1	311	6883	35.5233768	34	0.1085387
r-150-2	2	1	12	2	155	4681	13.9982714	2092	4.0080002
r-150-2	2	1	12	2	311	7372	32.0320529	1170	5.8614201
r-150-2	2	1	12	3	155	5160	17.9609827	5126	8.8600425
r-150-2	2	1	12	3	311	7512	30.4532528	1797	7.7544321
r-150-2	2	1	24	1	155	4210	34.4633224	5195	17.3176551
r-150-2	2	1	24	1	311	7181	60.7704165	1607	13.0760015
r-150-2	2	1	24	2	155	5265	16.5530046	565	1.2675565
r-150-2	2	1	24	2	311	7512	36.9608597	149	0.5363184
r-150-2	2	1	24	3	155	5810	36.7158528	7900	22.1640129
r-150-2	2	1	24	3	311	7512	33.9035123	29	0.0805531
r-150-2	2	1.33	12	1	155	4953	17.1251085	2163	4.9908414
r-150-2	2	1.33	12	1	311	7984	54.2864105	2877	19.2297495
r-150-2	2	1.33	12	2	155	5865	11.1668239	474	0.8349835
r-150-2	2	1.33	12	2	311	8712	40.7657639	2908	14.3413355
r-150-2	2	1.33	12	3	155	6284	15.8632104	3607	6.5520822
r-150-2	2	1.33	12	3	311	8958	25.8418816	525	2.035642
r-150-2	2	1.33	24	1	155	5008	19.317789	709	2.1149569
r-150-2	2	1.33	24	1	311	8340	52.6658901	616	5.0619813
r-150-2	2	1.33	24	2	155	6270	16.3725516	402	0.959766
r-150-2	2	1.33	24	2	311	9171	40.2180448	653	3.7018105
r-150-2	2	1.33	24	3	155	7279	20.5166544	2128	5.8610536
r-150-2	2	1.33	24	3	311	9337	74.7100324	5298	36.2623512
r-150-3	1	0.67	12	1	170	3197	27.8031553	47	0.1196355
r-150-3	1	0.67	12	1	340	5605	96.1040157	667	10.5819411
r-150-3	1	0.67	12	2	170	3406	47.0987757	3042	17.5147231
r-150-3	1	0.67	12	2	340	5890	186.0884769	5883	99.2655753
r-150-3	1	0.67	12	3	170	3653	31.3173565	385	1.8721726
r-150-3	1	0.67	12	3	340	6007	134.7153228	3108	50.4306885
r-150-3	1	0.67	25	1	170	3213	35.0679062	2	0.0066378
r-150-3	1	0.67	25	1	340	5594	126.1775037	235	4.3982403
r-150-3	1	0.67	25	2	170	3450	45.0406724	29	0.1593272
r-150-3	1	0.67	25	2	340	5970	147.7616017	170	2.5882035
r-150-3	1	0.67	25	3	170	3644	58.9199122	628	6.3726377
r-150-3	1	0.67	25	3	340	6083	160.894836	55	0.7698685
r-150-3	1	1	12	1	170	3572	43.4933478	9073	27.8367253
r-150-3	1	1	12	1	340	5747	52.0317003	514	3.9660811
r-150-3	1	1	12	2	170	3861	13.5885406	1326	2.6270099
r-150-3	1	1	12	2	340	6265	83.1109236	8791	52.4876137
r-150-3	1	1	12	3	170	3962	9.6464331	200	0.2078801
r-150-3	1	1	12	3	340	6446	29.6592989	941	3.6781766
r-150-3	1	1	25	1	170	3352	25.137412	0	0
r-150-3	1	1	25	1	340	5908	76.4057089	616	7.6609163
r-150-3	1	1	25	2	170	3802	20.3011973	653	2.3421277
r-150-3	1	1	25	2	340	6294	52.2588518	1177	9.3616475
r-150-3	1	1	25	3	170	4004	26.9091511	3839	11.7770203
r-150-3	1	1	25	3	340	6619	47.8575211	2009	12.3680258
r-150-3	1	1.33	12	1	170	3943	20.5018092	1571	4.54172
r-150-3	1	1.33	12	1	340	6673	73.2312587	3350	28.21231
r-150-3	1	1.33	12	2	170	4497	10.7723226	34	0.0388187
r-150-3	1	1.33	12	2	340	7369	42.5421147	2551	13.1087715
r-150-3	1	1.33	12	3	170	4744	9.8972854	598	0.7338287
r-150-3	1	1.33	12	3	340	7929	82.4978727	11929	58.0157234
r-150-3	1	1.33	25	1	170	3936	25.8672266	432	1.8856549
r-150-3	1	1.33	25	1	340	6495	95.7683831	2770	31.9520799
r-150-3	1	1.33	25	2	170	4653	24.1178174	2063	7.0221627
r-150-3	1	1.33	25	2	340	7303	39.9085863	41	0.2164083
r-150-3	1	1.33	25	3	170	4733	14.7488025	59	0.1309214
r-150-3	1	1.33	25	3	340	8021	59.1309275	3959	25.8784128
r-150-3	2	0.67	12	1	170	3785	21.8720525	80	0.2304171
r-150-3	2	0.67	12	1	340	6013	56.3454894	334	2.3739257
r-150-3	2	0.67	12	2	170	3817	23.2195711	107	0.309439
r-150-3	2	0.67	12	2	340	6163	56.2156274	402	3.7195365
r-150-3	2	0.67	12	3	170	3975	27.932726	1190	5.1174208
r-150-3	2	0.67	12	3	340	6217	51.9884663	356	2.5520075
r-150-3	2	0.67	25	1	170	3710	36.9793215	208	1.2755194
r-150-3	2	0.67	25	1	340	6253	197.9557546	5400	101.3419827
r-150-3	2	0.67	25	2	170	4126	87.4468154	4922	42.7072933
r-150-3	2	0.67	25	2	340	6296	121.0783749	43	0.4102203
r-150-3	2	0.67	25	3	170	4247	104.7522291	4613	50.1989217
r-150-3	2	0.67	25	3	340	6414	126.1390589	58	0.7375755
r-150-3	2	1	12	1	170	4100	15.3999448	608	1.4716003
r-150-3	2	1	12	1	340	6729	71.336247	3871	30.1549744
r-150-3	2	1	12	2	170	4622	15.7627346	2180	4.6044213
r-150-3	2	1	12	2	340	6946	44.7112755	2783	15.4066022
r-150-3	2	1	12	3	170	4958	25.6698579	7889	15.5571411
r-150-3	2	1	12	3	340	7017	33.3778405	1501	7.0735317
r-150-3	2	1	25	1	170	4450	25.5133872	1058	4.1436383
r-150-3	2	1	25	1	340	6923	62.7808712	564	5.6206533
r-150-3	2	1	25	2	170	4996	24.4109189	1595	5.6286155
r-150-3	2	1	25	2	340	7071	47.2666633	656	4.444367
r-150-3	2	1	25	3	170	5703	27.4896008	2557	9.0317547
r-150-3	2	1	25	3	340	7071	39.5681055	18	0.0566348
r-150-3	2	1.33	12	1	170	4703	14.2256716	126	0.2006776
r-150-3	2	1.33	12	1	340	7819	63.8845391	2911	22.7064912
r-150-3	2	1.33	12	2	170	5618	12.3741107	553	1.0075456
r-150-3	2	1.33	12	2	340	8188	51.8202981	3670	21.4728782
r-150-3	2	1.33	12	3	170	5894	13.0199414	1414	2.6558584
r-150-3	2	1.33	12	3	340	8393	45.7178695	3682	18.6730647
r-150-3	2	1.33	25	1	170	5019	21.9369083	112	0.3342037
r-150-3	2	1.33	25	1	340	8166	77.6759283	1852	19.0828958
r-150-3	2	1.33	25	2	170	6131	20.822374	499	1.5949909
r-150-3	2	1.33	25	2	340	8665	47.6649293	459	3.2271464
r-150-3	2	1.33	25	3	170	6978	23.9039997	1607	5.3698874
r-150-3	2	1.33	25	3	340	8804	81.2497894	4860	39.279785
r-150-4	1	0.67	12	1	172	3534	28.508087	262	0.7016121
r-150-4	1	0.67	12	1	345	6125	94.8220137	734	10.9682784
r-150-4	1	0.67	12	2	172	3675	31.2268339	266	0.6771749
r-150-4	1	0.67	12	2	345	6279	149.6705576	3999	65.1333717
r-150-4	1	0.67	12	3	172	3816	33.4805085	491	2.1284887
r-150-4	1	0.67	12	3	345	6378	117.9238694	2324	35.1723933
r-150-4	1	0.67	24	1	172	3601	71.9405832	4901	35.0825831
r-150-4	1	0.67	24	1	345	6088	125.2326709	34	0.3678855
r-150-4	1	0.67	24	2	172	3825	73.8616389	2805	26.2379787
r-150-4	1	0.67	24	2	345	6362	165.2921606	891	24.0309555
r-150-4	1	0.67	24	3	172	4268	55.7642565	138	0.6440127
r-150-4	1	0.67	24	3	345	6639	159.5045113	246	4.830025
r-150-4	1	1	12	1	172	3656	20.5012932	1710	4.8936518
r-150-4	1	1	12	1	345	6242	57.9477692	708	5.9012276
r-150-4	1	1	12	2	172	4012	13.3457072	1102	2.1241742
r-150-4	1	1	12	2	345	6730	34.4317425	544	2.3081229
r-150-4	1	1	12	3	172	4180	14.9568756	2953	5.4286399
r-150-4	1	1	12	3	345	6937	52.3499998	5054	25.6974869
r-150-4	1	1	24	1	172	3722	33.0553089	1844	8.7459549
r-150-4	1	1	24	1	345	6295	79.4565167	662	8.3714311
r-150-4	1	1	24	2	172	3971	21.6587836	1102	3.6923727
r-150-4	1	1	24	2	345	6665	51.4529333	1034	8.2068427
r-150-4	1	1	24	3	172	4612	15.3093684	57	0.1274803
r-150-4	1	1	24	3	345	7157	72.2830216	5099	36.0610437
r-150-4	1	1.33	12	1	172	4128	15.5427316	80	0.1414631
r-150-4	1	1.33	12	1	345	7146	64.7624578	1406	12.8706233
r-150-4	1	1.33	12	2	172	4618	12.0924606	466	0.9559596
r-150-4	1	1.33	12	2	345	8022	42.975628	1870	10.800522
r-150-4	1	1.33	12	3	172	5043	18.2041663	4533	8.5128177
r-150-4	1	1.33	12	3	345	8264	41.1870348	2905	14.6617704
r-150-4	1	1.33	24	1	172	4287	32.2641667	1608	7.5575237
r-150-4	1	1.33	24	1	345	7037	76.4666232	449	5.5417492
r-150-4	1	1.33	24	2	172	4938	17.9798701	98	0.2292119
r-150-4	1	1.33	24	2	345	8144	75.9989794	4234	34.1683423
r-150-4	1	1.33	24	3	172	5348	17.9472816	915	2.6657225
r-150-4	1	1.33	24	3	345	8717	88.3387409	7274	51.425633
r-150-4	2	0.67	12	1	172	4107	47.106139	5670	24.7726257
r-150-4	2	0.67	12	1	345	6550	64.9067867	305	2.7970649
r-150-4	2	0.67	12	2	172	4307	35.0356139	2602	11.6012464
r-150-4	2	0.67	12	2	345	6643	58.5781533	119	0.7699108
r-150-4	2	0.67	12	3	172	4543	36.1454503	2954	13.1318727
r-150-4	2	0.67	12	3	345	6670	56.8000501	76	0.4810115
r-150-4	2	0.67	24	1	172	4187	47.1203899	1736	11.3079499
r-150-4	2	0.67	24	1	345	6653	167.8985881	3004	62.3552422
r-150-4	2	0.67	24	2	172	4666	52.3790842	832	5.9250846
r-150-4	2	0.67	24	2	345	6738	160.0518537	2644	54.3696682
r-150-4	2	0.67	24	3	172	4935	66.6355956	1273	12.0719568
r-150-4	2	0.67	24	3	345	6816	109.9444135	201	3.185281
r-150-4	2	1	12	1	172	4453	15.3746251	753	1.7303409
r-150-4	2	1	12	1	345	7166	106.2763749	7837	64.4283632
r-150-4	2	1	12	2	172	5217	29.4283451	8437	18.4020362
r-150-4	2	1	12	2	345	7364	39.2312767	1714	9.1662094
r-150-4	2	1	12	3	172	5223	13.5948132	1829	3.4316293
r-150-4	2	1	12	3	345	7379	58.7352651	6132	32.211545
r-150-4	2	1	24	1	172	4878	25.5324465	1498	5.5183565
r-150-4	2	1	24	1	345	7301	141.1619211	7704	83.8446607
r-150-4	2	1	24	2	172	5679	30.6928048	3411	12.1096627
r-150-4	2	1	24	2	345	7403	43.7104024	57	0.212576
r-150-4	2	1	24	3	172	6200	23.6071284	1580	5.4108437
r-150-4	2	1	24	3	345	7403	40.356479	26	0.0756696
r-150-4	2	1.33	12	1	172	5293	15.2050937	554	1.2681996
r-150-4	2	1.33	12	1	345	8247	83.8662808	5465	42.9292086
r-150-4	2	1.33	12	2	172	6045	16.2988515	2593	5.4385561
r-150-4	2	1.33	12	2	345	8787	55.9726314	5217	28.4244239
r-150-4	2	1.33	12	3	172	6358	16.9485228	3783	7.0577352
r-150-4	2	1.33	12	3	345	8900	24.3920129	30	0.0448022
r-150-4	2	1.33	24	1	172	5418	19.3006452	195	0.4245648
r-150-4	2	1.33	24	1	345	8547	170.767589	11797	118.9761833
r-150-4	2	1.33	24	2	172	6982	38.9747675	6598	21.9803883
r-150-4	2	1.33	24	2	345	9061	102.6513901	8261	63.4449299
r-150-4	2	1.33	24	3	172	7665	31.5627701	4365	14.4517964
r-150-4	2	1.33	24	3	345	9235	50.9849563	1761	12.8175578
r-150-5	1	0.67	12	1	174	3747	47.8489013	4638	22.8052427
r-150-5	1	0.67	12	1	348	6472	96.5991219	2092	28.1087083
r-150-5	1	0.67	12	2	174	3921	27.9918244	414	1.8257322
r-150-5	1	0.67	12	2	348	6582	139.248656	5090	69.6523681
r-150-5	1	0.67	12	3	174	4071	27.3741006	180	0.722661
r-150-5	1	0.67	12	3	348	6655	131.3299034	4664	62.3539163
r-150-5	1	0.67	25	1	174	3823	34.4994696	134	0.5811916
r-150-5	1	0.67	25	1	348	6470	194.6331573	4441	90.3474559
r-150-5	1	0.67	25	2	174	4090	63.9236724	2928	22.9773246
r-150-5	1	0.67	25	2	348	6686	119.5325837	24	0.2533303
r-150-5	1	0.67	25	3	174	4081	46.1860988	20	0.1176929
r-150-5	1	0.67	25	3	348	6924	127.1976378	94	1.2397543
r-150-5	1	1	12	1	174	3836	19.1364217	1446	4.0683844
r-150-5	1	1	12	1	348	6608	67.377256	2690	22.6191949
r-150-5	1	1	12	2	174	4272	21.6546105	5099	10.8325109
r-150-5	1	1	12	2	348	7003	34.7760347	1225	5.5207288
r-150-5	1	1	12	3	174	4637	19.6366563	5846	10.3159396
r-150-5	1	1	12	3	348	7171	25.8532022	444	1.6147145
r-150-5	1	1	25	1	174	3884	38.6041505	3646	16.1896302
r-150-5	1	1	25	1	348	6356	65.2372327	219	2.1649091
r-150-5	1	1	25	2	174	4166	28.0088121	3793	11.782375
r-150-5	1	1	25	2	348	6897	41.7083112	547	3.6289064
r-150-5	1	1	25	3	174	4584	17.4961934	1442	3.7693986
r-150-5	1	1	25	3	348	7424	65.2410164	5282	32.9536176
r-150-5	1	1.33	12	1	174	4301	16.0501844	280	0.6623664
r-150-5	1	1.33	12	1	348	7410	45.0722092	22	0.0962958
r-150-5	1	1.33	12	2	174	4917	16.4876	2642	5.4346141
r-150-5	1	1.33	12	2	348	8346	38.6520489	1795	9.5851349
r-150-5	1	1.33	12	3	174	5333	10.445751	711	1.0210174
r-150-5	1	1.33	12	3	348	8769	40.1033596	3422	15.540653
r-150-5	1	1.33	25	1	174	4394	23.7691644	173	0.6440477
r-150-5	1	1.33	25	1	348	7371	121.6103152	4789	58.8137757
r-150-5	1	1.33	25	2	174	4917	16.9159647	295	0.7520421
r-150-5	1	1.33	25	2	348	8288	43.8459559	816	5.820152
r-150-5	1	1.33	25	3	174	5604	14.489665	268	0.6122271
r-150-5	1	1.33	25	3	348	9087	61.9688391	4646	29.7191336
r-150-5	2	0.67	12	1	174	4193	30.1591893	2116	8.717851
r-150-5	2	0.67	12	1	348	6821	65.3688579	1366	13.6883601
r-150-5	2	0.67	12	2	174	4397	22.9852175	347	1.2501214
r-150-5	2	0.67	12	2	348	7090	49.2194665	152	0.8642649
r-150-5	2	0.67	12	3	174	4549	27.2782126	1292	5.3704288
r-150-5	2	0.67	12	3	348	7072	49.1575203	339	2.4655705
r-150-5	2	0.67	25	1	174	4369	38.4948309	678	4.0619138
r-150-5	2	0.67	25	1	348	6983	117.1313979	1546	25.805101
r-150-5	2	0.67	25	2	174	4652	46.0280635	461	2.99118
r-150-5	2	0.67	25	2	348	7164	96.9466898	109	1.2216697
r-150-5	2	0.67	25	3	174	5036	60.7735709	1168	10.9015316
r-150-5	2	0.67	25	3	348	7118	113.7328223	1089	19.1664012
r-150-5	2	1	12	1	174	4835	17.0331449	1372	3.4158417
r-150-5	2	1	12	1	348	7451	44.4244579	1290	8.327981
r-150-5	2	1	12	2	174	5250	14.3486531	1615	3.2247078
r-150-5	2	1	12	2	348	7789	30.3385327	868	3.8222027
r-150-5	2	1	12	3	174	5478	12.8594533	1797	2.8997724
r-150-5	2	1	12	3	348	7868	30.9854115	1904	8.2727335
r-150-5	2	1	25	1	174	4966	28.4563584	2174	8.3120429
r-150-5	2	1	25	1	348	7775	88.2266931	3996	38.2144744
r-150-5	2	1	25	2	174	5798	27.1626048	2621	9.0985455
r-150-5	2	1	25	2	348	7888	36.8902021	45	0.1626787
r-150-5	2	1	25	3	174	6335	22.5319121	1610	5.0602369
r-150-5	2	1	25	3	348	7888	34.8208862	14	0.037102
r-150-5	2	1.33	12	1	174	5708	17.3813371	1156	3.0609872
r-150-5	2	1.33	12	1	348	8623	40.7170129	147	0.7616873
r-150-5	2	1.33	12	2	174	6475	14.3805323	1348	2.7734053
r-150-5	2	1.33	12	2	348	9328	30.4469774	399	1.781543
r-150-5	2	1.33	12	3	174	6738	24.5094881	6783	13.9086268
r-150-5	2	1.33	12	3	348	9475	65.0590779	7866	39.5718015
r-150-5	2	1.33	25	1	174	5695	26.9560804	1494	5.4373519
r-150-5	2	1.33	25	1	348	9039	81.1797232	2251	23.7862863
r-150-5	2	1.33	25	2	174	7134	23.9758358	1353	4.659068
r-150-5	2	1.33	25	2	348	9607	45.3735669	374	2.660111
r-150-5	2	1.33	25	3	174	7802	19.8555409	460	1.1666502
r-150-5	2	1.33	25	3	348	9815	40.0484799	246	1.0723023
AverageObj: 4472.55, IterToBest: 2326.21, TimeToBest: 6.96
