InstanceName	alpha	beta	L	m	Tmax	ObjValue	CpuTime	IterToBest	TimeToBest
r-75-1	1	0.67	12	1	131	1780	1.2539747	291	0.1485118
r-75-1	1	0.67	12	1	263	3104	3.5903688	3894	1.5615613
r-75-1	1	0.67	12	2	131	1827	1.3749349	4019	0.6100768
r-75-1	1	0.67	12	2	263	3098	1.9005241	404	0.1262155
r-75-1	1	0.67	12	3	131	1817	0.7623719	52	0.0060689
r-75-1	1	0.67	12	3	263	3159	1.8819165	633	0.1618975
r-75-1	1	0.67	24	1	131	1765	1.4083186	1974	0.3858742
r-75-1	1	0.67	24	1	263	3126	2.1734324	0	0
r-75-1	1	0.67	24	2	131	1830	1.2213186	1907	0.3288517
r-75-1	1	0.67	24	2	263	3204	1.7649761	0	0
r-75-1	1	0.67	24	3	131	1833	0.8474596	21	0.0035689
r-75-1	1	0.67	24	3	263	3306	1.5985799	0	0
r-75-1	1	1	12	1	131	1964	1.1284936	1720	0.2695739
r-75-1	1	1	12	1	263	3355	2.7986277	1988	0.7453554
r-75-1	1	1	12	2	131	2085	2.1047401	8861	1.3428141
r-75-1	1	1	12	2	263	3391	2.1427055	1013	0.3480336
r-75-1	1	1	12	3	131	2070	0.7478714	67	0.0073545
r-75-1	1	1	12	3	263	3439	2.7825392	2928	0.9921844
r-75-1	1	1	24	1	131	1901	1.056786	104	0.0211446
r-75-1	1	1	24	1	263	3336	2.2524451	0	0
r-75-1	1	1	24	2	131	2056	1.8184828	4920	0.9046073
r-75-1	1	1	24	2	263	3410	1.8404365	0	0
r-75-1	1	1	24	3	131	2266	0.928726	322	0.0533843
r-75-1	1	1	24	3	263	3587	2.0390481	1298	0.4116037
r-75-1	1	1.33	12	1	131	2106	0.8985226	263	0.0369812
r-75-1	1	1.33	12	1	263	3536	4.2209867	5186	2.1390411
r-75-1	1	1.33	12	2	131	2322	1.9465882	7561	1.1709188
r-75-1	1	1.33	12	2	263	3838	3.3986458	4336	1.5639882
r-75-1	1	1.33	12	3	131	2440	1.0318192	1897	0.2816394
r-75-1	1	1.33	12	3	263	3929	1.8325927	261	0.0652743
r-75-1	1	1.33	24	1	131	2048	1.0481159	63	0.0127839
r-75-1	1	1.33	24	1	263	3454	2.2588985	0	0
r-75-1	1	1.33	24	2	131	2416	1.3110667	2013	0.375335
r-75-1	1	1.33	24	2	263	4002	1.8481924	1	0.0001543
r-75-1	1	1.33	24	3	131	2594	1.0075773	705	0.1161456
r-75-1	1	1.33	24	3	263	4107	1.6861465	2	0.000556
r-75-1	2	0.67	12	1	131	1988	1.0652402	328	0.0511935
r-75-1	2	0.67	12	1	263	3269	2.3395838	288	0.0876914
r-75-1	2	0.67	12	2	131	2066	1.694421	4083	0.7468749
r-75-1	2	0.67	12	2	263	3362	2.162243	591	0.1623901
r-75-1	2	0.67	12	3	131	2094	0.9961354	598	0.0789646
r-75-1	2	0.67	12	3	263	3291	2.3192201	1201	0.3806641
r-75-1	2	0.67	24	1	131	1964	1.3881163	981	0.2138133
r-75-1	2	0.67	24	1	263	3279	2.456529	0	0
r-75-1	2	0.67	24	2	131	2260	3.3779072	10844	2.3059424
r-75-1	2	0.67	24	2	263	3415	2.0420486	0	0
r-75-1	2	0.67	24	3	131	2274	1.760893	3681	0.7178794
r-75-1	2	0.67	24	3	263	3422	1.8571677	0	0
r-75-1	2	1	12	1	131	2290	1.7550357	3754	0.732278
r-75-1	2	1	12	1	263	3595	2.4974402	775	0.2535424
r-75-1	2	1	12	2	131	2340	1.3722588	2466	0.4464049
r-75-1	2	1	12	2	263	3703	3.0643899	2875	1.0606285
r-75-1	2	1	12	3	131	2495	1.04866	881	0.1445868
r-75-1	2	1	12	3	263	3822	4.7500857	7414	2.8171503
r-75-1	2	1	24	1	131	2265	3.3835301	9394	2.1957393
r-75-1	2	1	24	1	263	3629	3.0425571	1153	0.5541263
r-75-1	2	1	24	2	131	2650	1.5320416	2171	0.4440546
r-75-1	2	1	24	2	263	3938	3.0589857	2792	1.0477738
r-75-1	2	1	24	3	131	2959	1.3307551	1619	0.3038362
r-75-1	2	1	24	3	263	3939	3.0098517	3605	1.1770528
r-75-1	2	1.33	12	1	131	2645	1.0659851	429	0.0693243
r-75-1	2	1.33	12	1	263	3907	2.195603	2	0.000428
r-75-1	2	1.33	12	2	131	2855	1.9833113	5979	1.0587354
r-75-1	2	1.33	12	2	263	4208	2.1179666	529	0.1709783
r-75-1	2	1.33	12	3	131	2846	1.4229224	3061	0.5249234
r-75-1	2	1.33	12	3	263	4164	1.919872	126	0.0160873
r-75-1	2	1.33	24	1	131	2517	3.0065228	7942	1.8273877
r-75-1	2	1.33	24	1	263	4004	2.4449966	1	0.0001303
r-75-1	2	1.33	24	2	131	3030	1.2734724	904	0.1909912
r-75-1	2	1.33	24	2	263	4516	3.7351613	4202	1.6710546
r-75-1	2	1.33	24	3	131	3484	1.8437407	3902	0.7996067
r-75-1	2	1.33	24	3	263	4744	3.0288159	3424	1.1775315
r-75-2	1	0.67	12	1	127	1693	1.9318427	4366	0.8883308
r-75-2	1	0.67	12	1	254	3014	2.6383109	1478	0.5211131
r-75-2	1	0.67	12	2	127	1690	1.2714264	2178	0.3767012
r-75-2	1	0.67	12	2	254	3040	1.9033201	547	0.1390403
r-75-2	1	0.67	12	3	127	1709	0.9008113	613	0.0919978
r-75-2	1	0.67	12	3	254	3027	5.9511879	13027	4.2798114
r-75-2	1	0.67	24	1	127	1699	1.1716566	0	0
r-75-2	1	0.67	24	1	254	3022	3.0513724	2019	0.8389533
r-75-2	1	0.67	24	2	127	1744	1.0405764	0	0
r-75-2	1	0.67	24	2	254	2983	2.0626429	703	0.2493324
r-75-2	1	0.67	24	3	127	1794	1.0103676	0	0
r-75-2	1	0.67	24	3	254	2932	1.7896388	382	0.1172303
r-75-2	1	1	12	1	127	1862	1.4875089	2469	0.4816606
r-75-2	1	1	12	1	254	3310	4.0455494	5031	1.999593
r-75-2	1	1	12	2	127	1880	1.396425	3204	0.528643
r-75-2	1	1	12	2	254	3386	2.2798948	1744	0.5459155
r-75-2	1	1	12	3	127	1924	1.1206635	1715	0.2742411
r-75-2	1	1	12	3	254	3363	1.8715913	537	0.1459743
r-75-2	1	1	24	1	127	1815	1.4596282	1184	0.2805448
r-75-2	1	1	24	1	254	3191	2.3543267	418	0.1558955
r-75-2	1	1	24	2	127	1958	1.1720561	596	0.126075
r-75-2	1	1	24	2	254	3314	1.9047919	341	0.0877662
r-75-2	1	1	24	3	127	2063	2.402011	7068	1.4062917
r-75-2	1	1	24	3	254	3418	1.7678113	491	0.1336271
r-75-2	1	1.33	12	1	127	2033	1.0774751	386	0.0694812
r-75-2	1	1.33	12	1	254	3453	3.8178881	4470	1.7805364
r-75-2	1	1.33	12	2	127	2149	1.3539927	2888	0.490319
r-75-2	1	1.33	12	2	254	3762	4.0346215	6644	2.2841169
r-75-2	1	1.33	12	3	127	2260	0.8763505	398	0.0594214
r-75-2	1	1.33	12	3	254	3885	2.4294963	2380	0.770411
r-75-2	1	1.33	24	1	127	2005	1.9429086	3321	0.7724571
r-75-2	1	1.33	24	1	254	3411	2.4014962	483	0.1975105
r-75-2	1	1.33	24	2	127	2264	2.5137066	7134	1.4618487
r-75-2	1	1.33	24	2	254	3817	2.6990508	2467	0.8810167
r-75-2	1	1.33	24	3	127	2419	1.5111963	2783	0.533926
r-75-2	1	1.33	24	3	254	4015	3.1887757	4780	1.5455576
r-75-2	2	0.67	12	1	127	1910	2.1348027	5105	1.0552816
r-75-2	2	0.67	12	1	254	3178	3.0228505	2393	0.9296359
r-75-2	2	0.67	12	2	127	1939	1.3873097	2521	0.4455841
r-75-2	2	0.67	12	2	254	3137	2.7175985	2473	0.8682255
r-75-2	2	0.67	12	3	127	1928	1.0847524	1136	0.1900786
r-75-2	2	0.67	12	3	254	3171	2.538915	2385	0.7473247
r-75-2	2	0.67	24	1	127	1881	3.8709806	10791	2.6522959
r-75-2	2	0.67	24	1	254	3145	2.8751104	1384	0.54183
r-75-2	2	0.67	24	2	127	1918	1.320306	972	0.2138706
r-75-2	2	0.67	24	2	254	3390	5.6023112	9751	3.6446196
r-75-2	2	0.67	24	3	127	2080	1.9266398	4243	0.8729896
r-75-2	2	0.67	24	3	254	3397	2.1292374	1029	0.2930221
r-75-2	2	1	12	1	127	2125	1.4277037	1652	0.3307638
r-75-2	2	1	12	1	254	3407	2.1431858	70	0.0101679
r-75-2	2	1	12	2	127	2303	1.587909	3425	0.6348953
r-75-2	2	1	12	2	254	3500	2.2372196	1100	0.3518414
r-75-2	2	1	12	3	127	2475	1.663437	3650	0.7041674
r-75-2	2	1	12	3	254	3512	2.6592083	2444	0.8410146
r-75-2	2	1	24	1	127	2048	1.2467756	0	0
r-75-2	2	1	24	1	254	3514	3.2247809	1920	0.8527188
r-75-2	2	1	24	2	127	2263	1.6199154	2281	0.5041372
r-75-2	2	1	24	2	254	3836	2.233797	878	0.2833699
r-75-2	2	1	24	3	127	2640	1.8982075	4198	0.8579221
r-75-2	2	1	24	3	254	3883	2.8232887	2914	1.0002025
r-75-2	2	1.33	12	1	127	2396	1.6826258	2955	0.6092981
r-75-2	2	1.33	12	1	254	3709	2.1536588	118	0.0223489
r-75-2	2	1.33	12	2	127	2744	1.2779931	1942	0.3348647
r-75-2	2	1.33	12	2	254	3903	1.8553474	95	0.0138012
r-75-2	2	1.33	12	3	127	2965	2.7615763	10366	1.8470803
r-75-2	2	1.33	12	3	254	4032	1.8063451	34	0.0032515
r-75-2	2	1.33	24	1	127	2304	1.2220406	0	0
r-75-2	2	1.33	24	1	254	3856	2.5265899	586	0.2038931
r-75-2	2	1.33	24	2	127	2669	1.5491642	1970	0.4290262
r-75-2	2	1.33	24	2	254	4321	3.477697	4033	1.4996778
r-75-2	2	1.33	24	3	127	3162	1.8182656	3805	0.7812088
r-75-2	2	1.33	24	3	254	4656	4.3095466	7028	2.4887993
r-75-3	1	0.67	13	1	131	1714	1.7380352	5275	0.890729
r-75-3	1	0.67	13	1	262	2960	2.2715063	755	0.246734
r-75-3	1	0.67	13	2	131	1701	1.0394383	1838	0.2669424
r-75-3	1	0.67	13	2	262	3016	4.0764695	6811	2.3287869
r-75-3	1	0.67	13	3	131	1723	1.3279098	4437	0.6012239
r-75-3	1	0.67	13	3	262	3030	2.1032068	1469	0.4359523
r-75-3	1	0.67	26	1	131	1734	0.9853148	226	0.0395866
r-75-3	1	0.67	26	1	262	2992	4.4455559	5766	2.3406199
r-75-3	1	0.67	26	2	131	1767	2.118864	7942	1.2946652
r-75-3	1	0.67	26	2	262	2928	1.7907926	193	0.0451781
r-75-3	1	0.67	26	3	131	1859	1.8596073	6909	1.0800355
r-75-3	1	0.67	26	3	262	3015	1.7727684	683	0.2053619
r-75-3	1	1	13	1	131	1815	0.9302284	453	0.0696958
r-75-3	1	1	13	1	262	3149	2.219553	552	0.1939852
r-75-3	1	1	13	2	131	1878	0.8519326	771	0.1044156
r-75-3	1	1	13	2	262	3200	2.0817301	986	0.3048557
r-75-3	1	1	13	3	131	1850	0.754088	207	0.0228215
r-75-3	1	1	13	3	262	3278	1.9292138	875	0.2416186
r-75-3	1	1	26	1	131	1900	1.1426935	1048	0.1950585
r-75-3	1	1	26	1	262	3162	2.3810957	696	0.271009
r-75-3	1	1	26	2	131	1949	1.1161564	1767	0.2908522
r-75-3	1	1	26	2	262	3283	1.751347	96	0.0218269
r-75-3	1	1	26	3	131	2138	1.263159	3034	0.4745332
r-75-3	1	1	26	3	262	3427	1.5918514	169	0.032331
r-75-3	1	1.33	13	1	131	2042	0.9494995	665	0.1017163
r-75-3	1	1.33	13	1	262	3455	2.4874404	1349	0.4850066
r-75-3	1	1.33	13	2	131	2194	0.9565611	1463	0.2074187
r-75-3	1	1.33	13	2	262	3699	1.996441	740	0.2376283
r-75-3	1	1.33	13	3	131	2132	0.7859367	542	0.0678163
r-75-3	1	1.33	13	3	262	3785	3.3361666	4915	1.6429488
r-75-3	1	1.33	26	1	131	2017	1.1433858	1004	0.1766215
r-75-3	1	1.33	26	1	262	3378	2.534791	1000	0.3965794
r-75-3	1	1.33	26	2	131	2293	1.1935247	2083	0.3434929
r-75-3	1	1.33	26	2	262	3731	1.9305668	602	0.1983046
r-75-3	1	1.33	26	3	131	2440	1.3065636	3182	0.4996049
r-75-3	1	1.33	26	3	262	3941	1.5707341	64	0.0129186
r-75-3	2	0.67	13	1	131	1909	1.7481681	3785	0.7418684
r-75-3	2	0.67	13	1	262	3084	2.3925063	754	0.2600785
r-75-3	2	0.67	13	2	131	1906	1.2142853	1873	0.2996486
r-75-3	2	0.67	13	2	262	3188	2.2299436	1052	0.3217643
r-75-3	2	0.67	13	3	131	1923	2.3006875	8303	1.4198766
r-75-3	2	0.67	13	3	262	3145	2.0901287	1007	0.2571881
r-75-3	2	0.67	26	1	131	2157	2.7779916	7736	1.6826703
r-75-3	2	0.67	26	1	262	3324	5.7913473	8045	3.5083851
r-75-3	2	0.67	26	2	131	2190	1.2301723	1376	0.2442704
r-75-3	2	0.67	26	2	262	3326	3.7661347	5011	1.7923566
r-75-3	2	0.67	26	3	131	2217	1.2718361	1700	0.3207854
r-75-3	2	0.67	26	3	262	3318	3.5656042	5094	1.7295679
r-75-3	2	1	13	1	131	2116	1.6045848	2865	0.5703184
r-75-3	2	1	13	1	262	3415	2.2037365	127	0.0251659
r-75-3	2	1	13	2	131	2188	0.9694731	372	0.0457744
r-75-3	2	1	13	2	262	3504	2.0900365	560	0.1578299
r-75-3	2	1	13	3	131	2188	0.9391815	416	0.052624
r-75-3	2	1	13	3	262	3535	1.9199463	312	0.0520238
r-75-3	2	1	26	1	131	2177	1.6195982	2472	0.5225427
r-75-3	2	1	26	1	262	3466	2.8169633	957	0.4209156
r-75-3	2	1	26	2	131	2481	2.0107681	5192	1.0182382
r-75-3	2	1	26	2	262	3762	4.2420878	5935	2.2475252
r-75-3	2	1	26	3	131	2633	1.3877689	2557	0.4427337
r-75-3	2	1	26	3	262	3763	1.8899604	120	0.020961
r-75-3	2	1.33	13	1	131	2372	1.2190896	1058	0.1855586
r-75-3	2	1.33	13	1	262	3695	3.5970762	3362	1.4243469
r-75-3	2	1.33	13	2	131	2572	0.9591842	219	0.0257234
r-75-3	2	1.33	13	2	262	4029	3.7151764	4939	1.7787976
r-75-3	2	1.33	13	3	131	2586	0.958387	528	0.0703294
r-75-3	2	1.33	13	3	262	3967	1.9761273	280	0.0664708
r-75-3	2	1.33	26	1	131	2309	1.7327788	2835	0.6160676
r-75-3	2	1.33	26	1	262	3872	4.4104984	4417	2.0367013
r-75-3	2	1.33	26	2	131	2940	1.6050428	3224	0.6177005
r-75-3	2	1.33	26	2	262	4362	3.7101948	4531	1.7164717
r-75-3	2	1.33	26	3	131	3140	2.4137098	8087	1.4738275
r-75-3	2	1.33	26	3	262	4526	1.9280239	313	0.058427
r-75-4	1	0.67	12	1	133	1783	1.116927	821	0.1363118
r-75-4	1	0.67	12	1	266	3016	2.252409	461	0.1544457
r-75-4	1	0.67	12	2	133	1787	1.0227074	1518	0.226888
r-75-4	1	0.67	12	2	266	3043	3.2848967	4007	1.4606394
r-75-4	1	0.67	12	3	133	1752	1.5961475	4874	0.776109
r-75-4	1	0.67	12	3	266	3050	1.8844845	570	0.1604578
r-75-4	1	0.67	24	1	133	1822	2.82747	8704	1.7837965
r-75-4	1	0.67	24	1	266	3052	2.1562873	0	0
r-75-4	1	0.67	24	2	133	1858	1.6689382	3968	0.7304552
r-75-4	1	0.67	24	2	266	3018	1.767024	0	0
r-75-4	1	0.67	24	3	133	1852	2.2390341	7552	1.3277327
r-75-4	1	0.67	24	3	266	3066	1.6196688	0	0
r-75-4	1	1	12	1	133	1863	1.0372217	835	0.1335216
r-75-4	1	1	12	1	266	3209	2.5006425	1176	0.4389346
r-75-4	1	1	12	2	133	1903	1.0174181	1442	0.2242647
r-75-4	1	1	12	2	266	3292	2.139943	1009	0.324881
r-75-4	1	1	12	3	133	1932	1.2780996	3324	0.5026124
r-75-4	1	1	12	3	266	3379	3.0982952	3896	1.3405791
r-75-4	1	1	24	1	133	1906	1.1258248	268	0.0542149
r-75-4	1	1	24	1	266	3165	2.1900023	0	0
r-75-4	1	1	24	2	133	1967	0.9873457	334	0.0618243
r-75-4	1	1	24	2	266	3234	2.0111884	606	0.2088261
r-75-4	1	1	24	3	133	2168	1.6285551	3937	0.7189615
r-75-4	1	1	24	3	266	3486	1.8968525	964	0.2801154
r-75-4	1	1.33	12	1	133	2045	1.7324077	4672	0.8331988
r-75-4	1	1.33	12	1	266	3379	2.5062183	1140	0.4343701
r-75-4	1	1.33	12	2	133	2217	1.6850486	5643	0.8861
r-75-4	1	1.33	12	2	266	3524	1.8582987	177	0.0446342
r-75-4	1	1.33	12	3	133	2347	2.0536449	8314	1.2804985
r-75-4	1	1.33	12	3	266	3809	1.7577612	39	0.0048277
r-75-4	1	1.33	24	1	133	1985	1.3507141	1435	0.3036964
r-75-4	1	1.33	24	1	266	3404	2.9529441	1721	0.7280139
r-75-4	1	1.33	24	2	133	2255	1.6063597	3774	0.688371
r-75-4	1	1.33	24	2	266	3743	1.8060335	0	0
r-75-4	1	1.33	24	3	133	2487	0.9050277	0	0
r-75-4	1	1.33	24	3	266	4046	2.8589867	4001	1.2419663
r-75-4	2	0.67	12	1	133	1980	1.0414909	229	0.0309091
r-75-4	2	0.67	12	1	266	3167	3.6250602	3624	1.4676764
r-75-4	2	0.67	12	2	133	2129	1.4421713	2945	0.5222973
r-75-4	2	0.67	12	2	266	3168	2.1098759	532	0.1621213
r-75-4	2	0.67	12	3	133	2130	1.9572927	6017	1.0563322
r-75-4	2	0.67	12	3	266	3238	2.9077726	2959	1.0458429
r-75-4	2	0.67	24	1	133	2064	3.6940186	11221	2.530602
r-75-4	2	0.67	24	1	266	3261	3.2882868	2104	0.9455033
r-75-4	2	0.67	24	2	133	2150	1.196411	779	0.1471455
r-75-4	2	0.67	24	2	266	3287	2.2347895	817	0.2874292
r-75-4	2	0.67	24	3	133	2266	2.7734552	9308	1.8005062
r-75-4	2	0.67	24	3	266	3377	2.8746685	3571	1.1298612
r-75-4	2	1	12	1	133	2211	1.1005805	591	0.0909189
r-75-4	2	1	12	1	266	3429	2.4503923	856	0.289201
r-75-4	2	1	12	2	133	2494	1.2499511	2012	0.3326403
r-75-4	2	1	12	2	266	3510	2.1164488	719	0.2088474
r-75-4	2	1	12	3	133	2492	1.0256058	917	0.1323045
r-75-4	2	1	12	3	266	3550	3.7076087	5181	1.8307239
r-75-4	2	1	24	1	133	2307	1.2177595	371	0.0712602
r-75-4	2	1	24	1	266	3522	2.5452365	582	0.2303311
r-75-4	2	1	24	2	133	2606	1.1895515	826	0.1553854
r-75-4	2	1	24	2	266	3748	3.8053822	5056	1.8500454
r-75-4	2	1	24	3	133	2797	1.7913854	4162	0.7961061
r-75-4	2	1	24	3	266	3873	2.153239	1201	0.3571206
r-75-4	2	1.33	12	1	133	2604	1.4126212	1969	0.3894746
r-75-4	2	1.33	12	1	266	3724	2.2015469	163	0.0345032
r-75-4	2	1.33	12	2	133	2831	1.1075364	1237	0.1886593
r-75-4	2	1.33	12	2	266	3942	2.8696012	2502	0.9289446
r-75-4	2	1.33	12	3	133	2929	1.854481	5489	0.9589572
r-75-4	2	1.33	12	3	266	4098	2.9399466	2859	1.0416494
r-75-4	2	1.33	24	1	133	2481	1.9647332	3753	0.8187173
r-75-4	2	1.33	24	1	266	3832	2.9317109	1416	0.5806273
r-75-4	2	1.33	24	2	133	2942	2.8199629	8588	1.7703787
r-75-4	2	1.33	24	2	266	4441	2.9413886	2792	1.0095036
r-75-4	2	1.33	24	3	133	3323	1.9881241	5158	0.9996663
r-75-4	2	1.33	24	3	266	4613	1.8238581	87	0.0142673
r-75-5	1	0.67	12	1	124	1597	0.9236893	937	0.1376007
r-75-5	1	0.67	12	1	249	2992	2.2382194	995	0.2898534
r-75-5	1	0.67	12	2	124	1563	1.1067891	3263	0.4241619
r-75-5	1	0.67	12	2	249	3064	2.3160808	2059	0.6344575
r-75-5	1	0.67	12	3	124	1634	0.8804088	1853	0.2266471
r-75-5	1	0.67	12	3	249	3035	1.7709693	609	0.164659
r-75-5	1	0.67	25	1	124	1594	0.9614232	547	0.0917748
r-75-5	1	0.67	25	1	249	3084	4.1300427	4966	2.0330514
r-75-5	1	0.67	25	2	124	1632	1.0004453	1431	0.2194636
r-75-5	1	0.67	25	2	249	2999	2.4954653	2420	0.7858003
r-75-5	1	0.67	25	3	124	1650	1.3923205	4482	0.6527564
r-75-5	1	0.67	25	3	249	3133	3.5571652	6665	2.0145161
r-75-5	1	1	12	1	124	1742	1.1490445	2442	0.3687477
r-75-5	1	1	12	1	249	3236	3.8912209	5103	1.947165
r-75-5	1	1	12	2	124	1760	0.821913	1208	0.1530668
r-75-5	1	1	12	2	249	3383	1.9159594	948	0.2409719
r-75-5	1	1	12	3	124	1777	0.957334	2388	0.3112446
r-75-5	1	1	12	3	249	3500	2.5255982	3120	0.9253109
r-75-5	1	1	25	1	124	1739	1.1604452	1639	0.2866407
r-75-5	1	1	25	1	249	3106	2.6645271	1512	0.5989389
r-75-5	1	1	25	2	124	1913	0.9974638	1551	0.2324141
r-75-5	1	1	25	2	249	3310	1.8806799	683	0.1796366
r-75-5	1	1	25	3	124	2042	0.7466812	188	0.0270577
r-75-5	1	1	25	3	249	3424	1.6808294	644	0.175189
r-75-5	1	1.33	12	1	124	1873	0.9751796	1376	0.2042716
r-75-5	1	1.33	12	1	249	3552	1.9767337	145	0.0287254
r-75-5	1	1.33	12	2	124	1988	1.3782385	5316	0.7059175
r-75-5	1	1.33	12	2	249	3828	2.6694728	3004	0.9819456
r-75-5	1	1.33	12	3	124	2098	1.0018457	2741	0.3510065
r-75-5	1	1.33	12	3	249	3896	2.5360986	3053	0.9267414
r-75-5	1	1.33	25	1	124	1889	1.4736755	3323	0.5861637
r-75-5	1	1.33	25	1	249	3375	2.0778755	82	0.0187443
r-75-5	1	1.33	25	2	124	2060	1.3617354	3894	0.5860054
r-75-5	1	1.33	25	2	249	3743	2.1570038	1456	0.4549664
r-75-5	1	1.33	25	3	124	2341	0.7301669	25	0.005874
r-75-5	1	1.33	25	3	249	3997	1.976916	1567	0.4571255
r-75-5	2	0.67	12	1	124	1798	2.2903888	8298	1.4152385
r-75-5	2	0.67	12	1	249	3310	2.0915453	286	0.0599465
r-75-5	2	0.67	12	2	124	1922	0.9333784	887	0.1299128
r-75-5	2	0.67	12	2	249	3320	4.64797	8215	2.8541226
r-75-5	2	0.67	12	3	124	1937	1.1419974	2311	0.3475234
r-75-5	2	0.67	12	3	249	3345	2.8704512	3607	1.1421962
r-75-5	2	0.67	25	1	124	1826	1.0276415	371	0.0658303
r-75-5	2	0.67	25	1	249	3357	2.6592512	1223	0.4658035
r-75-5	2	0.67	25	2	124	2001	1.939161	6161	1.0592568
r-75-5	2	0.67	25	2	249	3420	3.8867126	5569	1.9949203
r-75-5	2	0.67	25	3	124	2235	2.0481332	7108	1.1917521
r-75-5	2	0.67	25	3	249	3382	2.162663	1282	0.3959912
r-75-5	2	1	12	1	124	2061	4.1106079	18491	3.2339473
r-75-5	2	1	12	1	249	3547	2.0664206	23	0.0036354
r-75-5	2	1	12	2	124	2190	1.2624632	2877	0.4518619
r-75-5	2	1	12	2	249	3660	2.9287348	3387	1.1235485
r-75-5	2	1	12	3	124	2297	2.206941	9257	1.4190533
r-75-5	2	1	12	3	249	3744	2.0385947	959	0.2698266
r-75-5	2	1	25	1	124	1989	1.160742	1082	0.196746
r-75-5	2	1	25	1	249	3479	2.7950135	1481	0.5321051
r-75-5	2	1	25	2	124	2209	1.3691619	2800	0.4925718
r-75-5	2	1	25	2	249	3868	2.1225597	906	0.2495915
r-75-5	2	1	25	3	124	2455	0.851026	126	0.0199616
r-75-5	2	1	25	3	249	3877	1.935304	716	0.186926
r-75-5	2	1.33	12	1	124	2275	2.5147024	9325	1.6351032
r-75-5	2	1.33	12	1	249	3837	2.0971467	150	0.0293589
r-75-5	2	1.33	12	2	124	2675	0.8290886	122	0.0136679
r-75-5	2	1.33	12	2	249	4263	3.5028526	4701	1.6770959
r-75-5	2	1.33	12	3	124	2563	1.6556684	5654	0.8673752
r-75-5	2	1.33	12	3	249	4253	2.890651	3493	1.1440692
r-75-5	2	1.33	25	1	124	2112	1.8179539	4670	0.8655766
r-75-5	2	1.33	25	1	249	3821	3.2938116	2479	1.0556276
r-75-5	2	1.33	25	2	124	2755	1.7901206	5250	0.9138966
r-75-5	2	1.33	25	2	249	4459	2.2129243	1176	0.2916855
r-75-5	2	1.33	25	3	124	2859	1.022738	1201	0.1828582
r-75-5	2	1.33	25	3	249	4631	4.8539009	8986	3.1108568
r-100-1	1	0.67	12	1	146	2306	1.9247817	109	0.0265164
r-100-1	1	0.67	12	1	292	4106	5.6862562	1140	0.9876392
r-100-1	1	0.67	12	2	146	2452	4.1293659	7951	2.523517
r-100-1	1	0.67	12	2	292	4179	6.0223455	3120	2.2142434
r-100-1	1	0.67	12	3	146	2445	3.0003663	5113	1.4962882
r-100-1	1	0.67	12	3	292	4256	6.1100024	4010	2.5706209
r-100-1	1	0.67	25	1	146	2396	2.1106982	22	0.0135688
r-100-1	1	0.67	25	1	292	4017	6.6676535	1916	1.785553
r-100-1	1	0.67	25	2	146	2450	2.6274286	2234	0.8068504
r-100-1	1	0.67	25	2	292	4043	4.489322	713	0.519417
r-100-1	1	0.67	25	3	146	2440	2.1401115	1412	0.458778
r-100-1	1	0.67	25	3	292	3952	3.5930168	0	0
r-100-1	1	1	12	1	146	2564	1.8993906	123	0.0325796
r-100-1	1	1	12	1	292	4495	6.4833524	1989	1.8307347
r-100-1	1	1	12	2	146	2731	3.9039086	7309	2.3176608
r-100-1	1	1	12	2	292	4619	6.1331605	3057	2.2922376
r-100-1	1	1	12	3	146	2791	1.5330905	109	0.0209881
r-100-1	1	1	12	3	292	4779	4.7587074	1509	1.0534301
r-100-1	1	1	25	1	146	2566	2.7010532	1352	0.5511373
r-100-1	1	1	25	1	292	4334	9.0837541	4060	4.0624328
r-100-1	1	1	25	2	146	2602	2.0168371	508	0.1686515
r-100-1	1	1	25	2	292	4528	5.6928994	2118	1.6611246
r-100-1	1	1	25	3	146	3038	3.4961241	5310	1.789016
r-100-1	1	1	25	3	292	4758	3.8429315	427	0.2375525
r-100-1	1	1.33	12	1	146	2829	2.3109888	1195	0.4401895
r-100-1	1	1.33	12	1	292	4726	4.7832273	297	0.1503041
r-100-1	1	1.33	12	2	146	3104	1.6216867	92	0.0185542
r-100-1	1	1.33	12	2	292	5247	5.4215399	2169	1.6207528
r-100-1	1	1.33	12	3	146	3225	2.4328167	3107	0.9240911
r-100-1	1	1.33	12	3	292	5412	6.605015	4435	3.1016671
r-100-1	1	1.33	25	1	146	2634	3.2174338	2568	1.089413
r-100-1	1	1.33	25	1	292	4532	5.1317718	291	0.2191088
r-100-1	1	1.33	25	2	146	2934	1.806883	17	0.0134811
r-100-1	1	1.33	25	2	292	4982	6.7438016	3666	2.8330549
r-100-1	1	1.33	25	3	146	3253	1.6949468	104	0.0291506
r-100-1	1	1.33	25	3	292	5460	6.3563833	3863	2.7193811
r-100-1	2	0.67	12	1	146	2520	2.6722103	1498	0.5675279
r-100-1	2	0.67	12	1	292	4478	9.0415801	4478	4.1733239
r-100-1	2	0.67	12	2	146	2591	2.2491494	745	0.2519826
r-100-1	2	0.67	12	2	292	4466	4.7036709	863	0.435227
r-100-1	2	0.67	12	3	146	2610	2.2980191	1689	0.5452624
r-100-1	2	0.67	12	3	292	4551	5.8705491	2501	1.8217098
r-100-1	2	0.67	25	1	146	2506	2.9803013	1324	0.5860357
r-100-1	2	0.67	25	1	292	4376	6.4270716	890	0.956214
r-100-1	2	0.67	25	2	146	2616	3.6322563	3826	1.5517228
r-100-1	2	0.67	25	2	292	4534	5.4780683	1065	0.8050171
r-100-1	2	0.67	25	3	146	2780	2.4302135	1332	0.4768737
r-100-1	2	0.67	25	3	292	4522	5.0415517	935	0.6466109
r-100-1	2	1	12	1	146	2892	2.9209104	2057	0.8065928
r-100-1	2	1	12	1	292	4942	7.6942254	2788	2.6615181
r-100-1	2	1	12	2	146	2992	4.96746	8437	3.1052265
r-100-1	2	1	12	2	292	5080	8.0791188	4669	3.8177347
r-100-1	2	1	12	3	146	3190	1.7956658	147	0.0281095
r-100-1	2	1	12	3	292	5011	7.0035413	3679	2.89604
r-100-1	2	1	25	1	146	2815	2.7530361	789	0.3642856
r-100-1	2	1	25	1	292	4760	6.0952402	602	0.5393771
r-100-1	2	1	25	2	146	3057	2.5390483	1111	0.4401287
r-100-1	2	1	25	2	292	5098	5.4515758	1257	0.8774615
r-100-1	2	1	25	3	146	3515	2.2300525	901	0.2749678
r-100-1	2	1	25	3	292	5146	7.1257406	3508	2.7661801
r-100-1	2	1.33	12	1	146	3207	2.1773139	260	0.0741587
r-100-1	2	1.33	12	1	292	5260	5.0666465	170	0.0598421
r-100-1	2	1.33	12	2	146	3515	2.5639739	1904	0.6951199
r-100-1	2	1.33	12	2	292	5748	6.6433996	2976	2.3602712
r-100-1	2	1.33	12	3	146	3688	2.0878464	999	0.3060215
r-100-1	2	1.33	12	3	292	5835	7.7671524	4693	3.7332588
r-100-1	2	1.33	25	1	146	3058	2.5262063	364	0.1560623
r-100-1	2	1.33	25	1	292	5206	7.4943806	1873	1.9717421
r-100-1	2	1.33	25	2	146	3656	3.0166212	2255	0.9079747
r-100-1	2	1.33	25	2	292	5814	5.3731653	838	0.7072946
r-100-1	2	1.33	25	3	146	4091	2.2530618	788	0.2603996
r-100-1	2	1.33	25	3	292	6070	5.6141339	1553	1.1087449
r-100-2	1	0.67	12	1	139	2383	4.2903805	7740	2.6016227
r-100-2	1	0.67	12	1	278	3965	4.4083054	310	0.1835632
r-100-2	1	0.67	12	2	139	2545	2.9624656	5457	1.5449929
r-100-2	1	0.67	12	2	278	4036	4.7612389	1851	1.236352
r-100-2	1	0.67	12	3	139	2417	2.181156	3372	0.8601031
r-100-2	1	0.67	12	3	278	3988	3.8892512	1198	0.6509245
r-100-2	1	0.67	25	1	139	2506	2.0675856	163	0.0609663
r-100-2	1	0.67	25	1	278	3894	5.0572283	440	0.3816551
r-100-2	1	0.67	25	2	139	2356	1.9564996	521	0.1862257
r-100-2	1	0.67	25	2	278	3869	3.8856187	0	0
r-100-2	1	0.67	25	3	139	2437	1.7610891	172	0.0538337
r-100-2	1	0.67	25	3	278	3973	3.6441456	0	0
r-100-2	1	1	12	1	139	2646	1.8209638	416	0.1212381
r-100-2	1	1	12	1	278	4258	4.2715828	171	0.0693783
r-100-2	1	1	12	2	139	2767	1.4532228	35	0.0073292
r-100-2	1	1	12	2	278	4413	4.4817794	1552	0.9920556
r-100-2	1	1	12	3	139	2835	3.3347991	7619	2.0055966
r-100-2	1	1	12	3	278	4539	4.5050221	2145	1.2558038
r-100-2	1	1	25	1	139	2460	3.5135267	3700	1.4952839
r-100-2	1	1	25	1	278	4380	6.6338776	2186	1.951535
r-100-2	1	1	25	2	139	2605	1.8425398	89	0.0338697
r-100-2	1	1	25	2	278	4407	3.9601253	139	0.0678998
r-100-2	1	1	25	3	139	2816	1.7160066	61	0.0162982
r-100-2	1	1	25	3	278	4220	3.68455	0	0
r-100-2	1	1.33	12	1	139	2833	1.7631906	288	0.0763702
r-100-2	1	1.33	12	1	278	4655	5.2137616	1363	1.0282439
r-100-2	1	1.33	12	2	139	2947	1.4698835	191	0.0415076
r-100-2	1	1.33	12	2	278	5036	3.5310895	111	0.0353267
r-100-2	1	1.33	12	3	139	3274	2.6519677	5102	1.3288503
r-100-2	1	1.33	12	3	278	5120	3.4665454	112	0.0304075
r-100-2	1	1.33	25	1	139	2560	2.0328425	62	0.0239942
r-100-2	1	1.33	25	1	278	4365	5.5541466	1015	0.9044942
r-100-2	1	1.33	25	2	139	2977	1.8053722	190	0.0519091
r-100-2	1	1.33	25	2	278	4636	3.904312	0	0
r-100-2	1	1.33	25	3	139	3230	1.983097	933	0.3159623
r-100-2	1	1.33	25	3	278	5221	5.5783547	2908	1.9867604
r-100-2	2	0.67	12	1	139	2639	3.0333266	2933	1.1110736
r-100-2	2	0.67	12	1	278	4278	7.2277973	3235	2.7018497
r-100-2	2	0.67	12	2	139	2677	2.5514965	2851	0.9067935
r-100-2	2	0.67	12	2	278	4309	6.2544527	3393	2.3845443
r-100-2	2	0.67	12	3	139	2670	1.5506571	72	0.0133937
r-100-2	2	0.67	12	3	278	4364	3.799645	401	0.173084
r-100-2	2	0.67	25	1	139	2553	3.1606766	2129	0.9510771
r-100-2	2	0.67	25	1	278	4225	6.7691097	1655	1.6261423
r-100-2	2	0.67	25	2	139	2648	2.6413719	1416	0.5855338
r-100-2	2	0.67	25	2	278	4326	6.7821177	2774	2.2981819
r-100-2	2	0.67	25	3	139	2692	5.1140468	7920	3.1226607
r-100-2	2	0.67	25	3	278	4421	5.108561	1130	0.8007596
r-100-2	2	1	12	1	139	2858	2.614644	2008	0.7099562
r-100-2	2	1	12	1	278	4716	5.5533432	1245	0.9475116
r-100-2	2	1	12	2	139	3121	1.9497692	794	0.2336139
r-100-2	2	1	12	2	278	4760	5.2092846	1945	1.3292195
r-100-2	2	1	12	3	139	3174	1.6008933	104	0.0181559
r-100-2	2	1	12	3	278	4897	5.3479096	2430	1.6309089
r-100-2	2	1	25	1	139	2696	2.7825166	1319	0.5683902
r-100-2	2	1	25	1	278	4599	11.3313634	6185	6.1789944
r-100-2	2	1	25	2	139	2955	2.323316	602	0.2430281
r-100-2	2	1	25	2	278	4900	6.9967883	2891	2.4502122
r-100-2	2	1	25	3	139	3291	2.8838336	2250	0.8624358
r-100-2	2	1	25	3	278	5093	4.5446068	482	0.2351455
r-100-2	2	1.33	12	1	139	3256	2.41898	1429	0.5027456
r-100-2	2	1.33	12	1	278	5061	6.210828	1890	1.6278197
r-100-2	2	1.33	12	2	139	3476	1.8312686	695	0.1816065
r-100-2	2	1.33	12	2	278	5440	4.0680922	241	0.1202673
r-100-2	2	1.33	12	3	139	3731	2.3425175	2504	0.7661513
r-100-2	2	1.33	12	3	278	5666	3.9278036	385	0.2025745
r-100-2	2	1.33	25	1	139	2875	3.0431541	1885	0.8319361
r-100-2	2	1.33	25	1	278	4771	5.7067008	616	0.5559558
r-100-2	2	1.33	25	2	139	3387	2.8377503	1989	0.8102632
r-100-2	2	1.33	25	2	278	5640	4.4797878	8	0.0014316
r-100-2	2	1.33	25	3	139	3861	2.5761955	1623	0.6230393
r-100-2	2	1.33	25	3	278	6023	4.3114658	138	0.0378923
r-100-3	1	0.67	12	1	145	2146	1.8802988	372	0.1197107
r-100-3	1	0.67	12	1	290	4248	5.7975164	1594	1.2948862
r-100-3	1	0.67	12	2	145	2188	2.0132575	1784	0.5084229
r-100-3	1	0.67	12	2	290	4265	9.4482153	7752	5.6353539
r-100-3	1	0.67	12	3	145	2167	3.3606203	7009	1.9536746
r-100-3	1	0.67	12	3	290	4209	4.1585301	1280	0.7322365
r-100-3	1	0.67	25	1	145	2143	2.1484611	179	0.0560765
r-100-3	1	0.67	25	1	290	4041	5.3735758	634	0.5285762
r-100-3	1	0.67	25	2	145	2184	1.9774821	338	0.1247318
r-100-3	1	0.67	25	2	290	4316	5.3891622	1893	1.4039389
r-100-3	1	0.67	25	3	145	2252	1.8092522	187	0.0517244
r-100-3	1	0.67	25	3	290	4010	4.4572166	1361	0.8441603
r-100-3	1	1	12	1	145	2297	1.8045521	66	0.0165156
r-100-3	1	1	12	1	290	4429	5.2173121	912	0.6934557
r-100-3	1	1	12	2	145	2459	1.5435157	68	0.0130218
r-100-3	1	1	12	2	290	4613	4.0348888	564	0.2572909
r-100-3	1	1	12	3	145	2576	1.520235	572	0.1351733
r-100-3	1	1	12	3	290	4754	4.4895604	1593	1.0228482
r-100-3	1	1	25	1	145	2316	2.7934281	1824	0.7314278
r-100-3	1	1	25	1	290	4414	11.924255	7668	7.1490164
r-100-3	1	1	25	2	145	2475	1.8818357	58	0.0191912
r-100-3	1	1	25	2	290	4612	4.969482	1375	0.9564574
r-100-3	1	1	25	3	145	2610	1.8083006	157	0.0431241
r-100-3	1	1	25	3	290	4611	3.6804287	195	0.0764489
r-100-3	1	1.33	12	1	145	2551	2.0867928	899	0.2956622
r-100-3	1	1.33	12	1	290	4631	5.6180277	1381	1.0763029
r-100-3	1	1.33	12	2	145	2989	2.2490746	2514	0.7300895
r-100-3	1	1.33	12	2	290	5358	4.3813962	993	0.6391275
r-100-3	1	1.33	12	3	145	3057	1.4143839	173	0.029471
r-100-3	1	1.33	12	3	290	5408	6.0143718	3519	2.415676
r-100-3	1	1.33	25	1	145	2474	3.882904	4272	1.7610151
r-100-3	1	1.33	25	1	290	4483	5.6171225	880	0.7694453
r-100-3	1	1.33	25	2	145	2976	2.2372438	1214	0.425085
r-100-3	1	1.33	25	2	290	4896	3.9872408	160	0.0822563
r-100-3	1	1.33	25	3	145	3143	1.7661314	195	0.0554885
r-100-3	1	1.33	25	3	290	5439	4.3589321	1287	0.823639
r-100-3	2	0.67	12	1	145	2667	3.3322437	3713	1.4005869
r-100-3	2	0.67	12	1	290	4426	4.8012178	223	0.0948513
r-100-3	2	0.67	12	2	145	2552	2.181223	1528	0.4632812
r-100-3	2	0.67	12	2	290	4551	6.2857874	2854	2.1700891
r-100-3	2	0.67	12	3	145	2684	3.6281962	6430	2.0083775
r-100-3	2	0.67	12	3	290	4488	3.8795771	172	0.0499337
r-100-3	2	0.67	25	1	145	2347	2.4198615	404	0.1538688
r-100-3	2	0.67	25	1	290	4367	5.4177309	128	0.0700681
r-100-3	2	0.67	25	2	145	2524	3.4406932	3246	1.3524058
r-100-3	2	0.67	25	2	290	4594	7.2925136	3362	2.6916135
r-100-3	2	0.67	25	3	145	2650	2.1605429	570	0.1894655
r-100-3	2	0.67	25	3	290	4649	5.0489931	1216	0.7990216
r-100-3	2	1	12	1	145	2774	2.1462759	567	0.192931
r-100-3	2	1	12	1	290	4813	5.2062438	651	0.434517
r-100-3	2	1	12	2	145	3178	3.087881	3665	1.2694925
r-100-3	2	1	12	2	290	5109	7.6559078	4438	3.5439135
r-100-3	2	1	12	3	145	3274	1.9924405	1344	0.3740202
r-100-3	2	1	12	3	290	5226	5.3441765	2325	1.5300536
r-100-3	2	1	25	1	145	2590	3.1434725	2036	0.8939947
r-100-3	2	1	25	1	290	4852	5.5307434	359	0.2347699
r-100-3	2	1	25	2	145	2992	4.1739491	5279	2.1339644
r-100-3	2	1	25	2	290	5209	4.8977143	400	0.2456549
r-100-3	2	1	25	3	145	3497	2.7958914	2165	0.8203589
r-100-3	2	1	25	3	290	5430	4.5792285	497	0.2579091
r-100-3	2	1.33	12	1	145	3166	4.4565229	6690	2.5195311
r-100-3	2	1.33	12	1	290	5301	8.052846	3492	3.2136999
r-100-3	2	1.33	12	2	145	3610	2.4115087	2082	0.6742649
r-100-3	2	1.33	12	2	290	5942	4.1660425	149	0.0410203
r-100-3	2	1.33	12	3	145	3888	1.933497	1202	0.3221921
r-100-3	2	1.33	12	3	290	5830	6.8076311	3940	2.9702336
r-100-3	2	1.33	25	1	145	2913	2.2830132	104	0.0381376
r-100-3	2	1.33	25	1	290	5354	5.6011288	171	0.1314132
r-100-3	2	1.33	25	2	145	3598	2.1635786	191	0.0638399
r-100-3	2	1.33	25	2	290	5970	6.7633385	2395	2.1353796
r-100-3	2	1.33	25	3	145	4041	2.4696203	1292	0.4483267
r-100-3	2	1.33	25	3	290	6385	4.7506095	654	0.4275272
r-100-4	1	0.67	13	1	138	2171	3.8785375	6445	2.1649566
r-100-4	1	0.67	13	1	277	3753	4.2201234	0	0
r-100-4	1	0.67	13	2	138	2101	2.1515075	2655	0.7106042
r-100-4	1	0.67	13	2	277	3875	3.5350265	0	0
r-100-4	1	0.67	13	3	138	2195	3.8008554	9484	2.4774218
r-100-4	1	0.67	13	3	277	3875	3.2546813	0	0
r-100-4	1	0.67	27	1	138	2164	2.3780909	1377	0.4961401
r-100-4	1	0.67	27	1	277	3859	4.4811515	0	0
r-100-4	1	0.67	27	2	138	2268	1.9339358	943	0.2972743
r-100-4	1	0.67	27	2	277	3931	3.633174	0	0
r-100-4	1	0.67	27	3	138	2212	2.1545482	2214	0.6508645
r-100-4	1	0.67	27	3	277	3807	3.242232	0	0
r-100-4	1	1	13	1	138	2363	2.5770328	2576	0.8512259
r-100-4	1	1	13	1	277	4082	4.4193002	275	0.1394073
r-100-4	1	1	13	2	138	2454	2.8177083	4864	1.3796947
r-100-4	1	1	13	2	277	4254	4.913814	1844	1.2934494
r-100-4	1	1	13	3	138	2490	1.332464	42	0.0069888
r-100-4	1	1	13	3	277	4198	3.5081487	371	0.2140538
r-100-4	1	1	27	1	138	2262	1.8696632	78	0.0237574
r-100-4	1	1	27	1	277	3980	4.3071974	0	0
r-100-4	1	1	27	2	138	2402	1.690349	299	0.0895081
r-100-4	1	1	27	2	277	4078	5.4423527	2791	1.9282219
r-100-4	1	1	27	3	138	2603	1.4894004	93	0.0258639
r-100-4	1	1	27	3	277	4156	4.2200842	1635	1.0044142
r-100-4	1	1.33	13	1	138	2495	3.1948645	4419	1.4691848
r-100-4	1	1.33	13	1	277	4386	4.3169438	0	0
r-100-4	1	1.33	13	2	138	2867	1.4687208	138	0.0244638
r-100-4	1	1.33	13	2	277	4707	7.3060894	5339	3.7279091
r-100-4	1	1.33	13	3	138	2924	2.3770899	4003	1.0585822
r-100-4	1	1.33	13	3	277	4851	5.8326198	4004	2.5550705
r-100-4	1	1.33	27	1	138	2453	1.973673	349	0.1056892
r-100-4	1	1.33	27	1	277	4271	4.4009131	0	0
r-100-4	1	1.33	27	2	138	2776	2.69241	3533	1.1100406
r-100-4	1	1.33	27	2	277	4525	3.5862561	0	0
r-100-4	1	1.33	27	3	138	2842	1.5620222	300	0.0709959
r-100-4	1	1.33	27	3	277	4850	3.1725719	10	0.0029513
r-100-4	2	0.67	13	1	138	2428	3.9899668	5491	2.069706
r-100-4	2	0.67	13	1	277	4009	9.1849655	5266	4.6925861
r-100-4	2	0.67	13	2	138	2498	3.2751328	4913	1.5872027
r-100-4	2	0.67	13	2	277	4167	6.1570921	2996	2.1925526
r-100-4	2	0.67	13	3	138	2528	5.0372462	10970	3.4429463
r-100-4	2	0.67	13	3	277	4208	4.8731027	1581	1.0417208
r-100-4	2	0.67	27	1	138	2307	2.8510072	1895	0.7372822
r-100-4	2	0.67	27	1	277	3958	6.3952636	1346	1.2393095
r-100-4	2	0.67	27	2	138	2494	1.9193451	191	0.0562849
r-100-4	2	0.67	27	2	277	4127	4.2130462	0	0
r-100-4	2	0.67	27	3	138	2696	2.5306354	2468	0.8026379
r-100-4	2	0.67	27	3	277	4288	5.4496435	2247	1.5381074
r-100-4	2	1	13	1	138	2709	2.2049773	845	0.2868468
r-100-4	2	1	13	1	277	4429	7.1099014	2793	2.438139
r-100-4	2	1	13	2	138	2900	5.1679823	10455	3.481476
r-100-4	2	1	13	2	277	4815	9.8265223	7491	5.878257
r-100-4	2	1	13	3	138	2910	2.1585398	1884	0.5602388
r-100-4	2	1	13	3	277	4779	9.1606712	7335	5.3329945
r-100-4	2	1	27	1	138	2593	3.4841674	3310	1.3630105
r-100-4	2	1	27	1	277	4282	8.5528692	3280	3.3045155
r-100-4	2	1	27	2	138	2995	2.4784545	1695	0.5912999
r-100-4	2	1	27	2	277	4661	4.8042157	684	0.4863834
r-100-4	2	1	27	3	138	3176	4.5990303	8342	2.8406572
r-100-4	2	1	27	3	277	4938	7.8786133	5302	3.8919588
r-100-4	2	1.33	13	1	138	3016	3.5556112	4213	1.6143862
r-100-4	2	1.33	13	1	277	4895	5.3480327	903	0.67342
r-100-4	2	1.33	13	2	138	3414	1.8563578	592	0.160776
r-100-4	2	1.33	13	2	277	5282	4.3412569	467	0.2689827
r-100-4	2	1.33	13	3	138	3475	2.5810968	2970	0.9546661
r-100-4	2	1.33	13	3	277	5531	3.8282592	142	0.0376241
r-100-4	2	1.33	27	1	138	2928	3.7054153	3822	1.5921562
r-100-4	2	1.33	27	1	277	4709	11.8482799	6776	6.7036185
r-100-4	2	1.33	27	2	138	3491	4.408042	7047	2.577133
r-100-4	2	1.33	27	2	277	5407	7.6846037	4212	3.3696629
r-100-4	2	1.33	27	3	138	3807	2.7706411	3045	1.0153481
r-100-4	2	1.33	27	3	277	5911	9.864796	7566	5.834989
r-100-5	1	0.67	12	1	132	2227	2.5132249	2152	0.7267943
r-100-5	1	0.67	12	1	264	3885	5.4787872	1311	1.0702952
r-100-5	1	0.67	12	2	132	2197	1.7578054	1032	0.2798718
r-100-5	1	0.67	12	2	264	3940	7.5775614	5481	3.9446025
r-100-5	1	0.67	12	3	132	2259	2.8163396	5780	1.4936249
r-100-5	1	0.67	12	3	264	3967	6.1886613	4038	2.6947273
r-100-5	1	0.67	24	1	132	2224	2.1481445	167	0.0615087
r-100-5	1	0.67	24	1	264	3929	6.3178774	1606	1.5372733
r-100-5	1	0.67	24	2	132	2339	3.0904765	3387	1.2586214
r-100-5	1	0.67	24	2	264	3967	3.9798765	0	0
r-100-5	1	0.67	24	3	132	2250	1.7594338	108	0.0276025
r-100-5	1	0.67	24	3	264	4051	3.6738182	0	0
r-100-5	1	1	12	1	132	2413	3.1034304	3863	1.3338606
r-100-5	1	1	12	1	264	4238	4.8075401	711	0.4904848
r-100-5	1	1	12	2	132	2521	1.8834897	1507	0.4217551
r-100-5	1	1	12	2	264	4308	3.7802928	366	0.1584411
r-100-5	1	1	12	3	132	2603	2.0930959	2893	0.7570284
r-100-5	1	1	12	3	264	4608	4.6300475	1997	1.2896743
r-100-5	1	1	24	1	132	2270	2.1702755	227	0.0706108
r-100-5	1	1	24	1	264	4002	4.8406796	0	0
r-100-5	1	1	24	2	132	2506	2.0117365	468	0.1706437
r-100-5	1	1	24	2	264	4190	4.0046334	0	0
r-100-5	1	1	24	3	132	2700	1.8077751	100	0.0292461
r-100-5	1	1	24	3	264	4521	4.1464888	692	0.4842874
r-100-5	1	1.33	12	1	132	2561	2.0776117	899	0.3102178
r-100-5	1	1.33	12	1	264	4458	4.7103658	310	0.187039
r-100-5	1	1.33	12	2	132	2922	2.420273	3267	0.945947
r-100-5	1	1.33	12	2	264	4810	3.8453001	391	0.2274119
r-100-5	1	1.33	12	3	132	3157	1.7990354	1766	0.4561991
r-100-5	1	1.33	12	3	264	5070	3.3925576	76	0.0199669
r-100-5	1	1.33	24	1	132	2631	2.1857158	155	0.0500118
r-100-5	1	1.33	24	1	264	4411	4.7827689	0	0
r-100-5	1	1.33	24	2	132	2784	1.9408959	209	0.0677404
r-100-5	1	1.33	24	2	264	4857	4.0027174	0	0
r-100-5	1	1.33	24	3	132	3028	1.9542666	596	0.1977151
r-100-5	1	1.33	24	3	264	5014	3.7037492	0	0
r-100-5	2	0.67	12	1	132	2586	6.5259051	11304	4.5158121
r-100-5	2	0.67	12	1	264	4305	4.9188892	346	0.2149072
r-100-5	2	0.67	12	2	132	2585	2.9022889	2945	1.0291874
r-100-5	2	0.67	12	2	264	4341	4.9359649	1391	0.9314012
r-100-5	2	0.67	12	3	132	2682	3.1107016	4791	1.4796398
r-100-5	2	0.67	12	3	264	4402	11.3325518	10359	7.5902692
r-100-5	2	0.67	24	1	132	2357	2.3143166	15	0.0100978
r-100-5	2	0.67	24	1	264	4104	5.5307143	240	0.210562
r-100-5	2	0.67	24	2	132	2563	2.8419094	1814	0.7253894
r-100-5	2	0.67	24	2	264	4386	4.9312077	480	0.3506782
r-100-5	2	0.67	24	3	132	2723	2.1338935	235	0.0785801
r-100-5	2	0.67	24	3	264	4562	9.7540613	6544	5.4255724
r-100-5	2	1	12	1	132	2787	2.0497534	122	0.0328898
r-100-5	2	1	12	1	264	4683	6.4100393	1944	1.6353456
r-100-5	2	1	12	2	132	3103	2.0041224	842	0.2501093
r-100-5	2	1	12	2	264	4944	10.469912	8013	6.4359924
r-100-5	2	1	12	3	132	3167	1.930236	1039	0.3018266
r-100-5	2	1	12	3	264	4966	8.340479	5990	4.4768344
r-100-5	2	1	24	1	132	2600	2.4371256	130	0.0501003
r-100-5	2	1	24	1	264	4623	6.7643357	1450	1.4298132
r-100-5	2	1	24	2	132	3034	2.672874	1330	0.5263346
r-100-5	2	1	24	2	264	4972	6.6944554	2285	2.0297665
r-100-5	2	1	24	3	132	3332	2.6905647	1543	0.6038506
r-100-5	2	1	24	3	264	5293	8.5803586	5257	4.2037719
r-100-5	2	1.33	12	1	132	3173	2.1061119	355	0.104085
r-100-5	2	1.33	12	1	264	5260	6.4742211	1897	1.7311722
r-100-5	2	1.33	12	2	132	3630	3.4103003	4988	1.6855589
r-100-5	2	1.33	12	2	264	5500	4.0549552	149	0.0490205
r-100-5	2	1.33	12	3	132	3770	2.8856773	3986	1.2580874
r-100-5	2	1.33	12	3	264	5685	3.9552762	248	0.1029591
r-100-5	2	1.33	24	1	132	2919	2.5908735	444	0.1941988
r-100-5	2	1.33	24	1	264	4861	5.3779227	0	0
r-100-5	2	1.33	24	2	132	3413	2.8318292	1652	0.6955775
r-100-5	2	1.33	24	2	264	5694	6.9554553	2493	2.2784915
r-100-5	2	1.33	24	3	132	3842	2.0912861	53	0.0163701
r-100-5	2	1.33	24	3	264	6195	4.9787291	945	0.6398348
r-125-1	1	0.67	11	1	151	2900	3.8622831	521	0.3006283
r-125-1	1	0.67	11	1	303	4778	9.0938404	0	0
r-125-1	1	0.67	11	2	151	3087	6.2287521	6151	3.4025205
r-125-1	1	0.67	11	2	303	4802	7.2564766	0	0
r-125-1	1	0.67	11	3	151	3122	2.6347431	206	0.0706762
r-125-1	1	0.67	11	3	303	4864	12.058429	4065	5.4003741
r-125-1	1	0.67	23	1	151	2950	6.4073612	2396	2.0592458
r-125-1	1	0.67	23	1	303	5018	10.0152576	0	0
r-125-1	1	0.67	23	2	151	3063	3.7400109	0	0
r-125-1	1	0.67	23	2	303	5137	8.4025608	0	0
r-125-1	1	0.67	23	3	151	3187	3.5796738	0	0
r-125-1	1	0.67	23	3	303	5199	7.5591158	0	0
r-125-1	1	1	11	1	151	3224	10.7526947	10470	7.267408
r-125-1	1	1	11	1	303	5013	13.1012668	2545	4.2352755
r-125-1	1	1	11	2	151	3355	3.8456624	1942	1.0135317
r-125-1	1	1	11	2	303	5327	8.853975	1166	1.490044
r-125-1	1	1	11	3	151	3618	5.9880494	6757	3.4012277
r-125-1	1	1	11	3	303	5446	12.6802735	4707	6.0312691
r-125-1	1	1	23	1	151	3245	6.3095919	2248	1.9107985
r-125-1	1	1	23	1	303	5179	9.9743855	0	0
r-125-1	1	1	23	2	151	3344	4.0319876	0	0
r-125-1	1	1	23	2	303	5495	9.0765688	0	0
r-125-1	1	1	23	3	151	3511	3.71835	0	0
r-125-1	1	1	23	3	303	5492	7.9376799	0	0
r-125-1	1	1.33	11	1	151	3553	6.5249859	4095	2.9307598
r-125-1	1	1.33	11	1	303	5571	9.8694717	1	0.0007178
r-125-1	1	1.33	11	2	151	3857	3.5113984	1096	0.6170117
r-125-1	1	1.33	11	2	303	5986	12.4501884	2986	4.611667
r-125-1	1	1.33	11	3	151	4153	2.7325566	203	0.0695098
r-125-1	1	1.33	11	3	303	6229	7.2929236	66	0.0339454
r-125-1	1	1.33	23	1	151	3435	7.4308742	3145	2.851279
r-125-1	1	1.33	23	1	303	5375	10.7136871	0	0
r-125-1	1	1.33	23	2	151	3664	4.0928236	0	0
r-125-1	1	1.33	23	2	303	5993	9.0826129	0	0
r-125-1	1	1.33	23	3	151	4067	4.993719	1730	1.2795499
r-125-1	1	1.33	23	3	303	5873	7.9666269	0	0
r-125-1	2	0.67	11	1	151	3314	4.2891877	359	0.1978683
r-125-1	2	0.67	11	1	303	5155	10.444247	2	0.0027145
r-125-1	2	0.67	11	2	151	3540	7.5455461	5645	3.8971694
r-125-1	2	0.67	11	2	303	5065	8.7641057	205	0.2278014
r-125-1	2	0.67	11	3	151	3658	4.4313307	1830	1.0109971
r-125-1	2	0.67	11	3	303	5275	10.6328909	1708	2.526184
r-125-1	2	0.67	23	1	151	3133	5.0536832	0	0
r-125-1	2	0.67	23	1	303	5207	12.0874123	0	0
r-125-1	2	0.67	23	2	151	3359	4.608734	0	0
r-125-1	2	0.67	23	2	303	5402	10.5673821	0	0
r-125-1	2	0.67	23	3	151	3556	5.245357	769	0.6783242
r-125-1	2	0.67	23	3	303	5514	9.2501985	0	0
r-125-1	2	1	11	1	151	3759	5.8846157	2573	1.847982
r-125-1	2	1	11	1	303	5631	9.9519648	297	0.3239049
r-125-1	2	1	11	2	151	4212	3.5483588	249	0.1027431
r-125-1	2	1	11	2	303	5884	9.121447	699	0.9701665
r-125-1	2	1	11	3	151	4410	9.4209291	9350	6.1119538
r-125-1	2	1	11	3	303	5867	10.1228006	1830	2.499441
r-125-1	2	1	23	1	151	3469	4.7398297	0	0
r-125-1	2	1	23	1	303	5558	11.0910698	0	0
r-125-1	2	1	23	2	151	3970	8.1268544	4241	3.6631001
r-125-1	2	1	23	2	303	5934	9.6632388	0	0
r-125-1	2	1	23	3	151	4358	5.6603017	1606	1.3475517
r-125-1	2	1	23	3	303	6055	9.1585593	105	0.0938051
r-125-1	2	1.33	11	1	151	4295	4.2784074	380	0.2470578
r-125-1	2	1.33	11	1	303	6195	12.3768251	1462	2.6929329
r-125-1	2	1.33	11	2	151	4836	4.4606885	1584	1.0091929
r-125-1	2	1.33	11	2	303	6607	14.0093986	3834	5.9789072
r-125-1	2	1.33	11	3	151	5251	5.3332754	3324	2.0573417
r-125-1	2	1.33	11	3	303	6652	8.8614614	958	1.3152173
r-125-1	2	1.33	23	1	151	3830	4.7055679	0	0
r-125-1	2	1.33	23	1	303	6205	11.0452937	0	0
r-125-1	2	1.33	23	2	151	4583	11.0772947	7546	6.6311852
r-125-1	2	1.33	23	2	303	6793	9.5888991	0	0
r-125-1	2	1.33	23	3	151	5395	7.4597624	3864	3.1444544
r-125-1	2	1.33	23	3	303	7242	10.0774834	791	1.1287367
r-125-2	1	0.67	13	1	153	2684	3.5589851	1093	0.6190788
r-125-2	1	0.67	13	1	307	4402	9.4712853	682	0.9988271
r-125-2	1	0.67	13	2	153	2624	5.6539819	6589	3.1893189
r-125-2	1	0.67	13	2	307	4577	9.9967797	2458	3.1847666
r-125-2	1	0.67	13	3	153	2657	4.6458033	5456	2.4042237
r-125-2	1	0.67	13	3	307	4736	8.617921	2314	2.4562896
r-125-2	1	0.67	26	1	153	2556	3.946249	641	0.4412806
r-125-2	1	0.67	26	1	307	4449	17.4024847	4686	8.3399787
r-125-2	1	0.67	26	2	153	2682	5.0125943	2876	1.8403496
r-125-2	1	0.67	26	2	307	4401	7.5972998	0	0
r-125-2	1	0.67	26	3	153	2779	4.8389202	2880	1.7358578
r-125-2	1	0.67	26	3	307	4525	8.1787772	802	1.0977504
r-125-2	1	1	13	1	153	2862	3.7415505	1286	0.7260875
r-125-2	1	1	13	1	307	4918	11.0812249	1744	2.6675872
r-125-2	1	1	13	2	153	2934	2.8194728	791	0.3488198
r-125-2	1	1	13	2	307	4997	12.3875753	4505	5.8148576
r-125-2	1	1	13	3	153	3065	4.4330219	5213	2.2600617
r-125-2	1	1	13	3	307	5413	8.5308741	2441	2.725428
r-125-2	1	1	26	1	153	2834	4.7574049	1691	1.1648921
r-125-2	1	1	26	1	307	4582	12.685949	2218	3.8904045
r-125-2	1	1	26	2	153	2994	3.3235897	192	0.0971469
r-125-2	1	1	26	2	307	4776	7.4562628	0	0
r-125-2	1	1	26	3	153	3032	3.1790203	31	0.0220891
r-125-2	1	1	26	3	307	4967	12.718612	4536	6.0577774
r-125-2	1	1.33	13	1	153	3072	3.3031565	572	0.3298104
r-125-2	1	1.33	13	1	307	5152	10.5512294	1382	2.0750168
r-125-2	1	1.33	13	2	153	3314	2.8384163	907	0.3844657
r-125-2	1	1.33	13	2	307	5905	10.4314253	2829	3.7260801
r-125-2	1	1.33	13	3	153	3587	2.3164383	348	0.1064962
r-125-2	1	1.33	13	3	307	6172	11.3925488	4505	5.3723739
r-125-2	1	1.33	26	1	153	2920	3.680816	27	0.0130104
r-125-2	1	1.33	26	1	307	4718	8.8883421	0	0
r-125-2	1	1.33	26	2	153	3349	3.639915	799	0.4735939
r-125-2	1	1.33	26	2	307	5362	7.3939622	0	0
r-125-2	1	1.33	26	3	153	3430	3.0280621	1	0.000297
r-125-2	1	1.33	26	3	307	6005	13.2318692	5165	6.6440256
r-125-2	2	0.67	13	1	153	3026	6.8474158	5365	3.5119662
r-125-2	2	0.67	13	1	307	5022	16.9233988	4622	8.021762
r-125-2	2	0.67	13	2	153	3098	5.5016211	4411	2.5294661
r-125-2	2	0.67	13	2	307	5211	11.2045965	2668	3.5753068
r-125-2	2	0.67	13	3	153	3211	3.2674499	1080	0.4658468
r-125-2	2	0.67	13	3	307	5281	7.7628014	918	0.8093661
r-125-2	2	0.67	26	1	153	3051	12.7684223	11883	8.9266149
r-125-2	2	0.67	26	1	307	5041	11.6954449	987	1.6307832
r-125-2	2	0.67	26	2	153	3205	6.5550131	4339	2.9695511
r-125-2	2	0.67	26	2	307	5151	28.60335	11352	19.4429978
r-125-2	2	0.67	26	3	153	3496	6.4258912	4316	2.8358604
r-125-2	2	0.67	26	3	307	5207	13.6665265	2730	4.4523896
r-125-2	2	1	13	1	153	3337	3.8306957	807	0.4692813
r-125-2	2	1	13	1	307	5462	14.4908751	3240	5.6164161
r-125-2	2	1	13	2	153	3650	4.25894	2429	1.3340484
r-125-2	2	1	13	2	307	5778	11.2167406	2384	3.3689902
r-125-2	2	1	13	3	153	3893	5.6139869	5249	2.8139354
r-125-2	2	1	13	3	307	6067	7.1819096	262	0.2008953
r-125-2	2	1	26	1	153	3044	7.2721531	4457	3.3898846
r-125-2	2	1	26	1	307	5019	13.2027686	1315	2.6537096
r-125-2	2	1	26	2	153	3411	3.7773308	209	0.1371293
r-125-2	2	1	26	2	307	5704	11.1740321	1157	2.0425181
r-125-2	2	1	26	3	153	3861	3.9508893	628	0.3688244
r-125-2	2	1	26	3	307	5965	14.9448625	3716	6.0123534
r-125-2	2	1.33	13	1	153	3533	3.407263	65	0.0260404
r-125-2	2	1.33	13	1	307	6061	8.9336691	24	0.0161769
r-125-2	2	1.33	13	2	153	4319	4.7688644	3364	1.8519048
r-125-2	2	1.33	13	2	307	6652	13.4736779	4008	5.8521989
r-125-2	2	1.33	13	3	153	4601	5.8697629	5622	3.0460387
r-125-2	2	1.33	13	3	307	7101	7.110236	147	0.069891
r-125-2	2	1.33	26	1	153	3244	4.6978845	1178	0.8602455
r-125-2	2	1.33	26	1	307	5490	19.7754088	4685	9.4069947
r-125-2	2	1.33	26	2	153	3912	4.0118946	604	0.420926
r-125-2	2	1.33	26	2	307	6465	18.8545928	5206	9.4855428
r-125-2	2	1.33	26	3	153	4650	7.7697431	5942	4.1905959
r-125-2	2	1.33	26	3	307	7027	10.28737	822	1.1213313
r-125-3	1	0.67	12	1	156	2597	5.2965402	3416	2.1353889
r-125-3	1	0.67	12	1	312	4230	17.5551687	5406	8.9738715
r-125-3	1	0.67	12	2	156	2664	2.6981664	174	0.066973
r-125-3	1	0.67	12	2	312	4470	11.9315634	3458	4.7644318
r-125-3	1	0.67	12	3	156	2707	2.6307636	532	0.227849
r-125-3	1	0.67	12	3	312	4481	12.2889551	4611	5.806955
r-125-3	1	0.67	25	1	156	2602	4.5830892	834	0.6385349
r-125-3	1	0.67	25	1	312	4430	13.3179408	1568	3.0050839
r-125-3	1	0.67	25	2	156	2563	5.5355309	2558	1.8573929
r-125-3	1	0.67	25	2	312	4389	9.2898185	506	0.6872256
r-125-3	1	0.67	25	3	156	2742	3.5987242	109	0.0578841
r-125-3	1	0.67	25	3	312	4299	8.8258768	790	1.0963383
r-125-3	1	1	12	1	156	2799	3.5408067	500	0.297405
r-125-3	1	1	12	1	312	4551	8.9656097	162	0.1568626
r-125-3	1	1	12	2	156	3127	4.0733464	2750	1.3992077
r-125-3	1	1	12	2	312	4775	8.8235094	1233	1.5945472
r-125-3	1	1	12	3	156	3183	2.5541861	458	0.1955742
r-125-3	1	1	12	3	312	5093	8.2771755	1581	1.8555311
r-125-3	1	1	25	1	156	2608	3.9642123	23	0.016335
r-125-3	1	1	25	1	312	4333	13.2183498	1699	3.2614242
r-125-3	1	1	25	2	156	2948	6.2121236	3528	2.5697689
r-125-3	1	1	25	2	312	4513	9.8451553	1071	1.5784095
r-125-3	1	1	25	3	156	3043	3.6142328	281	0.1777566
r-125-3	1	1	25	3	312	4721	11.2904296	2761	3.8989962
r-125-3	1	1.33	12	1	156	3171	3.9291894	1184	0.7314887
r-125-3	1	1.33	12	1	312	5065	11.099705	1428	2.2028394
r-125-3	1	1.33	12	2	156	3371	2.682322	82	0.0297251
r-125-3	1	1.33	12	2	312	5368	7.290563	137	0.1014746
r-125-3	1	1.33	12	3	156	3924	2.4861052	315	0.1197843
r-125-3	1	1.33	12	3	312	5580	6.3722128	112	0.0468301
r-125-3	1	1.33	25	1	156	2993	3.9058575	47	0.0304892
r-125-3	1	1.33	25	1	312	4672	12.5802575	1484	2.8110661
r-125-3	1	1.33	25	2	156	3282	5.3625751	2305	1.6713555
r-125-3	1	1.33	25	2	312	4990	9.1156813	667	1.0416337
r-125-3	1	1.33	25	3	156	3334	3.4108692	78	0.0381388
r-125-3	1	1.33	25	3	312	5472	10.3070955	2292	3.0229537
r-125-3	2	0.67	12	1	156	2993	3.7056688	139	0.0673786
r-125-3	2	0.67	12	1	312	4855	21.6452085	6474	12.1411719
r-125-3	2	0.67	12	2	156	3124	6.3983193	5364	3.2743693
r-125-3	2	0.67	12	2	312	5054	18.298625	6826	10.4461064
r-125-3	2	0.67	12	3	156	3177	4.401278	2538	1.4070055
r-125-3	2	0.67	12	3	312	4941	8.6230988	960	1.1157402
r-125-3	2	0.67	25	1	156	2936	4.732499	504	0.390909
r-125-3	2	0.67	25	1	312	4822	21.0612427	4868	9.9450809
r-125-3	2	0.67	25	2	156	3014	4.7355759	746	0.5733469
r-125-3	2	0.67	25	2	312	4949	21.1921277	6257	11.4966559
r-125-3	2	0.67	25	3	156	3215	6.8443381	3394	2.7158639
r-125-3	2	0.67	25	3	312	5068	22.8879812	7684	13.4823339
r-125-3	2	1	12	1	156	3467	7.3785064	5392	3.820604
r-125-3	2	1	12	1	312	5133	16.9587251	3863	7.1885559
r-125-3	2	1	12	2	156	3580	3.3037097	303	0.1503031
r-125-3	2	1	12	2	312	5531	8.3690089	169	0.0911671
r-125-3	2	1	12	3	156	3679	5.2935844	4143	2.3686645
r-125-3	2	1	12	3	312	5671	14.1111189	4892	6.8468653
r-125-3	2	1	25	1	156	2886	4.4167747	45	0.0331633
r-125-3	2	1	25	1	312	4869	13.2359695	985	1.983953
r-125-3	2	1	25	2	156	3282	6.7988537	3109	2.5956301
r-125-3	2	1	25	2	312	5416	18.0667353	4268	8.0020974
r-125-3	2	1	25	3	156	3579	4.1491318	0	0
r-125-3	2	1	25	3	312	5732	13.2961661	2300	3.9354161
r-125-3	2	1.33	12	1	156	3771	3.6934263	113	0.0515338
r-125-3	2	1.33	12	1	312	5929	12.2371273	1327	2.4158598
r-125-3	2	1.33	12	2	156	4199	4.5399936	2280	1.3744265
r-125-3	2	1.33	12	2	312	6249	8.5611636	426	0.4894977
r-125-3	2	1.33	12	3	156	4367	3.2900649	713	0.3527594
r-125-3	2	1.33	12	3	312	6485	8.8960258	1128	1.5798383
r-125-3	2	1.33	25	1	156	3294	4.2110933	20	0.0171444
r-125-3	2	1.33	25	1	312	5347	16.8082172	2828	5.7507341
r-125-3	2	1.33	25	2	156	3855	4.1657975	0	0
r-125-3	2	1.33	25	2	312	6075	13.5166379	1958	3.5146294
r-125-3	2	1.33	25	3	156	4342	4.1889092	0	0
r-125-3	2	1.33	25	3	312	6869	15.7537353	3762	6.658842
r-125-4	1	0.67	12	1	166	2641	5.55698	3042	2.0781075
r-125-4	1	0.67	12	1	332	4344	10.8275912	1200	1.6913357
r-125-4	1	0.67	12	2	166	2786	6.4915197	6660	3.6922133
r-125-4	1	0.67	12	2	332	4555	9.5800902	1887	2.4250841
r-125-4	1	0.67	12	3	166	2714	2.5873688	142	0.0418682
r-125-4	1	0.67	12	3	332	4583	10.7271818	3816	4.3420608
r-125-4	1	0.67	25	1	166	2565	6.1430685	2254	1.8829207
r-125-4	1	0.67	25	1	332	4303	10.1376235	168	0.2480545
r-125-4	1	0.67	25	2	166	2637	4.0309386	262	0.1778418
r-125-4	1	0.67	25	2	332	4439	8.6477184	218	0.2315832
r-125-4	1	0.67	25	3	166	2835	13.0912746	12892	9.3013024
r-125-4	1	0.67	25	3	332	4381	7.7942221	0	0
r-125-4	1	1	12	1	166	2798	3.5651653	178	0.0739794
r-125-4	1	1	12	1	332	4840	11.0536248	1232	1.9156721
r-125-4	1	1	12	2	166	3057	4.342951	2693	1.4753656
r-125-4	1	1	12	2	332	4910	7.3798574	302	0.2369624
r-125-4	1	1	12	3	166	3147	4.6113276	4107	2.0269914
r-125-4	1	1	12	3	332	5156	11.7492014	4139	5.2641463
r-125-4	1	1	25	1	166	2896	6.5485416	2634	2.2485302
r-125-4	1	1	25	1	332	4531	11.1487494	687	1.2047181
r-125-4	1	1	25	2	166	2993	4.3475785	699	0.5092144
r-125-4	1	1	25	2	332	4746	8.8137864	394	0.5803131
r-125-4	1	1	25	3	166	3226	4.6346515	1484	1.0273588
r-125-4	1	1	25	3	332	4888	7.7700346	259	0.3157774
r-125-4	1	1.33	12	1	166	3072	7.1942157	5379	3.7135117
r-125-4	1	1.33	12	1	332	5118	9.0533043	64	0.0513267
r-125-4	1	1.33	12	2	166	3360	2.8746752	107	0.0313146
r-125-4	1	1.33	12	2	332	5550	7.7437872	335	0.3785655
r-125-4	1	1.33	12	3	166	3691	4.3631036	3518	1.7590336
r-125-4	1	1.33	12	3	332	5944	12.4091255	4494	5.9170902
r-125-4	1	1.33	25	1	166	3014	6.0636254	2176	1.8400953
r-125-4	1	1.33	25	1	332	5054	10.8643248	531	0.9522816
r-125-4	1	1.33	25	2	166	3131	4.3965061	847	0.5973216
r-125-4	1	1.33	25	2	332	5159	8.2901558	43	0.0316808
r-125-4	1	1.33	25	3	166	3688	3.9893226	615	0.3708303
r-125-4	1	1.33	25	3	332	5657	14.879537	4950	7.3046819
r-125-4	2	0.67	12	1	166	3054	5.0369996	1365	1.035907
r-125-4	2	0.67	12	1	332	4841	10.500408	403	0.5598442
r-125-4	2	0.67	12	2	166	3304	5.9198468	3700	2.4117328
r-125-4	2	0.67	12	2	332	4891	11.4865419	2287	3.372306
r-125-4	2	0.67	12	3	166	3305	3.7220857	902	0.4526092
r-125-4	2	0.67	12	3	332	4956	9.187569	1703	1.7855541
r-125-4	2	0.67	25	1	166	2949	9.4965818	5054	4.6996131
r-125-4	2	0.67	25	1	332	4783	14.9197697	1887	3.8528636
r-125-4	2	0.67	25	2	166	3295	7.3589653	3402	2.9066462
r-125-4	2	0.67	25	2	332	5079	21.7115206	6363	11.915963
r-125-4	2	0.67	25	3	166	3568	8.3344786	4145	3.6892385
r-125-4	2	0.67	25	3	332	4951	17.5524177	4022	7.4546298
r-125-4	2	1	12	1	166	3546	5.8510264	2065	1.6541414
r-125-4	2	1	12	1	332	5122	11.4705292	512	0.8423484
r-125-4	2	1	12	2	166	3793	3.8946151	676	0.3646292
r-125-4	2	1	12	2	332	5482	9.6691947	725	1.1227768
r-125-4	2	1	12	3	166	3956	4.4783868	1915	1.1478273
r-125-4	2	1	12	3	332	5650	11.2190466	2387	3.2157715
r-125-4	2	1	25	1	166	3259	7.1520823	2236	2.1958031
r-125-4	2	1	25	1	332	5102	14.2983277	1018	2.0963072
r-125-4	2	1	25	2	166	3725	7.3675804	3005	2.6744754
r-125-4	2	1	25	2	332	5623	25.1731614	7148	14.5440408
r-125-4	2	1	25	3	166	3954	4.9840175	619	0.4636746
r-125-4	2	1	25	3	332	5725	11.3329174	939	1.5790778
r-125-4	2	1.33	12	1	166	3808	6.5595015	3110	2.4217092
r-125-4	2	1.33	12	1	332	5818	15.2378774	2314	4.7226923
r-125-4	2	1.33	12	2	166	4405	3.7836617	442	0.2074548
r-125-4	2	1.33	12	2	332	6363	10.4817363	1124	1.7019039
r-125-4	2	1.33	12	3	166	4701	9.1049411	8724	5.7578495
r-125-4	2	1.33	12	3	332	6359	8.6402621	587	0.6689533
r-125-4	2	1.33	25	1	166	3422	7.065338	1944	1.9333497
r-125-4	2	1.33	25	1	332	5458	13.169495	371	0.7621272
r-125-4	2	1.33	25	2	166	3987	5.7331099	1150	1.0148138
r-125-4	2	1.33	25	2	332	6253	22.746878	5801	12.0254363
r-125-4	2	1.33	25	3	166	4895	8.3795868	4273	3.7606527
r-125-4	2	1.33	25	3	332	6728	19.765547	5324	9.8815915
r-125-5	1	0.67	13	1	157	2493	3.844814	1310	0.7953258
r-125-5	1	0.67	13	1	314	4745	12.3283744	2126	3.3233219
r-125-5	1	0.67	13	2	157	2511	4.2980385	3703	1.821787
r-125-5	1	0.67	13	2	314	4928	8.5743608	1320	1.5351932
r-125-5	1	0.67	13	3	157	2617	5.035581	6138	2.7552896
r-125-5	1	0.67	13	3	314	4933	14.2824844	6455	7.956933
r-125-5	1	0.67	26	1	157	2492	5.173	1898	1.4329077
r-125-5	1	0.67	26	1	314	4661	13.8312813	1957	3.7378861
r-125-5	1	0.67	26	2	157	2448	3.2048046	0	0
r-125-5	1	0.67	26	2	314	4592	8.137449	0	0
r-125-5	1	0.67	26	3	157	2572	3.0944836	0	0
r-125-5	1	0.67	26	3	314	4701	7.5598561	0	0
r-125-5	1	1	13	1	157	2789	3.9409947	1489	0.8469519
r-125-5	1	1	13	1	314	5144	13.9591669	2886	4.9456704
r-125-5	1	1	13	2	157	2927	3.1466538	1447	0.6634702
r-125-5	1	1	13	2	314	5349	7.2503172	362	0.3444891
r-125-5	1	1	13	3	157	3102	2.8120108	1385	0.5669354
r-125-5	1	1	13	3	314	5561	7.5135579	1387	1.417146
r-125-5	1	1	26	1	157	2517	3.6166668	0	0
r-125-5	1	1	26	1	314	4793	10.1449808	292	0.4946014
r-125-5	1	1	26	2	157	2863	3.6883387	821	0.4833527
r-125-5	1	1	26	2	314	5188	15.4562418	4549	7.3000088
r-125-5	1	1	26	3	157	3033	4.9784093	3127	1.8966047
r-125-5	1	1	26	3	314	5227	8.9502499	1365	1.7828733
r-125-5	1	1.33	13	1	157	3033	3.4068157	642	0.3336796
r-125-5	1	1.33	13	1	314	5675	12.5977988	2262	3.7624089
r-125-5	1	1.33	13	2	157	3385	2.4829843	92	0.0295166
r-125-5	1	1.33	13	2	314	5930	12.7534919	4410	5.8891595
r-125-5	1	1.33	13	3	157	3772	5.121615	6265	2.8243088
r-125-5	1	1.33	13	3	314	6307	6.2959215	60	0.0236743
r-125-5	1	1.33	26	1	157	2778	4.6696649	1275	0.913031
r-125-5	1	1.33	26	1	314	5089	19.1001903	4649	9.180401
r-125-5	1	1.33	26	2	157	3195	4.2768379	1541	0.9778333
r-125-5	1	1.33	26	2	314	5383	8.3304906	0	0
r-125-5	1	1.33	26	3	157	3497	4.6776704	2402	1.4805908
r-125-5	1	1.33	26	3	314	5918	7.4818953	1	0.000497
r-125-5	2	0.67	13	1	157	2920	8.7035098	7540	5.1687606
r-125-5	2	0.67	13	1	314	5188	13.209613	1719	3.1390534
r-125-5	2	0.67	13	2	157	3170	7.0162909	6798	3.9932762
r-125-5	2	0.67	13	2	314	5402	13.0645266	3064	4.853504
r-125-5	2	0.67	13	3	157	3228	3.5021819	1387	0.6566733
r-125-5	2	0.67	13	3	314	5474	24.309914	11891	16.8514369
r-125-5	2	0.67	26	1	157	2664	5.4871949	1591	1.2970344
r-125-5	2	0.67	26	1	314	5219	37.411876	11616	26.0569466
r-125-5	2	0.67	26	2	157	3192	7.9005089	5416	4.020771
r-125-5	2	0.67	26	2	314	5472	25.3113574	7799	15.0362066
r-125-5	2	0.67	26	3	157	3344	8.0540023	6032	4.3264211
r-125-5	2	0.67	26	3	314	5485	24.7427637	7803	14.6562928
r-125-5	2	1	13	1	157	3246	8.2804939	7031	4.7852964
r-125-5	2	1	13	1	314	5729	18.1612274	4193	8.0117161
r-125-5	2	1	13	2	157	3711	4.926434	3286	1.8781848
r-125-5	2	1	13	2	314	6219	9.1572642	900	0.9974826
r-125-5	2	1	13	3	157	3941	3.4219295	1040	0.5019301
r-125-5	2	1	13	3	314	6255	7.9617589	379	0.3132936
r-125-5	2	1	26	1	157	2943	4.3010231	95	0.0530623
r-125-5	2	1	26	1	314	5378	23.3393749	5011	11.5871625
r-125-5	2	1	26	2	157	3554	4.4162322	785	0.5480602
r-125-5	2	1	26	2	314	6139	11.0520996	523	0.7295275
r-125-5	2	1	26	3	157	3982	4.8931839	1692	1.1127808
r-125-5	2	1	26	3	314	6339	16.9365683	3908	7.1532646
r-125-5	2	1.33	13	1	157	3767	4.442011	1558	0.9966606
r-125-5	2	1.33	13	1	314	6504	10.0145814	140	0.1412343
r-125-5	2	1.33	13	2	157	4419	3.9999343	1777	1.0044656
r-125-5	2	1.33	13	2	314	7080	8.2466625	107	0.051568
r-125-5	2	1.33	13	3	157	4801	3.2303722	676	0.315929
r-125-5	2	1.33	13	3	314	7147	7.9645351	352	0.3593984
r-125-5	2	1.33	26	1	157	3353	4.6411216	646	0.4899095
r-125-5	2	1.33	26	1	314	5936	15.498491	1563	3.540698
r-125-5	2	1.33	26	2	157	4011	3.8639524	34	0.0143493
r-125-5	2	1.33	26	2	314	6800	15.1525299	2474	4.7999141
r-125-5	2	1.33	26	3	157	4681	5.9140886	3097	2.1562272
r-125-5	2	1.33	26	3	314	7408	10.9927946	935	1.3846286
r-150-1	1	0.67	12	1	170	3052	7.2931824	1950	2.0172215
r-150-1	1	0.67	12	1	340	5502	33.1942538	5670	17.3911674
r-150-1	1	0.67	12	2	170	3080	4.3488114	92	0.0479921
r-150-1	1	0.67	12	2	340	5655	39.1603814	11095	26.7444434
r-150-1	1	0.67	12	3	170	3100	4.6502243	1442	0.9715066
r-150-1	1	0.67	12	3	340	5741	23.1930995	5957	12.3202412
r-150-1	1	0.67	25	1	170	2987	11.392192	3551	4.618883
r-150-1	1	0.67	25	1	340	5377	41.3572267	6141	22.6967013
r-150-1	1	0.67	25	2	170	2982	10.0342037	3376	3.9921732
r-150-1	1	0.67	25	2	340	5357	17.2165634	384	1.0479372
r-150-1	1	0.67	25	3	170	3201	11.0950687	4643	5.344098
r-150-1	1	0.67	25	3	340	5511	13.6090881	0	0
r-150-1	1	1	12	1	170	3243	5.1361856	126	0.0774924
r-150-1	1	1	12	1	340	5864	27.2492023	4334	12.200924
r-150-1	1	1	12	2	170	3406	4.3712574	596	0.3768729
r-150-1	1	1	12	2	340	6450	18.7910157	3264	7.2805692
r-150-1	1	1	12	3	170	3673	3.5805878	163	0.0768988
r-150-1	1	1	12	3	340	6505	11.7273177	954	1.5979696
r-150-1	1	1	25	1	170	3314	11.0182966	3872	4.6869446
r-150-1	1	1	25	1	340	5479	17.4186095	34	0.0620971
r-150-1	1	1	25	2	170	3191	5.9008082	551	0.5238264
r-150-1	1	1	25	2	340	5827	15.380187	499	1.324125
r-150-1	1	1	25	3	170	3542	6.149657	968	0.9746358
r-150-1	1	1	25	3	340	6017	13.1483254	0	0
r-150-1	1	1.33	12	1	170	3564	5.1671474	126	0.0755041
r-150-1	1	1.33	12	1	340	6386	15.4530805	355	0.7304688
r-150-1	1	1.33	12	2	170	3823	4.1138277	165	0.100715
r-150-1	1	1.33	12	2	340	7069	19.1911297	3417	7.6662545
r-150-1	1	1.33	12	3	170	4142	3.6965972	333	0.173804
r-150-1	1	1.33	12	3	340	7526	18.8139669	4365	8.6989249
r-150-1	1	1.33	25	1	170	3328	6.2512689	106	0.1036725
r-150-1	1	1.33	25	1	340	5717	21.2395857	1406	4.5695185
r-150-1	1	1.33	25	2	170	3691	7.7366189	2449	2.4451203
r-150-1	1	1.33	25	2	340	6604	14.0622664	0	0
r-150-1	1	1.33	25	3	170	3960	7.2983767	2216	2.2424829
r-150-1	1	1.33	25	3	340	7014	12.6445183	0	0
r-150-1	2	0.67	12	1	170	3678	10.496579	3983	4.5402998
r-150-1	2	0.67	12	1	340	6145	17.0206776	281	0.6449759
r-150-1	2	0.67	12	2	170	4001	9.885926	5066	4.7790585
r-150-1	2	0.67	12	2	340	6381	19.7094221	2665	6.6683424
r-150-1	2	0.67	12	3	170	4026	9.9820352	6082	5.3338989
r-150-1	2	0.67	12	3	340	6412	16.5897079	2205	4.5223221
r-150-1	2	0.67	25	1	170	3428	8.3767865	1065	1.3572515
r-150-1	2	0.67	25	1	340	6142	23.0037837	1205	3.8249086
r-150-1	2	0.67	25	2	170	3760	7.2061943	475	0.5388046
r-150-1	2	0.67	25	2	340	6242	20.4447224	1035	2.9331074
r-150-1	2	0.67	25	3	170	4006	7.8050928	1067	1.1706684
r-150-1	2	0.67	25	3	340	6527	37.8101255	5912	19.5296825
r-150-1	2	1	12	1	170	3868	7.8745656	1343	1.6031275
r-150-1	2	1	12	1	340	6669	18.7710129	405	0.8953651
r-150-1	2	1	12	2	170	4487	5.3490741	202	0.1041415
r-150-1	2	1	12	2	340	7402	18.1805125	1361	3.8202638
r-150-1	2	1	12	3	170	4726	5.6412382	1065	0.9120462
r-150-1	2	1	12	3	340	7526	12.7704656	115	0.0885236
r-150-1	2	1	25	1	170	3484	11.4063875	2755	4.0398698
r-150-1	2	1	25	1	340	6249	21.2703171	5	0.0089546
r-150-1	2	1	25	2	170	4051	18.1319205	8226	11.2089299
r-150-1	2	1	25	2	340	6782	50.0428901	8448	30.9738905
r-150-1	2	1	25	3	170	4580	7.7816818	721	0.8944059
r-150-1	2	1	25	3	340	7247	22.6339629	1214	4.0826534
r-150-1	2	1.33	12	1	170	4403	9.6565781	2691	3.2587641
r-150-1	2	1.33	12	1	340	7676	18.3977361	54	0.0730618
r-150-1	2	1.33	12	2	170	5023	5.5661026	266	0.1956998
r-150-1	2	1.33	12	2	340	8282	26.0208686	3831	11.376394
r-150-1	2	1.33	12	3	170	5733	6.754802	2021	1.8456449
r-150-1	2	1.33	12	3	340	8571	14.3782873	570	1.2585756
r-150-1	2	1.33	25	1	170	3789	12.398326	3222	4.8112063
r-150-1	2	1.33	25	1	340	6573	21.7404814	1	0.0021287
r-150-1	2	1.33	25	2	170	4970	20.667956	9797	13.6462077
r-150-1	2	1.33	25	2	340	7736	33.5209906	3756	14.2541243
r-150-1	2	1.33	25	3	170	5316	6.7579072	304	0.2598545
r-150-1	2	1.33	25	3	340	8554	16.5815213	53	0.0608793
r-150-2	1	0.67	12	1	155	2877	5.6516801	982	0.7862059
r-150-2	1	0.67	12	1	311	5201	26.9664959	4804	12.9369367
r-150-2	1	0.67	12	2	155	3077	4.2571513	547	0.3431176
r-150-2	1	0.67	12	2	311	5393	12.5287732	799	1.6357784
r-150-2	1	0.67	12	3	155	3087	6.1403149	4275	2.7775959
r-150-2	1	0.67	12	3	311	5399	10.7887981	785	1.3010171
r-150-2	1	0.67	24	1	155	2836	9.2258151	3154	3.5256003
r-150-2	1	0.67	24	1	311	5094	15.6682829	0	0
r-150-2	1	0.67	24	2	155	2875	5.409677	712	0.6313266
r-150-2	1	0.67	24	2	311	5379	12.4939779	0	0
r-150-2	1	0.67	24	3	155	3065	8.1076225	4006	3.5247934
r-150-2	1	0.67	24	3	311	5420	11.4537564	0	0
r-150-2	1	1	12	1	155	3260	7.7851821	3180	2.9728527
r-150-2	1	1	12	1	311	5527	14.3506892	79	0.117715
r-150-2	1	1	12	2	155	3341	5.9642205	2831	2.0934152
r-150-2	1	1	12	2	311	5973	11.3573452	336	0.3717621
r-150-2	1	1	12	3	155	3523	3.762571	658	0.3825259
r-150-2	1	1	12	3	311	6321	13.2700503	2068	3.5677555
r-150-2	1	1	24	1	155	3126	5.9089495	192	0.1837111
r-150-2	1	1	24	1	311	5447	15.8359851	0	0
r-150-2	1	1	24	2	155	3128	6.6042716	1791	1.6549199
r-150-2	1	1	24	2	311	5756	12.8683901	0	0
r-150-2	1	1	24	3	155	3345	4.9163437	436	0.3668159
r-150-2	1	1	24	3	311	6049	11.2253403	0	0
r-150-2	1	1.33	12	1	155	3736	5.0610131	450	0.3042656
r-150-2	1	1.33	12	1	311	6087	20.4285593	2345	6.3923475
r-150-2	1	1.33	12	2	155	3910	3.9883285	289	0.1472699
r-150-2	1	1.33	12	2	311	6702	13.7823449	1403	3.0294965
r-150-2	1	1.33	12	3	155	4076	3.6840422	560	0.2917338
r-150-2	1	1.33	12	3	311	7201	10.016195	413	0.4707367
r-150-2	1	1.33	24	1	155	3452	11.5327679	4712	5.6382717
r-150-2	1	1.33	24	1	311	5893	16.5767668	0	0
r-150-2	1	1.33	24	2	155	3414	5.8413587	662	0.6636174
r-150-2	1	1.33	24	2	311	6549	13.7531424	0	0
r-150-2	1	1.33	24	3	155	3967	5.6042035	1066	0.9443274
r-150-2	1	1.33	24	3	311	6992	12.154257	0	0
r-150-2	2	0.67	12	1	155	3332	8.5783225	2494	2.6904233
r-150-2	2	0.67	12	1	311	5757	21.6609092	1561	4.5845168
r-150-2	2	0.67	12	2	155	3691	5.6061539	813	0.5567045
r-150-2	2	0.67	12	2	311	6123	16.6001873	1439	3.1359762
r-150-2	2	0.67	12	3	155	3777	7.0626548	2853	2.3662409
r-150-2	2	0.67	12	3	311	6162	24.7813646	5587	12.848472
r-150-2	2	0.67	24	1	155	3211	8.7227762	1446	1.8660152
r-150-2	2	0.67	24	1	311	5466	19.6531477	0	0
r-150-2	2	0.67	24	2	155	3287	6.6368184	289	0.2825424
r-150-2	2	0.67	24	2	311	5687	17.4201783	0	0
r-150-2	2	0.67	24	3	155	3576	6.297108	110	0.0793099
r-150-2	2	0.67	24	3	311	5902	16.6434293	185	0.3996719
r-150-2	2	1	12	1	155	3866	6.7009442	740	0.7024425
r-150-2	2	1	12	1	311	6366	35.5379789	5667	18.9207462
r-150-2	2	1	12	2	155	4373	9.4331112	4099	4.1526292
r-150-2	2	1	12	2	311	7022	17.4159323	1385	3.4403445
r-150-2	2	1	12	3	155	4827	5.043089	482	0.3378854
r-150-2	2	1	12	3	311	7114	15.5478383	1389	3.0363525
r-150-2	2	1	24	1	155	3289	7.1225826	301	0.3300954
r-150-2	2	1	24	1	311	5757	19.578623	0	0
r-150-2	2	1	24	2	155	4171	9.3910547	2718	3.0643128
r-150-2	2	1	24	2	311	6715	38.9092187	6105	20.9539068
r-150-2	2	1	24	3	155	4408	7.766388	1302	1.4599998
r-150-2	2	1	24	3	311	7058	20.8628688	1497	4.0399534
r-150-2	2	1.33	12	1	155	4416	6.9605054	862	0.9325426
r-150-2	2	1.33	12	1	311	7162	18.4093406	461	1.2916904
r-150-2	2	1.33	12	2	155	4983	6.5605033	1563	1.4375076
r-150-2	2	1.33	12	2	311	8138	18.2867052	1764	4.7030172
r-150-2	2	1.33	12	3	155	5710	13.3383985	9058	8.5509669
r-150-2	2	1.33	12	3	311	8332	17.2800735	2151	4.9316603
r-150-2	2	1.33	24	1	155	3672	8.8651901	1353	1.8012918
r-150-2	2	1.33	24	1	311	6463	20.0790901	0	0
r-150-2	2	1.33	24	2	155	4598	6.9349612	560	0.5558677
r-150-2	2	1.33	24	2	311	7590	17.8220559	1	0.0005903
r-150-2	2	1.33	24	3	155	5410	8.5976177	2141	2.378832
r-150-2	2	1.33	24	3	311	8297	18.4481531	727	1.9173862
r-150-3	1	0.67	12	1	170	3002	5.6908586	0	0
r-150-3	1	0.67	12	1	340	5071	21.4368666	1542	4.9505058
r-150-3	1	0.67	12	2	170	3095	4.4704367	0	0
r-150-3	1	0.67	12	2	340	5141	17.6088029	2209	5.3386971
r-150-3	1	0.67	12	3	170	3117	3.8299404	0	0
r-150-3	1	0.67	12	3	340	5158	13.6124008	1419	2.901504
r-150-3	1	0.67	25	1	170	3155	7.7307855	0	0
r-150-3	1	0.67	25	1	340	5206	19.6212663	0	0
r-150-3	1	0.67	25	2	170	3400	7.1199562	0	0
r-150-3	1	0.67	25	2	340	5414	17.0138382	0	0
r-150-3	1	0.67	25	3	170	3521	6.8073173	0	0
r-150-3	1	0.67	25	3	340	5415	16.0622499	0	0
r-150-3	1	1	12	1	170	3145	5.7567788	0	0
r-150-3	1	1	12	1	340	5536	24.8182521	2755	8.5925913
r-150-3	1	1	12	2	170	3326	4.5237018	0	0
r-150-3	1	1	12	2	340	5924	15.4305835	1159	2.8250579
r-150-3	1	1	12	3	170	3708	5.6668314	2239	1.7287526
r-150-3	1	1	12	3	340	6038	14.2460617	1605	3.2458176
r-150-3	1	1	25	1	170	3299	7.7390881	0	0
r-150-3	1	1	25	1	340	5261	19.7645858	0	0
r-150-3	1	1	25	2	170	3751	6.9669451	0	0
r-150-3	1	1	25	2	340	5717	17.0622457	0	0
r-150-3	1	1	25	3	170	3870	6.7730522	0	0
r-150-3	1	1	25	3	340	5884	15.6569258	0	0
r-150-3	1	1.33	12	1	170	3447	5.7841767	23	0.016689
r-150-3	1	1.33	12	1	340	5940	16.858709	215	0.4534545
r-150-3	1	1.33	12	2	170	3842	4.4658327	2	0.0008286
r-150-3	1	1.33	12	2	340	6788	15.994236	1514	3.5166757
r-150-3	1	1.33	12	3	170	4157	3.9811438	101	0.0430175
r-150-3	1	1.33	12	3	340	6828	11.1136987	167	0.2059073
r-150-3	1	1.33	25	1	170	3585	7.5213152	0	0
r-150-3	1	1.33	25	1	340	5893	19.2741217	0	0
r-150-3	1	1.33	25	2	170	4146	6.9694609	0	0
r-150-3	1	1.33	25	2	340	6230	16.2150319	0	0
r-150-3	1	1.33	25	3	170	4421	6.2653411	0	0
r-150-3	1	1.33	25	3	340	6689	14.4797583	0	0
r-150-3	2	0.67	12	1	170	3395	9.2213717	2450	2.9403442
r-150-3	2	0.67	12	1	340	5480	18.396706	624	1.8555512
r-150-3	2	0.67	12	2	170	3496	5.8724278	631	0.519134
r-150-3	2	0.67	12	2	340	5847	15.9474022	1174	2.5819465
r-150-3	2	0.67	12	3	170	3872	6.8885646	2294	2.0246872
r-150-3	2	0.67	12	3	340	5858	22.5631115	5071	11.0871044
r-150-3	2	0.67	25	1	170	3434	7.8540286	0	0
r-150-3	2	0.67	25	1	340	5379	23.8406906	989	3.8530436
r-150-3	2	0.67	25	2	170	3803	7.5644526	0	0
r-150-3	2	0.67	25	2	340	5789	20.1563599	563	1.8755268
r-150-3	2	0.67	25	3	170	3998	7.79997	0	0
r-150-3	2	0.67	25	3	340	5774	17.8227165	0	0
r-150-3	2	1	12	1	170	3836	6.5208171	65	0.0530442
r-150-3	2	1	12	1	340	6067	25.3649236	2946	9.1634212
r-150-3	2	1	12	2	170	4257	8.2108722	2964	2.9624248
r-150-3	2	1	12	2	340	6745	13.8714355	334	0.6276899
r-150-3	2	1	12	3	170	4454	6.9464268	2200	2.0134721
r-150-3	2	1	12	3	340	6918	12.6397643	720	1.3359187
r-150-3	2	1	25	1	170	3814	7.6809782	0	0
r-150-3	2	1	25	1	340	5563	19.6549162	0	0
r-150-3	2	1	25	2	170	4290	7.6400112	0	0
r-150-3	2	1	25	2	340	6183	18.152006	1	0.0005268
r-150-3	2	1	25	3	170	4656	7.7521557	0	0
r-150-3	2	1	25	3	340	6797	19.4040161	2	0.0014047
r-150-3	2	1.33	12	1	170	4268	13.4556826	5418	6.9642624
r-150-3	2	1.33	12	1	340	6926	18.0399909	194	0.3240839
r-150-3	2	1.33	12	2	170	4855	6.1736355	765	0.7695778
r-150-3	2	1.33	12	2	340	7508	14.6977207	338	0.6545446
r-150-3	2	1.33	12	3	170	5605	5.6894693	655	0.555439
r-150-3	2	1.33	12	3	340	7782	12.5379977	79	0.0635411
r-150-3	2	1.33	25	1	170	4220	8.2861821	0	0
r-150-3	2	1.33	25	1	340	6258	21.9120261	0	0
r-150-3	2	1.33	25	2	170	4963	8.2261654	0	0
r-150-3	2	1.33	25	2	340	7168	19.8855779	0	0
r-150-3	2	1.33	25	3	170	5518	8.3715485	0	0
r-150-3	2	1.33	25	3	340	7857	21.7350016	872	2.9240214
r-150-4	1	0.67	12	1	172	3314	6.6732215	1096	1.174831
r-150-4	1	0.67	12	1	345	5445	16.5112009	263	0.668126
r-150-4	1	0.67	12	2	172	3217	5.2245302	1067	0.8268488
r-150-4	1	0.67	12	2	345	5713	15.1549908	1702	3.5237176
r-150-4	1	0.67	12	3	172	3501	10.1319881	8407	6.2766431
r-150-4	1	0.67	12	3	345	5805	10.6209342	329	0.4443348
r-150-4	1	0.67	24	1	172	3172	6.8818484	412	0.4615031
r-150-4	1	0.67	24	1	345	5522	18.0124519	0	0
r-150-4	1	0.67	24	2	172	3340	7.9520387	1818	1.995388
r-150-4	1	0.67	24	2	345	5737	15.3687609	0	0
r-150-4	1	0.67	24	3	172	3477	6.2577551	591	0.5742695
r-150-4	1	0.67	24	3	345	5797	13.892406	0	0
r-150-4	1	1	12	1	172	3504	5.6083062	263	0.1675521
r-150-4	1	1	12	1	345	5860	25.3911252	3242	9.8462065
r-150-4	1	1	12	2	172	3575	4.5606394	273	0.1420835
r-150-4	1	1	12	2	345	6385	15.1016507	1382	2.8324592
r-150-4	1	1	12	3	172	3757	4.7891929	1307	0.9227087
r-150-4	1	1	12	3	345	6598	12.4049014	1233	2.0225582
r-150-4	1	1	24	1	172	3275	6.9652707	78	0.0665265
r-150-4	1	1	24	1	345	5749	17.2286032	0	0
r-150-4	1	1	24	2	172	3366	6.1326952	205	0.1830966
r-150-4	1	1	24	2	345	6196	14.9938074	0	0
r-150-4	1	1	24	3	172	3775	6.0760135	256	0.1985362
r-150-4	1	1	24	3	345	6298	13.6494859	0	0
r-150-4	1	1.33	12	1	172	3703	5.5622537	160	0.0999828
r-150-4	1	1.33	12	1	345	6462	17.844818	787	2.0694292
r-150-4	1	1.33	12	2	172	4167	4.5983878	295	0.1548455
r-150-4	1	1.33	12	2	345	6838	12.1275556	44	0.038011
r-150-4	1	1.33	12	3	172	4447	3.8581361	141	0.0612461
r-150-4	1	1.33	12	3	345	7420	13.2201303	1441	2.8120414
r-150-4	1	1.33	24	1	172	3716	6.9460336	114	0.0981003
r-150-4	1	1.33	24	1	345	6264	17.9889294	0	0
r-150-4	1	1.33	24	2	172	3939	7.2654423	1129	1.196969
r-150-4	1	1.33	24	2	345	6941	14.7719457	0	0
r-150-4	1	1.33	24	3	172	4172	5.9864889	55	0.0307258
r-150-4	1	1.33	24	3	345	7307	13.6352776	0	0
r-150-4	2	0.67	12	1	172	3843	7.6746306	1273	1.4951638
r-150-4	2	0.67	12	1	345	6012	33.8501147	5577	17.0792583
r-150-4	2	0.67	12	2	172	4197	7.2617273	1987	1.928853
r-150-4	2	0.67	12	2	345	6325	22.6583826	3879	9.5489301
r-150-4	2	0.67	12	3	172	4158	6.8314803	2092	1.8687628
r-150-4	2	0.67	12	3	345	6301	22.2325062	4632	10.3287674
r-150-4	2	0.67	24	1	172	3693	10.123483	2131	2.9974142
r-150-4	2	0.67	24	1	345	5990	35.0684308	3830	15.411483
r-150-4	2	0.67	24	2	172	4032	13.7122635	5100	6.6495546
r-150-4	2	0.67	24	2	345	6181	34.3589009	4592	16.1631268
r-150-4	2	0.67	24	3	172	4560	8.651206	1384	1.7794404
r-150-4	2	0.67	24	3	345	6226	19.04615	517	1.3561874
r-150-4	2	1	12	1	172	4182	6.5327872	421	0.3966715
r-150-4	2	1	12	1	345	6567	17.3788382	389	0.7485071
r-150-4	2	1	12	2	172	4849	6.7685909	1567	1.4307417
r-150-4	2	1	12	2	345	7163	26.8494315	5224	13.438395
r-150-4	2	1	12	3	172	5163	9.6940298	4986	4.788568
r-150-4	2	1	12	3	345	7236	17.8496961	2758	6.0551961
r-150-4	2	1	24	1	172	3481	7.476404	48	0.037394
r-150-4	2	1	24	1	345	6347	23.5577375	1000	3.8422598
r-150-4	2	1	24	2	172	4309	13.0255532	4454	6.1037235
r-150-4	2	1	24	2	345	6832	22.963242	1531	5.0173977
r-150-4	2	1	24	3	172	4662	7.5530191	548	0.5399961
r-150-4	2	1	24	3	345	7302	25.1235681	2477	7.5726392
r-150-4	2	1.33	12	1	172	4513	6.8281075	725	0.7513871
r-150-4	2	1.33	12	1	345	7325	18.4516954	525	1.2720511
r-150-4	2	1.33	12	2	172	5456	9.8665751	4407	4.5007296
r-150-4	2	1.33	12	2	345	8071	20.9296187	2930	7.5731934
r-150-4	2	1.33	12	3	172	5849	6.7379785	2114	1.8964333
r-150-4	2	1.33	12	3	345	8316	13.7738786	887	1.6984063
r-150-4	2	1.33	24	1	172	4204	10.5033441	2151	3.083651
r-150-4	2	1.33	24	1	345	7107	20.5219323	0	0
r-150-4	2	1.33	24	2	172	4888	9.8342007	2062	2.8039025
r-150-4	2	1.33	24	2	345	8088	18.0056753	3	0.0021085
r-150-4	2	1.33	24	3	172	5847	7.5504129	439	0.4723082
r-150-4	2	1.33	24	3	345	8558	21.9436338	1291	3.6312147
r-150-5	1	0.67	12	1	174	3479	5.8967983	276	0.2635066
r-150-5	1	0.67	12	1	348	5594	20.4244442	1568	4.526042
r-150-5	1	0.67	12	2	174	3619	6.4311003	2159	1.8696785
r-150-5	1	0.67	12	2	348	6178	21.5583421	3696	9.0094296
r-150-5	1	0.67	12	3	174	3623	5.364362	1884	1.3754432
r-150-5	1	0.67	12	3	348	5967	11.21442	237	0.2891682
r-150-5	1	0.67	25	1	174	3458	8.479503	936	1.2831659
r-150-5	1	0.67	25	1	348	5703	18.8754101	0	0
r-150-5	1	0.67	25	2	174	3446	6.4150345	0	0
r-150-5	1	0.67	25	2	348	6079	15.8712961	0	0
r-150-5	1	0.67	25	3	174	3640	6.2608694	0	0
r-150-5	1	0.67	25	3	348	6212	14.4187017	0	0
r-150-5	1	1	12	1	174	3724	8.7872829	2720	3.0939621
r-150-5	1	1	12	1	348	6207	17.5017107	351	0.8902917
r-150-5	1	1	12	2	174	3973	5.2158892	881	0.6964908
r-150-5	1	1	12	2	348	6417	15.6724941	1583	3.3806603
r-150-5	1	1	12	3	174	4230	3.927728	138	0.0642407
r-150-5	1	1	12	3	348	6573	13.829114	1536	3.1287224
r-150-5	1	1	25	1	174	3347	7.1924096	0	0
r-150-5	1	1	25	1	348	5919	18.6540303	0	0
r-150-5	1	1	25	2	174	3752	6.4707778	0	0
r-150-5	1	1	25	2	348	6492	15.5392294	0	0
r-150-5	1	1	25	3	174	4167	6.1946644	0	0
r-150-5	1	1	25	3	348	6741	14.0532591	0	0
r-150-5	1	1.33	12	1	174	4112	6.8237729	888	0.9482569
r-150-5	1	1.33	12	1	348	6499	16.2613164	49	0.0773654
r-150-5	1	1.33	12	2	174	4612	6.7028514	2521	2.2001171
r-150-5	1	1.33	12	2	348	7320	14.0398617	705	1.585623
r-150-5	1	1.33	12	3	174	4887	5.8367894	2484	1.8589166
r-150-5	1	1.33	12	3	348	7848	10.9215855	65	0.0432014
r-150-5	1	1.33	25	1	174	3667	7.1872825	0	0
r-150-5	1	1.33	25	1	348	6232	19.0775241	0	0
r-150-5	1	1.33	25	2	174	4271	6.5979618	0	0
r-150-5	1	1.33	25	2	348	6956	15.6607897	0	0
r-150-5	1	1.33	25	3	174	4614	5.8777424	0	0
r-150-5	1	1.33	25	3	348	7721	12.7097582	0	0
r-150-5	2	0.67	12	1	174	4005	14.6678096	6488	8.2940417
r-150-5	2	0.67	12	1	348	6615	34.4862892	6017	18.5859641
r-150-5	2	0.67	12	2	174	4281	12.5487103	6987	7.2016929
r-150-5	2	0.67	12	2	348	6727	28.602851	6172	15.5913803
r-150-5	2	0.67	12	3	174	4298	8.7249949	4120	3.6781506
r-150-5	2	0.67	12	3	348	6728	18.5525336	2897	6.6869559
r-150-5	2	0.67	25	1	174	3935	13.6390011	3843	5.9495644
r-150-5	2	0.67	25	1	348	6429	48.3759763	7835	28.9850942
r-150-5	2	0.67	25	2	174	4578	9.1640314	1292	1.7657879
r-150-5	2	0.67	25	2	348	6726	25.3767961	2754	8.3970716
r-150-5	2	0.67	25	3	174	4674	13.877433	4500	6.3969089
r-150-5	2	0.67	25	3	348	6662	19.4582797	911	2.5899341
r-150-5	2	1	12	1	174	4278	8.5347291	1660	1.964502
r-150-5	2	1	12	1	348	6804	16.459799	60	0.088308
r-150-5	2	1	12	2	174	4924	6.8571553	1352	1.3354081
r-150-5	2	1	12	2	348	7534	12.9653499	41	0.0263351
r-150-5	2	1	12	3	174	5243	5.3610554	611	0.3344737
r-150-5	2	1	12	3	348	7865	12.0614412	121	0.0728
r-150-5	2	1	25	1	174	3825	7.8345287	0	0
r-150-5	2	1	25	1	348	6480	41.0846312	5437	21.2617281
r-150-5	2	1	25	2	174	4439	7.2447538	0	0
r-150-5	2	1	25	2	348	7065	20.7742555	1132	3.1701328
r-150-5	2	1	25	3	174	4921	7.3030333	0	0
r-150-5	2	1	25	3	348	7812	18.749497	403	1.2033853
r-150-5	2	1.33	12	1	174	4846	7.1822149	401	0.3462114
r-150-5	2	1.33	12	1	348	7795	17.841211	113	0.1611353
r-150-5	2	1.33	12	2	174	5853	5.6220099	175	0.0963733
r-150-5	2	1.33	12	2	348	8535	23.8327816	3505	9.7429178
r-150-5	2	1.33	12	3	174	6428	5.415312	291	0.1468024
r-150-5	2	1.33	12	3	348	8872	12.4704791	230	0.1805308
r-150-5	2	1.33	25	1	174	4386	8.0637224	0	0
r-150-5	2	1.33	25	1	348	6887	34.4553528	2989	12.7498274
r-150-5	2	1.33	25	2	174	4947	8.6419255	534	0.7640519
r-150-5	2	1.33	25	2	348	8186	39.7215676	5650	20.8318115
r-150-5	2	1.33	25	3	174	5879	13.1690598	3967	5.7355807
r-150-5	2	1.33	25	3	348	8946	23.1011467	1575	5.1793676
AverageObj: 4054.32, IterToBest: 2042.63, TimeToBest: 1.75
