name	alpha	beta	L	m	T	OBJ	GAP	CPU	Nodes	obj_bound
poi-10-1	1.0	0.67	15.0	1	59.0	201	0.0	0.0045	1.0	201.00
poi-10-1	1.0	0.67	15.0	1	118.0	295	0.0	0.1295	3.0	295.00
poi-10-1	1.0	0.67	15.0	2	59.0	201	0.0	0.0027	0.0	201.00
poi-10-1	1.0	0.67	15.0	2	118.0	295	0.0	0.1332	1.0	295.00
poi-10-1	1.0	0.67	15.0	3	59.0	201	0.0	0.0029	0.0	201.00
poi-10-1	1.0	0.67	15.0	3	118.0	295	0.0	0.1954	7.0	295.00
poi-10-1	1.0	0.67	30.0	1	59.0	201	0.0	0.0084	1.0	201.00
poi-10-1	1.0	0.67	30.0	1	118.0	295	0.0	0.3007	9.0	295.00
poi-10-1	1.0	0.67	30.0	2	59.0	201	0.0	0.0047	1.0	201.00
poi-10-1	1.0	0.67	30.0	2	118.0	295	0.0	0.2473	29.0	295.00
poi-10-1	1.0	0.67	30.0	3	59.0	201	0.0	0.0100	1.0	201.00
poi-10-1	1.0	0.67	30.0	3	118.0	295	0.0	0.4391	11.0	295.00
poi-10-1	1.0	1.0	15.0	1	59.0	201	0.0	0.0043	0.0	201.00
poi-10-1	1.0	1.0	15.0	1	118.0	295	0.0	0.1163	5.0	295.00
poi-10-1	1.0	1.0	15.0	2	59.0	201	0.0	0.0027	0.0	201.00
poi-10-1	1.0	1.0	15.0	2	118.0	295	0.0	0.0173	1.0	295.00
poi-10-1	1.0	1.0	15.0	3	59.0	201	0.0	0.0029	0.0	201.00
poi-10-1	1.0	1.0	15.0	3	118.0	295	0.0	0.0616	1.0	295.00
poi-10-1	1.0	1.0	30.0	1	59.0	201	0.0	0.0084	1.0	201.00
poi-10-1	1.0	1.0	30.0	1	118.0	295	0.0	0.2181	92.0	295.00
poi-10-1	1.0	1.0	30.0	2	59.0	201	0.0	0.0047	1.0	201.00
poi-10-1	1.0	1.0	30.0	2	118.0	295	0.0	0.2222	117.0	295.00
poi-10-1	1.0	1.0	30.0	3	59.0	201	0.0	0.0055	1.0	201.00
poi-10-1	1.0	1.0	30.0	3	118.0	295	0.0	0.2785	22.0	295.00
poi-10-1	1.0	1.33	15.0	1	59.0	233	0.0	0.0025	0.0	233.00
poi-10-1	1.0	1.33	15.0	1	118.0	327	0.0	0.1148	3.0	327.00
poi-10-1	1.0	1.33	15.0	2	59.0	233	0.0	0.0032	1.0	233.00
poi-10-1	1.0	1.33	15.0	2	118.0	327	0.0	0.1713	33.0	327.00
poi-10-1	1.0	1.33	15.0	3	59.0	233	0.0	0.0034	1.0	233.00
poi-10-1	1.0	1.33	15.0	3	118.0	327	0.0	0.2720	8.0	327.00
poi-10-1	1.0	1.33	30.0	1	59.0	233	0.0	0.0106	1.0	233.00
poi-10-1	1.0	1.33	30.0	1	118.0	347	0.0	0.3867	19.0	347.00
poi-10-1	1.0	1.33	30.0	2	59.0	233	0.0	0.0051	1.0	233.00
poi-10-1	1.0	1.33	30.0	2	118.0	347	0.0	0.7628	57.0	347.00
poi-10-1	1.0	1.33	30.0	3	59.0	233	0.0	0.0060	1.0	233.00
poi-10-1	1.0	1.33	30.0	3	118.0	347	0.0	0.2705	35.0	347.00
poi-10-1	2.0	0.67	15.0	1	59.0	201	0.0	0.0029	1.0	201.00
poi-10-1	2.0	0.67	15.0	1	118.0	295	0.0	0.0170	1.0	295.00
poi-10-1	2.0	0.67	15.0	2	59.0	201	0.0	0.0027	0.0	201.00
poi-10-1	2.0	0.67	15.0	2	118.0	295	0.0	0.2870	1.0	295.00
poi-10-1	2.0	0.67	15.0	3	59.0	201	0.0	0.0029	0.0	201.00
poi-10-1	2.0	0.67	15.0	3	118.0	295	0.0	0.5598	1.0	295.00
poi-10-1	2.0	0.67	30.0	1	59.0	201	0.0	0.0038	1.0	201.00
poi-10-1	2.0	0.67	30.0	1	118.0	295	0.0	0.3693	7.0	295.00
poi-10-1	2.0	0.67	30.0	2	59.0	201	0.0	0.0070	1.0	201.00
poi-10-1	2.0	0.67	30.0	2	118.0	295	0.0	0.2470	25.0	295.00
poi-10-1	2.0	0.67	30.0	3	59.0	201	0.0	0.0053	1.0	201.00
poi-10-1	2.0	0.67	30.0	3	118.0	295	0.0	0.4393	24.0	295.00
poi-10-1	2.0	1.0	15.0	1	59.0	201	0.0	0.0027	0.0	201.00
poi-10-1	2.0	1.0	15.0	1	118.0	295	0.0	0.1443	5.0	295.00
poi-10-1	2.0	1.0	15.0	2	59.0	201	0.0	0.0028	0.0	201.00
poi-10-1	2.0	1.0	15.0	2	118.0	295	0.0	0.2680	7.0	295.00
poi-10-1	2.0	1.0	15.0	3	59.0	201	0.0	0.0046	0.0	201.00
poi-10-1	2.0	1.0	15.0	3	118.0	295	0.0	0.0927	1.0	295.00
poi-10-1	2.0	1.0	30.0	1	59.0	201	0.0	0.0053	1.0	201.00
poi-10-1	2.0	1.0	30.0	1	118.0	295	0.0	0.1363	14.0	295.00
poi-10-1	2.0	1.0	30.0	2	59.0	201	0.0	0.0065	1.0	201.00
poi-10-1	2.0	1.0	30.0	2	118.0	295	0.0	0.2767	50.0	295.00
poi-10-1	2.0	1.0	30.0	3	59.0	201	0.0	0.0079	1.0	201.00
poi-10-1	2.0	1.0	30.0	3	118.0	295	0.0	0.2696	26.0	295.00
poi-10-1	2.0	1.33	15.0	1	59.0	233	0.0	0.0036	0.0	233.00
poi-10-1	2.0	1.33	15.0	1	118.0	327	0.0	0.2204	8.0	327.00
poi-10-1	2.0	1.33	15.0	2	59.0	233	0.0	0.0049	1.0	233.00
poi-10-1	2.0	1.33	15.0	2	118.0	327	0.0	0.2170	9.0	327.00
poi-10-1	2.0	1.33	15.0	3	59.0	233	0.0	0.0032	1.0	233.00
poi-10-1	2.0	1.33	15.0	3	118.0	327	0.0	0.2448	1.0	327.00
poi-10-1	2.0	1.33	30.0	1	59.0	233	0.0	0.0033	1.0	233.00
poi-10-1	2.0	1.33	30.0	1	118.0	347	0.0	0.4895	111.0	347.00
poi-10-1	2.0	1.33	30.0	2	59.0	233	0.0	0.0074	1.0	233.00
poi-10-1	2.0	1.33	30.0	2	118.0	347	0.0	0.1733	5.0	347.00
poi-10-1	2.0	1.33	30.0	3	59.0	233	0.0	0.0095	1.0	233.00
poi-10-1	2.0	1.33	30.0	3	118.0	347	0.0	0.2599	37.0	347.00
poi-10-2	1.0	0.67	13.0	1	58.0	76	0.0	0.0025	0.0	76.00
poi-10-2	1.0	0.67	13.0	1	116.0	296	0.0	0.0498	1.0	296.00
poi-10-2	1.0	0.67	13.0	2	58.0	76	0.0	0.0017	0.0	76.00
poi-10-2	1.0	0.67	13.0	2	116.0	296	0.0	0.0467	1.0	296.00
poi-10-2	1.0	0.67	13.0	3	58.0	76	0.0	0.0016	0.0	76.00
poi-10-2	1.0	0.67	13.0	3	116.0	296	0.0	0.0277	1.0	296.00
poi-10-2	1.0	0.67	27.0	1	58.0	76	0.0	0.0021	0.0	76.00
poi-10-2	1.0	0.67	27.0	1	116.0	296	0.0	0.3643	1.0	296.00
poi-10-2	1.0	0.67	27.0	2	58.0	76	0.0	0.0046	0.0	76.00
poi-10-2	1.0	0.67	27.0	2	116.0	296	0.0	0.1251	14.0	296.00
poi-10-2	1.0	0.67	27.0	3	58.0	76	0.0	0.0064	0.0	76.00
poi-10-2	1.0	0.67	27.0	3	116.0	296	0.0	0.8006	7.0	296.00
poi-10-2	1.0	1.0	13.0	1	58.0	76	0.0	0.0017	0.0	76.00
poi-10-2	1.0	1.0	13.0	1	116.0	296	0.0	0.0476	1.0	296.00
poi-10-2	1.0	1.0	13.0	2	58.0	76	0.0	0.0030	0.0	76.00
poi-10-2	1.0	1.0	13.0	2	116.0	296	0.0	0.0651	1.0	296.00
poi-10-2	1.0	1.0	13.0	3	58.0	76	0.0	0.0028	0.0	76.00
poi-10-2	1.0	1.0	13.0	3	116.0	296	0.0	0.0869	1.0	296.00
poi-10-2	1.0	1.0	27.0	1	58.0	76	0.0	0.0037	0.0	76.00
poi-10-2	1.0	1.0	27.0	1	116.0	296	0.0	0.1550	49.0	296.00
poi-10-2	1.0	1.0	27.0	2	58.0	76	0.0	0.0030	0.0	76.00
poi-10-2	1.0	1.0	27.0	2	116.0	296	0.0	0.3444	116.0	296.00
poi-10-2	1.0	1.0	27.0	3	58.0	76	0.0	0.0063	0.0	76.00
poi-10-2	1.0	1.0	27.0	3	116.0	296	0.0	0.3209	54.0	296.00
poi-10-2	1.0	1.33	13.0	1	58.0	76	0.0	0.0017	0.0	76.00
poi-10-2	1.0	1.33	13.0	1	116.0	313	0.0	0.0637	12.0	313.00
poi-10-2	1.0	1.33	13.0	2	58.0	76	0.0	0.0031	0.0	76.00
poi-10-2	1.0	1.33	13.0	2	116.0	313	0.0	0.1021	12.0	313.00
poi-10-2	1.0	1.33	13.0	3	58.0	76	0.0	0.0031	0.0	76.00
poi-10-2	1.0	1.33	13.0	3	116.0	313	0.0	0.1033	12.0	313.00
poi-10-2	1.0	1.33	27.0	1	58.0	76	0.0	0.0041	0.0	76.00
poi-10-2	1.0	1.33	27.0	1	116.0	343	0.0	0.1924	65.0	343.00
poi-10-2	1.0	1.33	27.0	2	58.0	76	0.0	0.0031	0.0	76.00
poi-10-2	1.0	1.33	27.0	2	116.0	345	0.0	0.1418	43.0	345.00
poi-10-2	1.0	1.33	27.0	3	58.0	76	0.0	0.0040	0.0	76.00
poi-10-2	1.0	1.33	27.0	3	116.0	354	0.0	0.2138	113.0	354.00
poi-10-2	2.0	0.67	13.0	1	58.0	76	0.0	0.0018	0.0	76.00
poi-10-2	2.0	0.67	13.0	1	116.0	296	0.0	0.0394	1.0	296.00
poi-10-2	2.0	0.67	13.0	2	58.0	76	0.0	0.0018	0.0	76.00
poi-10-2	2.0	0.67	13.0	2	116.0	296	0.0	0.0328	1.0	296.00
poi-10-2	2.0	0.67	13.0	3	58.0	76	0.0	0.0030	0.0	76.00
poi-10-2	2.0	0.67	13.0	3	116.0	296	0.0	0.0228	1.0	296.00
poi-10-2	2.0	0.67	27.0	1	58.0	76	0.0	0.0021	0.0	76.00
poi-10-2	2.0	0.67	27.0	1	116.0	296	0.0	0.1319	1.0	296.00
poi-10-2	2.0	0.67	27.0	2	58.0	76	0.0	0.0060	0.0	76.00
poi-10-2	2.0	0.67	27.0	2	116.0	296	0.0	0.5114	39.0	296.00
poi-10-2	2.0	0.67	27.0	3	58.0	76	0.0	0.0063	0.0	76.00
poi-10-2	2.0	0.67	27.0	3	116.0	296	0.0	0.1267	12.0	296.00
poi-10-2	2.0	1.0	13.0	1	58.0	76	0.0	0.0017	0.0	76.00
poi-10-2	2.0	1.0	13.0	1	116.0	296	0.0	0.0680	1.0	296.00
poi-10-2	2.0	1.0	13.0	2	58.0	76	0.0	0.0029	0.0	76.00
poi-10-2	2.0	1.0	13.0	2	116.0	296	0.0	0.0847	1.0	296.00
poi-10-2	2.0	1.0	13.0	3	58.0	76	0.0	0.0030	0.0	76.00
poi-10-2	2.0	1.0	13.0	3	116.0	296	0.0	0.0774	1.0	296.00
poi-10-2	2.0	1.0	27.0	1	58.0	76	0.0	0.0037	0.0	76.00
poi-10-2	2.0	1.0	27.0	1	116.0	296	0.0	0.1770	49.0	296.00
poi-10-2	2.0	1.0	27.0	2	58.0	76	0.0	0.0046	0.0	76.00
poi-10-2	2.0	1.0	27.0	2	116.0	296	0.0	0.1924	31.0	296.00
poi-10-2	2.0	1.0	27.0	3	58.0	76	0.0	0.0061	0.0	76.00
poi-10-2	2.0	1.0	27.0	3	116.0	296	0.0	0.1985	27.0	296.00
poi-10-2	2.0	1.33	13.0	1	58.0	76	0.0	0.0026	0.0	76.00
poi-10-2	2.0	1.33	13.0	1	116.0	313	0.0	0.3134	12.0	313.00
poi-10-2	2.0	1.33	13.0	2	58.0	76	0.0	0.0028	0.0	76.00
poi-10-2	2.0	1.33	13.0	2	116.0	313	0.0	0.0812	12.0	313.00
poi-10-2	2.0	1.33	13.0	3	58.0	76	0.0	0.0018	0.0	76.00
poi-10-2	2.0	1.33	13.0	3	116.0	313	0.0	0.0517	12.0	313.00
poi-10-2	2.0	1.33	27.0	1	58.0	76	0.0	0.0035	0.0	76.00
poi-10-2	2.0	1.33	27.0	1	116.0	355	0.0	0.2818	26.0	355.00
poi-10-2	2.0	1.33	27.0	2	58.0	76	0.0	0.0028	0.0	76.00
poi-10-2	2.0	1.33	27.0	2	116.0	355	0.0	0.2147	30.0	355.00
poi-10-2	2.0	1.33	27.0	3	58.0	76	0.0	0.0061	0.0	76.00
poi-10-2	2.0	1.33	27.0	3	116.0	355	0.0	0.2585	87.0	355.00
poi-10-3	1.0	0.67	14.0	1	59.0	0	inf	0.0015	0.0	-inf
poi-10-3	1.0	0.67	14.0	1	119.0	243	0.0	0.2251	3.0	243.00
poi-10-3	1.0	0.67	14.0	2	59.0	0	inf	0.0018	0.0	-inf
poi-10-3	1.0	0.67	14.0	2	119.0	243	0.0	0.0891	6.0	243.00
poi-10-3	1.0	0.67	14.0	3	59.0	0	inf	0.0024	0.0	-inf
poi-10-3	1.0	0.67	14.0	3	119.0	243	0.0	0.1073	3.0	243.00
poi-10-3	1.0	0.67	28.0	1	59.0	0	inf	0.0011	0.0	-inf
poi-10-3	1.0	0.67	28.0	1	119.0	243	0.0	0.0995	9.0	243.00
poi-10-3	1.0	0.67	28.0	2	59.0	0	inf	0.0014	0.0	-inf
poi-10-3	1.0	0.67	28.0	2	119.0	243	0.0	0.1295	9.0	243.00
poi-10-3	1.0	0.67	28.0	3	59.0	0	inf	0.0020	0.0	-inf
poi-10-3	1.0	0.67	28.0	3	119.0	243	0.0	0.1573	18.0	243.00
poi-10-3	1.0	1.0	14.0	1	59.0	0	inf	0.0008	0.0	-inf
poi-10-3	1.0	1.0	14.0	1	119.0	243	0.0	0.0985	7.0	243.00
poi-10-3	1.0	1.0	14.0	2	59.0	0	inf	0.0016	0.0	-inf
poi-10-3	1.0	1.0	14.0	2	119.0	243	0.0	0.3019	9.0	243.00
poi-10-3	1.0	1.0	14.0	3	59.0	0	inf	0.0013	0.0	-inf
poi-10-3	1.0	1.0	14.0	3	119.0	243	0.0	0.2598	12.0	243.00
poi-10-3	1.0	1.0	28.0	1	59.0	0	inf	0.0010	0.0	-inf
poi-10-3	1.0	1.0	28.0	1	119.0	243	0.0	0.0791	9.0	243.00
poi-10-3	1.0	1.0	28.0	2	59.0	0	inf	0.0023	0.0	-inf
poi-10-3	1.0	1.0	28.0	2	119.0	243	0.0	0.2091	7.0	243.00
poi-10-3	1.0	1.0	28.0	3	59.0	0	inf	0.0022	0.0	-inf
poi-10-3	1.0	1.0	28.0	3	119.0	243	0.0	0.2388	9.0	243.00
poi-10-3	1.0	1.33	14.0	1	59.0	0	inf	0.0008	0.0	-inf
poi-10-3	1.0	1.33	14.0	1	119.0	275	0.0	0.0879	38.0	275.00
poi-10-3	1.0	1.33	14.0	2	59.0	0	inf	0.0017	0.0	-inf
poi-10-3	1.0	1.33	14.0	2	119.0	295	0.0	0.1353	24.0	295.00
poi-10-3	1.0	1.33	14.0	3	59.0	0	inf	0.0014	0.0	-inf
poi-10-3	1.0	1.33	14.0	3	119.0	295	0.0	0.1411	36.0	295.00
poi-10-3	1.0	1.33	28.0	1	59.0	0	inf	0.0022	0.0	-inf
poi-10-3	1.0	1.33	28.0	1	119.0	295	0.0	0.1618	14.0	295.00
poi-10-3	1.0	1.33	28.0	2	59.0	0	inf	0.0023	0.0	-inf
poi-10-3	1.0	1.33	28.0	2	119.0	301	0.0	0.2665	40.0	301.00
poi-10-3	1.0	1.33	28.0	3	59.0	0	inf	0.0020	0.0	-inf
poi-10-3	1.0	1.33	28.0	3	119.0	307	0.0	0.4875	11.0	307.00
poi-10-3	2.0	0.67	14.0	1	59.0	0	inf	0.0012	0.0	-inf
poi-10-3	2.0	0.67	14.0	1	119.0	243	0.0	0.3474	6.0	243.00
poi-10-3	2.0	0.67	14.0	2	59.0	0	inf	0.0017	0.0	-inf
poi-10-3	2.0	0.67	14.0	2	119.0	243	0.0	0.0663	8.0	243.00
poi-10-3	2.0	0.67	14.0	3	59.0	0	inf	0.0013	0.0	-inf
poi-10-3	2.0	0.67	14.0	3	119.0	243	0.0	0.2147	7.0	243.00
poi-10-3	2.0	0.67	28.0	1	59.0	0	inf	0.0011	0.0	-inf
poi-10-3	2.0	0.67	28.0	1	119.0	243	0.0	0.0628	11.0	243.00
poi-10-3	2.0	0.67	28.0	2	59.0	0	inf	0.0014	0.0	-inf
poi-10-3	2.0	0.67	28.0	2	119.0	243	0.0	0.1366	12.0	243.00
poi-10-3	2.0	0.67	28.0	3	59.0	0	inf	0.0034	0.0	-inf
poi-10-3	2.0	0.67	28.0	3	119.0	243	0.0	0.0908	10.0	243.00
poi-10-3	2.0	1.0	14.0	1	59.0	0	inf	0.0008	0.0	-inf
poi-10-3	2.0	1.0	14.0	1	119.0	243	0.0	0.0711	13.0	243.00
poi-10-3	2.0	1.0	14.0	2	59.0	0	inf	0.0011	0.0	-inf
poi-10-3	2.0	1.0	14.0	2	119.0	243	0.0	0.1244	10.0	243.00
poi-10-3	2.0	1.0	14.0	3	59.0	0	inf	0.0012	0.0	-inf
poi-10-3	2.0	1.0	14.0	3	119.0	243	0.0	0.0599	10.0	243.00
poi-10-3	2.0	1.0	28.0	1	59.0	0	inf	0.0010	0.0	-inf
poi-10-3	2.0	1.0	28.0	1	119.0	243	0.0	0.0592	11.0	243.00
poi-10-3	2.0	1.0	28.0	2	59.0	0	inf	0.0013	0.0	-inf
poi-10-3	2.0	1.0	28.0	2	119.0	243	0.0	0.2437	17.0	243.00
poi-10-3	2.0	1.0	28.0	3	59.0	0	inf	0.0029	0.0	-inf
poi-10-3	2.0	1.0	28.0	3	119.0	243	0.0	0.4201	96.0	243.00
poi-10-3	2.0	1.33	14.0	1	59.0	0	inf	0.0012	0.0	-inf
poi-10-3	2.0	1.33	14.0	1	119.0	295	0.0	0.1069	11.0	295.00
poi-10-3	2.0	1.33	14.0	2	59.0	0	inf	0.0019	0.0	-inf
poi-10-3	2.0	1.33	14.0	2	119.0	295	0.0	0.1539	9.0	295.00
poi-10-3	2.0	1.33	14.0	3	59.0	0	inf	0.0020	0.0	-inf
poi-10-3	2.0	1.33	14.0	3	119.0	295	0.0	0.1698	25.0	295.00
poi-10-3	2.0	1.33	28.0	1	59.0	0	inf	0.0009	0.0	-inf
poi-10-3	2.0	1.33	28.0	1	119.0	295	0.0	0.1359	31.0	295.00
poi-10-3	2.0	1.33	28.0	2	59.0	0	inf	0.0014	0.0	-inf
poi-10-3	2.0	1.33	28.0	2	119.0	301	0.0	0.2536	20.0	301.00
poi-10-3	2.0	1.33	28.0	3	59.0	0	inf	0.0018	0.0	-inf
poi-10-3	2.0	1.33	28.0	3	119.0	307	0.0	0.1945	12.0	307.00
poi-10-4	1.0	0.67	13.0	1	59.0	163	0.0	0.0033	1.0	163.00
poi-10-4	1.0	0.67	13.0	1	118.0	324	0.0	0.1100	25.0	324.00
poi-10-4	1.0	0.67	13.0	2	59.0	163	0.0	0.0038	1.0	163.00
poi-10-4	1.0	0.67	13.0	2	118.0	324	0.0	0.0905	25.0	324.00
poi-10-4	1.0	0.67	13.0	3	59.0	163	0.0	0.0056	1.0	163.00
poi-10-4	1.0	0.67	13.0	3	118.0	324	0.0	0.1574	25.0	324.00
poi-10-4	1.0	0.67	26.0	1	59.0	173	0.0	0.0062	1.0	173.00
poi-10-4	1.0	0.67	26.0	1	118.0	340	0.0	0.0935	16.0	340.00
poi-10-4	1.0	0.67	26.0	2	59.0	173	0.0	0.0117	1.0	173.00
poi-10-4	1.0	0.67	26.0	2	118.0	340	0.0	0.1276	17.0	340.00
poi-10-4	1.0	0.67	26.0	3	59.0	173	0.0	0.0076	1.0	173.00
poi-10-4	1.0	0.67	26.0	3	118.0	340	0.0	0.1134	27.0	340.00
poi-10-4	1.0	1.0	13.0	1	59.0	163	0.0	0.0050	1.0	163.00
poi-10-4	1.0	1.0	13.0	1	118.0	324	0.0	0.2142	18.0	324.00
poi-10-4	1.0	1.0	13.0	2	59.0	163	0.0	0.0050	1.0	163.00
poi-10-4	1.0	1.0	13.0	2	118.0	324	0.0	0.5917	18.0	324.00
poi-10-4	1.0	1.0	13.0	3	59.0	163	0.0	0.0034	1.0	163.00
poi-10-4	1.0	1.0	13.0	3	118.0	324	0.0	0.1844	18.0	324.00
poi-10-4	1.0	1.0	26.0	1	59.0	179	0.0	0.0091	1.0	179.00
poi-10-4	1.0	1.0	26.0	1	118.0	358	0.0	0.2219	176.0	358.00
poi-10-4	1.0	1.0	26.0	2	59.0	179	0.0	0.0106	1.0	179.00
poi-10-4	1.0	1.0	26.0	2	118.0	358	0.0	0.1101	1.0	358.00
poi-10-4	1.0	1.0	26.0	3	59.0	179	0.0	0.0072	1.0	179.00
poi-10-4	1.0	1.0	26.0	3	118.0	358	0.0	0.2754	1.0	358.00
poi-10-4	1.0	1.33	13.0	1	59.0	163	0.0	0.0031	1.0	163.00
poi-10-4	1.0	1.33	13.0	1	118.0	324	0.0	0.1198	78.0	324.00
poi-10-4	1.0	1.33	13.0	2	59.0	163	0.0	0.0054	1.0	163.00
poi-10-4	1.0	1.33	13.0	2	118.0	324	0.0	0.1278	78.0	324.00
poi-10-4	1.0	1.33	13.0	3	59.0	163	0.0	0.0031	1.0	163.00
poi-10-4	1.0	1.33	13.0	3	118.0	324	0.0	0.1591	78.0	324.00
poi-10-4	1.0	1.33	26.0	1	59.0	184	0.0	0.0054	1.0	184.00
poi-10-4	1.0	1.33	26.0	1	118.0	399	0.0	0.1309	50.0	399.00
poi-10-4	1.0	1.33	26.0	2	59.0	184	0.0	0.0113	1.0	184.00
poi-10-4	1.0	1.33	26.0	2	118.0	399	0.0	0.1557	24.0	399.00
poi-10-4	1.0	1.33	26.0	3	59.0	184	0.0	0.0134	1.0	184.00
poi-10-4	1.0	1.33	26.0	3	118.0	399	0.0	0.2264	26.0	399.00
poi-10-4	2.0	0.67	13.0	1	59.0	163	0.0	0.0033	1.0	163.00
poi-10-4	2.0	0.67	13.0	1	118.0	324	0.0	0.0933	25.0	324.00
poi-10-4	2.0	0.67	13.0	2	59.0	163	0.0	0.0038	1.0	163.00
poi-10-4	2.0	0.67	13.0	2	118.0	324	0.0	0.0716	25.0	324.00
poi-10-4	2.0	0.67	13.0	3	59.0	163	0.0	0.0034	1.0	163.00
poi-10-4	2.0	0.67	13.0	3	118.0	324	0.0	0.1081	25.0	324.00
poi-10-4	2.0	0.67	26.0	1	59.0	173	0.0	0.0051	1.0	173.00
poi-10-4	2.0	0.67	26.0	1	118.0	340	0.0	0.2014	1.0	340.00
poi-10-4	2.0	0.67	26.0	2	59.0	173	0.0	0.0100	1.0	173.00
poi-10-4	2.0	0.67	26.0	2	118.0	340	0.0	0.2247	54.0	340.00
poi-10-4	2.0	0.67	26.0	3	59.0	173	0.0	0.0114	1.0	173.00
poi-10-4	2.0	0.67	26.0	3	118.0	340	0.0	0.3681	14.0	340.00
poi-10-4	2.0	1.0	13.0	1	59.0	163	0.0	0.0052	1.0	163.00
poi-10-4	2.0	1.0	13.0	1	118.0	324	0.0	0.0905	18.0	324.00
poi-10-4	2.0	1.0	13.0	2	59.0	163	0.0	0.0043	1.0	163.00
poi-10-4	2.0	1.0	13.0	2	118.0	324	0.0	0.1025	18.0	324.00
poi-10-4	2.0	1.0	13.0	3	59.0	163	0.0	0.0035	1.0	163.00
poi-10-4	2.0	1.0	13.0	3	118.0	324	0.0	0.1522	18.0	324.00
poi-10-4	2.0	1.0	26.0	1	59.0	179	0.0	0.0077	1.0	179.00
poi-10-4	2.0	1.0	26.0	1	118.0	358	0.0	0.3916	22.0	358.00
poi-10-4	2.0	1.0	26.0	2	59.0	179	0.0	0.0055	1.0	179.00
poi-10-4	2.0	1.0	26.0	2	118.0	358	0.0	0.1030	43.0	358.00
poi-10-4	2.0	1.0	26.0	3	59.0	179	0.0	0.0119	1.0	179.00
poi-10-4	2.0	1.0	26.0	3	118.0	358	0.0	0.2075	27.0	358.00
poi-10-4	2.0	1.33	13.0	1	59.0	163	0.0	0.0034	1.0	163.00
poi-10-4	2.0	1.33	13.0	1	118.0	324	0.0	0.2365	78.0	324.00
poi-10-4	2.0	1.33	13.0	2	59.0	163	0.0	0.0031	1.0	163.00
poi-10-4	2.0	1.33	13.0	2	118.0	324	0.0	0.1693	78.0	324.00
poi-10-4	2.0	1.33	13.0	3	59.0	163	0.0	0.0041	1.0	163.00
poi-10-4	2.0	1.33	13.0	3	118.0	324	0.0	0.1388	78.0	324.00
poi-10-4	2.0	1.33	26.0	1	59.0	184	0.0	0.0075	1.0	184.00
poi-10-4	2.0	1.33	26.0	1	118.0	399	0.0	0.0583	16.0	399.00
poi-10-4	2.0	1.33	26.0	2	59.0	184	0.0	0.0053	1.0	184.00
poi-10-4	2.0	1.33	26.0	2	118.0	399	0.0	0.0874	39.0	399.00
poi-10-4	2.0	1.33	26.0	3	59.0	184	0.0	0.0066	1.0	184.00
poi-10-4	2.0	1.33	26.0	3	118.0	399	0.0	0.1085	35.0	399.00
poi-10-5	1.0	0.67	14.0	1	52.0	109	0.0	0.0039	1.0	109.00
poi-10-5	1.0	0.67	14.0	1	104.0	215	0.0	0.0310	11.0	215.00
poi-10-5	1.0	0.67	14.0	2	52.0	109	0.0	0.0042	1.0	109.00
poi-10-5	1.0	0.67	14.0	2	104.0	215	0.0	0.0318	13.0	215.00
poi-10-5	1.0	0.67	14.0	3	52.0	109	0.0	0.0032	1.0	109.00
poi-10-5	1.0	0.67	14.0	3	104.0	215	0.0	0.0414	13.0	215.00
poi-10-5	1.0	0.67	28.0	1	52.0	109	0.0	0.0042	1.0	109.00
poi-10-5	1.0	0.67	28.0	1	104.0	215	0.0	0.0484	27.0	215.00
poi-10-5	1.0	0.67	28.0	2	52.0	109	0.0	0.0052	1.0	109.00
poi-10-5	1.0	0.67	28.0	2	104.0	215	0.0	0.0692	12.0	215.00
poi-10-5	1.0	0.67	28.0	3	52.0	109	0.0	0.0063	1.0	109.00
poi-10-5	1.0	0.67	28.0	3	104.0	215	0.0	0.0685	7.0	215.00
poi-10-5	1.0	1.0	14.0	1	52.0	109	0.0	0.0037	1.0	109.00
poi-10-5	1.0	1.0	14.0	1	104.0	215	0.0	0.0267	7.0	215.00
poi-10-5	1.0	1.0	14.0	2	52.0	109	0.0	0.0041	1.0	109.00
poi-10-5	1.0	1.0	14.0	2	104.0	215	0.0	0.0676	53.0	215.00
poi-10-5	1.0	1.0	14.0	3	52.0	109	0.0	0.0040	1.0	109.00
poi-10-5	1.0	1.0	14.0	3	104.0	215	0.0	0.0349	7.0	215.00
poi-10-5	1.0	1.0	28.0	1	52.0	109	0.0	0.0044	1.0	109.00
poi-10-5	1.0	1.0	28.0	1	104.0	215	0.0	0.4936	42.0	215.00
poi-10-5	1.0	1.0	28.0	2	52.0	109	0.0	0.0101	1.0	109.00
poi-10-5	1.0	1.0	28.0	2	104.0	222	0.0	0.1107	44.0	222.00
poi-10-5	1.0	1.0	28.0	3	52.0	109	0.0	0.0067	1.0	109.00
poi-10-5	1.0	1.0	28.0	3	104.0	222	0.0	0.2135	101.0	222.00
poi-10-5	1.0	1.33	14.0	1	52.0	126	0.0	0.0039	1.0	126.00
poi-10-5	1.0	1.33	14.0	1	104.0	235	0.0	0.1016	52.0	235.00
poi-10-5	1.0	1.33	14.0	2	52.0	126	0.0	0.0067	1.0	126.00
poi-10-5	1.0	1.33	14.0	2	104.0	235	0.0	0.0701	9.0	235.00
poi-10-5	1.0	1.33	14.0	3	52.0	126	0.0	0.0077	1.0	126.00
poi-10-5	1.0	1.33	14.0	3	104.0	235	0.0	0.0435	21.0	235.00
poi-10-5	1.0	1.33	28.0	1	52.0	126	0.0	0.0047	1.0	126.00
poi-10-5	1.0	1.33	28.0	1	104.0	256	0.0	0.1495	113.0	256.00
poi-10-5	1.0	1.33	28.0	2	52.0	126	0.0	0.0067	1.0	126.00
poi-10-5	1.0	1.33	28.0	2	104.0	264	0.0	0.1118	36.0	264.00
poi-10-5	1.0	1.33	28.0	3	52.0	126	0.0	0.0075	1.0	126.00
poi-10-5	1.0	1.33	28.0	3	104.0	264	0.0	0.1204	17.0	264.00
poi-10-5	2.0	0.67	14.0	1	52.0	109	0.0	0.0083	1.0	109.00
poi-10-5	2.0	0.67	14.0	1	104.0	215	0.0	0.0805	8.0	215.00
poi-10-5	2.0	0.67	14.0	2	52.0	109	0.0	0.0043	1.0	109.00
poi-10-5	2.0	0.67	14.0	2	104.0	215	0.0	0.1290	8.0	215.00
poi-10-5	2.0	0.67	14.0	3	52.0	109	0.0	0.0032	1.0	109.00
poi-10-5	2.0	0.67	14.0	3	104.0	215	0.0	0.0459	8.0	215.00
poi-10-5	2.0	0.67	28.0	1	52.0	109	0.0	0.0067	1.0	109.00
poi-10-5	2.0	0.67	28.0	1	104.0	215	0.0	0.1319	7.0	215.00
poi-10-5	2.0	0.67	28.0	2	52.0	109	0.0	0.0093	1.0	109.00
poi-10-5	2.0	0.67	28.0	2	104.0	215	0.0	0.1279	38.0	215.00
poi-10-5	2.0	0.67	28.0	3	52.0	109	0.0	0.0061	1.0	109.00
poi-10-5	2.0	0.67	28.0	3	104.0	215	0.0	0.1025	15.0	215.00
poi-10-5	2.0	1.0	14.0	1	52.0	109	0.0	0.0078	1.0	109.00
poi-10-5	2.0	1.0	14.0	1	104.0	215	0.0	0.0628	12.0	215.00
poi-10-5	2.0	1.0	14.0	2	52.0	109	0.0	0.0042	1.0	109.00
poi-10-5	2.0	1.0	14.0	2	104.0	215	0.0	0.0807	21.0	215.00
poi-10-5	2.0	1.0	14.0	3	52.0	109	0.0	0.0040	1.0	109.00
poi-10-5	2.0	1.0	14.0	3	104.0	215	0.0	0.0315	21.0	215.00
poi-10-5	2.0	1.0	28.0	1	52.0	109	0.0	0.0038	1.0	109.00
poi-10-5	2.0	1.0	28.0	1	104.0	215	0.0	0.0299	19.0	215.00
poi-10-5	2.0	1.0	28.0	2	52.0	109	0.0	0.0061	1.0	109.00
poi-10-5	2.0	1.0	28.0	2	104.0	222	0.0	0.1450	67.0	222.00
poi-10-5	2.0	1.0	28.0	3	52.0	109	0.0	0.0065	1.0	109.00
poi-10-5	2.0	1.0	28.0	3	104.0	222	0.0	0.1758	119.0	222.00
poi-10-5	2.0	1.33	14.0	1	52.0	126	0.0	0.0043	1.0	126.00
poi-10-5	2.0	1.33	14.0	1	104.0	235	0.0	0.0329	7.0	235.00
poi-10-5	2.0	1.33	14.0	2	52.0	126	0.0	0.0043	1.0	126.00
poi-10-5	2.0	1.33	14.0	2	104.0	235	0.0	0.0584	54.0	235.00
poi-10-5	2.0	1.33	14.0	3	52.0	126	0.0	0.0046	1.0	126.00
poi-10-5	2.0	1.33	14.0	3	104.0	235	0.0	0.0628	54.0	235.00
poi-10-5	2.0	1.33	28.0	1	52.0	126	0.0	0.0053	1.0	126.00
poi-10-5	2.0	1.33	28.0	1	104.0	256	0.0	0.1374	59.0	256.00
poi-10-5	2.0	1.33	28.0	2	52.0	126	0.0	0.0089	1.0	126.00
poi-10-5	2.0	1.33	28.0	2	104.0	264	0.0	0.0904	20.0	264.00
poi-10-5	2.0	1.33	28.0	3	52.0	126	0.0	0.0105	1.0	126.00
poi-10-5	2.0	1.33	28.0	3	104.0	264	0.0	0.1161	21.0	264.00
poi-20-1	1.0	0.67	14.0	1	79.0	301	0.0	0.2837	100.0	301.00
poi-20-1	1.0	0.67	14.0	1	159.0	634	0.0	0.2306	104.0	634.00
poi-20-1	1.0	0.67	14.0	2	79.0	301	0.0	0.3786	20.0	301.00
poi-20-1	1.0	0.67	14.0	2	159.0	634	0.0	0.5473	222.0	634.00
poi-20-1	1.0	0.67	14.0	3	79.0	301	0.0	0.5900	126.0	301.00
poi-20-1	1.0	0.67	14.0	3	159.0	634	0.0	1.0980	309.0	634.00
poi-20-1	1.0	0.67	28.0	1	79.0	311	0.0	1.8495	750.0	311.00
poi-20-1	1.0	0.67	28.0	1	159.0	721	0.0	4.2608	771.0	721.00
poi-20-1	1.0	0.67	28.0	2	79.0	353	0.0	3.3537	615.0	353.00
poi-20-1	1.0	0.67	28.0	2	159.0	735	0.0	3.9305	864.0	735.00
poi-20-1	1.0	0.67	28.0	3	79.0	363	0.0	4.9632	408.0	363.00
poi-20-1	1.0	0.67	28.0	3	159.0	735	0.0	3.1613	276.0	735.00
poi-20-1	1.0	1.0	14.0	1	79.0	301	0.0	0.6988	108.0	301.00
poi-20-1	1.0	1.0	14.0	1	159.0	644	0.0	0.5264	351.0	644.00
poi-20-1	1.0	1.0	14.0	2	79.0	301	0.0	0.9138	147.0	301.00
poi-20-1	1.0	1.0	14.0	2	159.0	644	0.0	2.1623	469.0	644.00
poi-20-1	1.0	1.0	14.0	3	79.0	301	0.0	1.3629	152.0	301.00
poi-20-1	1.0	1.0	14.0	3	159.0	644	0.0	1.4909	585.0	644.00
poi-20-1	1.0	1.0	28.0	1	79.0	365	0.0	3.1977	1290.0	365.00
poi-20-1	1.0	1.0	28.0	1	159.0	765	0.0	26.1752	9646.0	765.00
poi-20-1	1.0	1.0	28.0	2	79.0	427	0.0	4.9968	751.0	427.00
poi-20-1	1.0	1.0	28.0	2	159.0	822	0.0	30.8651	5699.0	822.00
poi-20-1	1.0	1.0	28.0	3	79.0	443	0.0	5.2846	369.0	443.00
poi-20-1	1.0	1.0	28.0	3	159.0	822	0.0	28.8644	8710.0	822.00
poi-20-1	1.0	1.33	14.0	1	79.0	352	0.0	0.8558	159.0	352.00
poi-20-1	1.0	1.33	14.0	1	159.0	736	0.0	1.3491	144.0	736.00
poi-20-1	1.0	1.33	14.0	2	79.0	352	0.0	0.8533	154.0	352.00
poi-20-1	1.0	1.33	14.0	2	159.0	742	0.0	0.8790	118.0	742.00
poi-20-1	1.0	1.33	14.0	3	79.0	352	0.0	1.2338	262.0	352.00
poi-20-1	1.0	1.33	14.0	3	159.0	742	0.0	1.3492	177.0	742.00
poi-20-1	1.0	1.33	28.0	1	79.0	417	0.0	4.1883	775.0	417.00
poi-20-1	1.0	1.33	28.0	1	159.0	883	0.0	33.7463	9767.0	883.00
poi-20-1	1.0	1.33	28.0	2	79.0	522	0.0	6.1760	848.0	522.00
poi-20-1	1.0	1.33	28.0	2	159.0	998	0.0	28.8357	5787.0	998.00
poi-20-1	1.0	1.33	28.0	3	79.0	543	0.0	4.5382	642.0	543.00
poi-20-1	1.0	1.33	28.0	3	159.0	1017	0.0	41.1188	6964.0	1017.00
poi-20-1	2.0	0.67	14.0	1	79.0	301	0.0	0.4805	23.0	301.00
poi-20-1	2.0	0.67	14.0	1	159.0	634	0.0	1.3644	291.0	634.00
poi-20-1	2.0	0.67	14.0	2	79.0	301	0.0	0.5077	42.0	301.00
poi-20-1	2.0	0.67	14.0	2	159.0	634	0.0	0.8114	116.0	634.00
poi-20-1	2.0	0.67	14.0	3	79.0	301	0.0	1.2643	254.0	301.00
poi-20-1	2.0	0.67	14.0	3	159.0	634	0.0	0.6043	249.0	634.00
poi-20-1	2.0	0.67	28.0	1	79.0	352	0.0	1.2916	373.0	352.00
poi-20-1	2.0	0.67	28.0	1	159.0	735	0.0	1.8371	226.0	735.00
poi-20-1	2.0	0.67	28.0	2	79.0	363	0.0	3.3055	170.0	363.00
poi-20-1	2.0	0.67	28.0	2	159.0	735	0.0	4.0080	711.0	735.00
poi-20-1	2.0	0.67	28.0	3	79.0	363	0.0	4.1078	300.0	363.00
poi-20-1	2.0	0.67	28.0	3	159.0	735	0.0	3.8860	878.0	735.00
poi-20-1	2.0	1.0	14.0	1	79.0	301	0.0	0.9816	449.0	301.00
poi-20-1	2.0	1.0	14.0	1	159.0	663	0.0	0.7460	161.0	663.00
poi-20-1	2.0	1.0	14.0	2	79.0	301	0.0	1.0023	326.0	301.00
poi-20-1	2.0	1.0	14.0	2	159.0	684	0.0	0.8223	142.0	684.00
poi-20-1	2.0	1.0	14.0	3	79.0	301	0.0	0.3667	42.0	301.00
poi-20-1	2.0	1.0	14.0	3	159.0	684	0.0	1.5857	360.0	684.00
poi-20-1	2.0	1.0	28.0	1	79.0	427	0.0	1.9715	273.0	427.00
poi-20-1	2.0	1.0	28.0	1	159.0	825	0.0	7.0113	1421.0	825.00
poi-20-1	2.0	1.0	28.0	2	79.0	462	0.0	4.3488	414.0	462.00
poi-20-1	2.0	1.0	28.0	2	159.0	884	0.0	7.2117	792.0	884.00
poi-20-1	2.0	1.0	28.0	3	79.0	491	0.0	2.1342	211.0	491.00
poi-20-1	2.0	1.0	28.0	3	159.0	884	0.0	7.0556	806.0	884.00
poi-20-1	2.0	1.33	14.0	1	79.0	352	0.0	0.3598	84.0	352.00
poi-20-1	2.0	1.33	14.0	1	159.0	736	0.0	1.0448	207.0	736.00
poi-20-1	2.0	1.33	14.0	2	79.0	352	0.0	0.3719	31.0	352.00
poi-20-1	2.0	1.33	14.0	2	159.0	762	0.0	0.5762	45.0	762.00
poi-20-1	2.0	1.33	14.0	3	79.0	352	0.0	0.5867	59.0	352.00
poi-20-1	2.0	1.33	14.0	3	159.0	762	0.0	0.9561	154.0	762.00
poi-20-1	2.0	1.33	28.0	1	79.0	499	0.0	1.7648	321.0	499.00
poi-20-1	2.0	1.33	28.0	1	159.0	964	0.0	8.2248	2300.0	964.00
poi-20-1	2.0	1.33	28.0	2	79.0	585	0.0	3.6068	463.0	585.00
poi-20-1	2.0	1.33	28.0	2	159.0	1076	0.0	12.2365	2030.0	1076.00
poi-20-1	2.0	1.33	28.0	3	79.0	622	0.0	3.0948	167.0	622.00
poi-20-1	2.0	1.33	28.0	3	159.0	1082	0.0	8.0453	1092.0	1082.00
poi-20-2	1.0	0.67	13.0	1	80.0	291	0.0	0.6824	95.0	291.00
poi-20-2	1.0	0.67	13.0	1	160.0	699	0.0	0.1140	1.0	699.00
poi-20-2	1.0	0.67	13.0	2	80.0	291	0.0	0.6344	121.0	291.00
poi-20-2	1.0	0.67	13.0	2	160.0	699	0.0	0.5756	1.0	699.00
poi-20-2	1.0	0.67	13.0	3	80.0	291	0.0	1.0162	115.0	291.00
poi-20-2	1.0	0.67	13.0	3	160.0	699	0.0	0.5830	43.0	699.00
poi-20-2	1.0	0.67	26.0	1	80.0	335	0.0	1.6730	307.0	335.00
poi-20-2	1.0	0.67	26.0	1	160.0	760	0.0	6.2393	1654.0	760.00
poi-20-2	1.0	0.67	26.0	2	80.0	335	0.0	2.0524	394.0	335.00
poi-20-2	1.0	0.67	26.0	2	160.0	760	0.0	2.3205	391.0	760.00
poi-20-2	1.0	0.67	26.0	3	80.0	335	0.0	3.5653	582.0	335.00
poi-20-2	1.0	0.67	26.0	3	160.0	760	0.0	7.2893	1432.0	760.00
poi-20-2	1.0	1.0	13.0	1	80.0	291	0.0	0.6399	167.0	291.00
poi-20-2	1.0	1.0	13.0	1	160.0	713	0.0	0.4198	1.0	713.00
poi-20-2	1.0	1.0	13.0	2	80.0	291	0.0	0.4946	134.0	291.00
poi-20-2	1.0	1.0	13.0	2	160.0	713	0.0	0.3685	51.0	713.00
poi-20-2	1.0	1.0	13.0	3	80.0	291	0.0	0.6575	66.0	291.00
poi-20-2	1.0	1.0	13.0	3	160.0	713	0.0	0.8159	1.0	713.00
poi-20-2	1.0	1.0	26.0	1	80.0	359	0.0	2.2827	1058.0	359.00
poi-20-2	1.0	1.0	26.0	1	160.0	845	0.0	8.2438	3528.0	845.00
poi-20-2	1.0	1.0	26.0	2	80.0	366	0.0	5.0626	1701.0	366.00
poi-20-2	1.0	1.0	26.0	2	160.0	918	0.0	3.4177	659.0	918.00
poi-20-2	1.0	1.0	26.0	3	80.0	366	0.0	3.6921	886.0	366.00
poi-20-2	1.0	1.0	26.0	3	160.0	920	0.0	3.2404	675.0	920.00
poi-20-2	1.0	1.33	13.0	1	80.0	306	0.0	0.2592	106.0	306.00
poi-20-2	1.0	1.33	13.0	1	160.0	747	0.0	0.3230	44.0	747.00
poi-20-2	1.0	1.33	13.0	2	80.0	306	0.0	0.3608	97.0	306.00
poi-20-2	1.0	1.33	13.0	2	160.0	747	0.0	0.2101	41.0	747.00
poi-20-2	1.0	1.33	13.0	3	80.0	306	0.0	0.3021	120.0	306.00
poi-20-2	1.0	1.33	13.0	3	160.0	747	0.0	0.4129	193.0	747.00
poi-20-2	1.0	1.33	26.0	1	80.0	438	0.0	1.9873	771.0	438.00
poi-20-2	1.0	1.33	26.0	1	160.0	1004	0.0	7.5313	2283.0	1004.00
poi-20-2	1.0	1.33	26.0	2	80.0	441	0.0	6.4629	1415.0	441.00
poi-20-2	1.0	1.33	26.0	2	160.0	1056	0.0	3.7877	917.0	1056.00
poi-20-2	1.0	1.33	26.0	3	80.0	441	0.0	3.5042	316.0	441.00
poi-20-2	1.0	1.33	26.0	3	160.0	1073	0.0	9.3530	1700.0	1073.00
poi-20-2	2.0	0.67	13.0	1	80.0	291	0.0	0.3722	56.0	291.00
poi-20-2	2.0	0.67	13.0	1	160.0	699	0.0	0.3982	1.0	699.00
poi-20-2	2.0	0.67	13.0	2	80.0	291	0.0	0.5240	186.0	291.00
poi-20-2	2.0	0.67	13.0	2	160.0	699	0.0	0.2078	17.0	699.00
poi-20-2	2.0	0.67	13.0	3	80.0	291	0.0	0.6793	119.0	291.00
poi-20-2	2.0	0.67	13.0	3	160.0	699	0.0	0.9989	16.0	699.00
poi-20-2	2.0	0.67	26.0	1	80.0	335	0.0	2.0812	296.0	335.00
poi-20-2	2.0	0.67	26.0	1	160.0	782	0.0	1.5264	116.0	782.00
poi-20-2	2.0	0.67	26.0	2	80.0	378	0.0	2.8988	892.0	378.00
poi-20-2	2.0	0.67	26.0	2	160.0	791	0.0	1.9766	131.0	791.00
poi-20-2	2.0	0.67	26.0	3	80.0	378	0.0	2.2052	132.0	378.00
poi-20-2	2.0	0.67	26.0	3	160.0	791	0.0	1.0391	97.0	791.00
poi-20-2	2.0	1.0	13.0	1	80.0	291	0.0	0.9826	150.0	291.00
poi-20-2	2.0	1.0	13.0	1	160.0	716	0.0	0.7039	29.0	716.00
poi-20-2	2.0	1.0	13.0	2	80.0	291	0.0	0.4050	51.0	291.00
poi-20-2	2.0	1.0	13.0	2	160.0	716	0.0	0.2972	56.0	716.00
poi-20-2	2.0	1.0	13.0	3	80.0	291	0.0	0.7144	163.0	291.00
poi-20-2	2.0	1.0	13.0	3	160.0	716	0.0	0.6775	1.0	716.00
poi-20-2	2.0	1.0	26.0	1	80.0	394	0.0	1.2121	334.0	394.00
poi-20-2	2.0	1.0	26.0	1	160.0	906	0.0	1.7958	448.0	906.00
poi-20-2	2.0	1.0	26.0	2	80.0	465	0.0	0.9813	124.0	465.00
poi-20-2	2.0	1.0	26.0	2	160.0	927	0.0	1.9459	47.0	927.00
poi-20-2	2.0	1.0	26.0	3	80.0	465	0.0	1.8600	160.0	465.00
poi-20-2	2.0	1.0	26.0	3	160.0	927	0.0	3.5946	294.0	927.00
poi-20-2	2.0	1.33	13.0	1	80.0	306	0.0	0.6546	140.0	306.00
poi-20-2	2.0	1.33	13.0	1	160.0	750	0.0	0.1181	11.0	750.00
poi-20-2	2.0	1.33	13.0	2	80.0	306	0.0	0.8617	102.0	306.00
poi-20-2	2.0	1.33	13.0	2	160.0	750	0.0	0.3764	89.0	750.00
poi-20-2	2.0	1.33	13.0	3	80.0	306	0.0	0.2788	112.0	306.00
poi-20-2	2.0	1.33	13.0	3	160.0	750	0.0	0.4246	208.0	750.00
poi-20-2	2.0	1.33	26.0	1	80.0	468	0.0	1.3606	303.0	468.00
poi-20-2	2.0	1.33	26.0	1	160.0	1074	0.0	1.5836	611.0	1074.00
poi-20-2	2.0	1.33	26.0	2	80.0	562	0.0	1.2787	175.0	562.00
poi-20-2	2.0	1.33	26.0	2	160.0	1112	0.0	1.3540	252.0	1112.00
poi-20-2	2.0	1.33	26.0	3	80.0	562	0.0	2.2632	402.0	562.00
poi-20-2	2.0	1.33	26.0	3	160.0	1112	0.0	1.7723	326.0	1112.00
poi-20-3	1.0	0.67	15.0	1	85.0	336	0.0	0.1868	22.0	336.00
poi-20-3	1.0	0.67	15.0	1	171.0	743	0.0	0.1406	29.0	743.00
poi-20-3	1.0	0.67	15.0	2	85.0	336	0.0	0.1136	11.0	336.00
poi-20-3	1.0	0.67	15.0	2	171.0	743	0.0	0.5004	57.0	743.00
poi-20-3	1.0	0.67	15.0	3	85.0	336	0.0	0.3076	9.0	336.00
poi-20-3	1.0	0.67	15.0	3	171.0	743	0.0	0.1867	1.0	743.00
poi-20-3	1.0	0.67	31.0	1	85.0	336	0.0	0.6888	187.0	336.00
poi-20-3	1.0	0.67	31.0	1	171.0	769	0.0	1.5197	460.0	769.00
poi-20-3	1.0	0.67	31.0	2	85.0	336	0.0	2.2510	377.0	336.00
poi-20-3	1.0	0.67	31.0	2	171.0	769	0.0	6.6416	1437.0	769.00
poi-20-3	1.0	0.67	31.0	3	85.0	353	0.0	5.4877	612.0	353.00
poi-20-3	1.0	0.67	31.0	3	171.0	769	0.0	25.0176	7924.0	769.00
poi-20-3	1.0	1.0	15.0	1	85.0	336	0.0	0.4396	43.0	336.00
poi-20-3	1.0	1.0	15.0	1	171.0	773	0.0	0.3627	31.0	773.00
poi-20-3	1.0	1.0	15.0	2	85.0	336	0.0	0.4727	117.0	336.00
poi-20-3	1.0	1.0	15.0	2	171.0	773	0.0	1.0237	351.0	773.00
poi-20-3	1.0	1.0	15.0	3	85.0	336	0.0	0.7166	46.0	336.00
poi-20-3	1.0	1.0	15.0	3	171.0	773	0.0	0.9197	165.0	773.00
poi-20-3	1.0	1.0	31.0	1	85.0	336	0.0	2.3983	592.0	336.00
poi-20-3	1.0	1.0	31.0	1	171.0	856	0.0	50.6565	12416.0	856.00
poi-20-3	1.0	1.0	31.0	2	85.0	372	0.0	6.9433	1349.0	372.00
poi-20-3	1.0	1.0	31.0	2	171.0	859	0.0	132.0978	21566.0	859.00
poi-20-3	1.0	1.0	31.0	3	85.0	431	0.0	6.0788	773.0	431.00
poi-20-3	1.0	1.0	31.0	3	171.0	914	0.0	120.7515	22448.0	914.00
poi-20-3	1.0	1.33	15.0	1	85.0	387	0.0	0.3717	35.0	387.00
poi-20-3	1.0	1.33	15.0	1	171.0	840	0.0	0.2138	7.0	840.00
poi-20-3	1.0	1.33	15.0	2	85.0	387	0.0	0.3692	41.0	387.00
poi-20-3	1.0	1.33	15.0	2	171.0	840	0.0	0.8171	145.0	840.00
poi-20-3	1.0	1.33	15.0	3	85.0	387	0.0	0.2755	27.0	387.00
poi-20-3	1.0	1.33	15.0	3	171.0	840	0.0	0.6586	55.0	840.00
poi-20-3	1.0	1.33	31.0	1	85.0	419	0.0	2.6146	824.0	419.00
poi-20-3	1.0	1.33	31.0	1	171.0	992	0.0	21.0852	7310.0	992.00
poi-20-3	1.0	1.33	31.0	2	85.0	441	0.0	6.2585	1035.0	441.00
poi-20-3	1.0	1.33	31.0	2	171.0	1084	0.0	79.0412	15490.0	1084.00
poi-20-3	1.0	1.33	31.0	3	85.0	540	0.0	4.9572	822.0	540.00
poi-20-3	1.0	1.33	31.0	3	171.0	1143	0.0	112.3402	18669.0	1143.00
poi-20-3	2.0	0.67	15.0	1	85.0	336	0.0	0.0757	11.0	336.00
poi-20-3	2.0	0.67	15.0	1	171.0	755	0.0	0.0460	1.0	755.00
poi-20-3	2.0	0.67	15.0	2	85.0	336	0.0	0.0923	10.0	336.00
poi-20-3	2.0	0.67	15.0	2	171.0	755	0.0	0.0866	1.0	755.00
poi-20-3	2.0	0.67	15.0	3	85.0	336	0.0	0.5564	15.0	336.00
poi-20-3	2.0	0.67	15.0	3	171.0	755	0.0	0.6367	61.0	755.00
poi-20-3	2.0	0.67	31.0	1	85.0	336	0.0	0.9200	310.0	336.00
poi-20-3	2.0	0.67	31.0	1	171.0	769	0.0	1.8315	689.0	769.00
poi-20-3	2.0	0.67	31.0	2	85.0	382	0.0	1.4610	274.0	382.00
poi-20-3	2.0	0.67	31.0	2	171.0	801	0.0	0.5087	50.0	801.00
poi-20-3	2.0	0.67	31.0	3	85.0	387	0.0	1.2444	160.0	387.00
poi-20-3	2.0	0.67	31.0	3	171.0	801	0.0	1.3685	358.0	801.00
poi-20-3	2.0	1.0	15.0	1	85.0	336	0.0	0.0914	15.0	336.00
poi-20-3	2.0	1.0	15.0	1	171.0	773	0.0	0.8180	295.0	773.00
poi-20-3	2.0	1.0	15.0	2	85.0	336	0.0	0.9526	184.0	336.00
poi-20-3	2.0	1.0	15.0	2	171.0	773	0.0	0.7563	12.0	773.00
poi-20-3	2.0	1.0	15.0	3	85.0	336	0.0	0.4982	87.0	336.00
poi-20-3	2.0	1.0	15.0	3	171.0	773	0.0	0.5643	62.0	773.00
poi-20-3	2.0	1.0	31.0	1	85.0	372	0.0	1.7315	326.0	372.00
poi-20-3	2.0	1.0	31.0	1	171.0	859	0.0	10.8558	3009.0	859.00
poi-20-3	2.0	1.0	31.0	2	85.0	475	0.0	1.9032	241.0	475.00
poi-20-3	2.0	1.0	31.0	2	171.0	999	0.0	1.4355	86.0	999.00
poi-20-3	2.0	1.0	31.0	3	85.0	483	0.0	1.7837	161.0	483.00
poi-20-3	2.0	1.0	31.0	3	171.0	999	0.0	2.1130	22.0	999.00
poi-20-3	2.0	1.33	15.0	1	85.0	387	0.0	0.3125	26.0	387.00
poi-20-3	2.0	1.33	15.0	1	171.0	841	0.0	0.9893	270.0	841.00
poi-20-3	2.0	1.33	15.0	2	85.0	387	0.0	0.5253	51.0	387.00
poi-20-3	2.0	1.33	15.0	2	171.0	841	0.0	0.6114	88.0	841.00
poi-20-3	2.0	1.33	15.0	3	85.0	387	0.0	0.2825	23.0	387.00
poi-20-3	2.0	1.33	15.0	3	171.0	841	0.0	0.4193	72.0	841.00
poi-20-3	2.0	1.33	31.0	1	85.0	457	0.0	1.3157	404.0	457.00
poi-20-3	2.0	1.33	31.0	1	171.0	1035	0.0	13.7839	3282.0	1035.00
poi-20-3	2.0	1.33	31.0	2	85.0	598	0.0	1.5732	114.0	598.00
poi-20-3	2.0	1.33	31.0	2	171.0	1241	0.0	1.0049	1.0	1241.00
poi-20-3	2.0	1.33	31.0	3	85.0	608	0.0	1.5694	59.0	608.00
poi-20-3	2.0	1.33	31.0	3	171.0	1251	0.0	0.2234	1.0	1251.00
poi-20-4	1.0	0.67	13.0	1	78.0	412	0.0	0.5438	13.0	412.00
poi-20-4	1.0	0.67	13.0	1	157.0	797	0.0	0.1972	63.0	797.00
poi-20-4	1.0	0.67	13.0	2	78.0	412	0.0	0.5323	9.0	412.00
poi-20-4	1.0	0.67	13.0	2	157.0	797	0.0	0.4502	1.0	797.00
poi-20-4	1.0	0.67	13.0	3	78.0	412	0.0	0.7399	179.0	412.00
poi-20-4	1.0	0.67	13.0	3	157.0	797	0.0	0.8440	1.0	797.00
poi-20-4	1.0	0.67	26.0	1	78.0	412	0.0	1.4533	471.0	412.00
poi-20-4	1.0	0.67	26.0	1	157.0	798	0.0	12.5914	5417.0	798.00
poi-20-4	1.0	0.67	26.0	2	78.0	433	0.0	2.3889	541.0	433.00
poi-20-4	1.0	0.67	26.0	2	157.0	827	0.0	13.1213	5395.0	827.00
poi-20-4	1.0	0.67	26.0	3	78.0	456	0.0	4.9905	1197.0	456.00
poi-20-4	1.0	0.67	26.0	3	157.0	831	0.0	25.5991	4976.0	831.00
poi-20-4	1.0	1.0	13.0	1	78.0	412	0.0	1.0343	453.0	412.00
poi-20-4	1.0	1.0	13.0	1	157.0	811	0.0	0.6744	120.0	811.00
poi-20-4	1.0	1.0	13.0	2	78.0	412	0.0	0.4908	253.0	412.00
poi-20-4	1.0	1.0	13.0	2	157.0	811	0.0	1.3421	243.0	811.00
poi-20-4	1.0	1.0	13.0	3	78.0	412	0.0	1.6094	392.0	412.00
poi-20-4	1.0	1.0	13.0	3	157.0	811	0.0	0.8033	140.0	811.00
poi-20-4	1.0	1.0	26.0	1	78.0	460	0.0	6.3702	1850.0	460.00
poi-20-4	1.0	1.0	26.0	1	157.0	863	0.0	44.6684	15189.0	863.00
poi-20-4	1.0	1.0	26.0	2	78.0	504	0.0	3.5783	1188.0	504.00
poi-20-4	1.0	1.0	26.0	2	157.0	917	0.0	29.4362	8898.0	917.00
poi-20-4	1.0	1.0	26.0	3	78.0	511	0.0	9.8940	2227.0	511.00
poi-20-4	1.0	1.0	26.0	3	157.0	950	0.0	37.8450	7596.0	950.00
poi-20-4	1.0	1.33	13.0	1	78.0	479	0.0	0.6264	255.0	479.00
poi-20-4	1.0	1.33	13.0	1	157.0	892	0.0	0.2412	105.0	892.00
poi-20-4	1.0	1.33	13.0	2	78.0	479	0.0	0.8175	110.0	479.00
poi-20-4	1.0	1.33	13.0	2	157.0	892	0.0	0.5973	98.0	892.00
poi-20-4	1.0	1.33	13.0	3	78.0	479	0.0	0.5091	47.0	479.00
poi-20-4	1.0	1.33	13.0	3	157.0	892	0.0	0.4792	41.0	892.00
poi-20-4	1.0	1.33	26.0	1	78.0	525	0.0	6.1287	1712.0	525.00
poi-20-4	1.0	1.33	26.0	1	157.0	1014	0.0	13.9565	3883.0	1014.00
poi-20-4	1.0	1.33	26.0	2	78.0	576	0.0	4.4601	1406.0	576.00
poi-20-4	1.0	1.33	26.0	2	157.0	1070	0.0	34.5188	10287.0	1070.00
poi-20-4	1.0	1.33	26.0	3	78.0	585	0.0	10.5761	2097.0	585.00
poi-20-4	1.0	1.33	26.0	3	157.0	1098	0.0	47.9747	9366.0	1098.00
poi-20-4	2.0	0.67	13.0	1	78.0	412	0.0	0.6163	44.0	412.00
poi-20-4	2.0	0.67	13.0	1	157.0	797	0.0	0.2053	1.0	797.00
poi-20-4	2.0	0.67	13.0	2	78.0	412	0.0	0.4765	31.0	412.00
poi-20-4	2.0	0.67	13.0	2	157.0	797	0.0	0.3594	1.0	797.00
poi-20-4	2.0	0.67	13.0	3	78.0	412	0.0	0.3628	49.0	412.00
poi-20-4	2.0	0.67	13.0	3	157.0	797	0.0	0.2401	1.0	797.00
poi-20-4	2.0	0.67	26.0	1	78.0	433	0.0	1.5227	581.0	433.00
poi-20-4	2.0	0.67	26.0	1	157.0	895	0.0	0.3689	1.0	895.00
poi-20-4	2.0	0.67	26.0	2	78.0	456	0.0	2.8714	329.0	456.00
poi-20-4	2.0	0.67	26.0	2	157.0	903	0.0	0.5633	1.0	903.00
poi-20-4	2.0	0.67	26.0	3	78.0	456	0.0	2.3386	277.0	456.00
poi-20-4	2.0	0.67	26.0	3	157.0	903	0.0	0.6881	1.0	903.00
poi-20-4	2.0	1.0	13.0	1	78.0	412	0.0	0.4177	138.0	412.00
poi-20-4	2.0	1.0	13.0	1	157.0	811	0.0	0.2876	84.0	811.00
poi-20-4	2.0	1.0	13.0	2	78.0	412	0.0	0.9822	215.0	412.00
poi-20-4	2.0	1.0	13.0	2	157.0	811	0.0	0.8367	50.0	811.00
poi-20-4	2.0	1.0	13.0	3	78.0	412	0.0	1.3443	236.0	412.00
poi-20-4	2.0	1.0	13.0	3	157.0	811	0.0	0.8660	29.0	811.00
poi-20-4	2.0	1.0	26.0	1	78.0	478	0.0	4.4038	1351.0	478.00
poi-20-4	2.0	1.0	26.0	1	157.0	979	0.0	3.4542	613.0	979.00
poi-20-4	2.0	1.0	26.0	2	78.0	520	0.0	2.5114	239.0	520.00
poi-20-4	2.0	1.0	26.0	2	157.0	998	0.0	2.9284	269.0	998.00
poi-20-4	2.0	1.0	26.0	3	78.0	520	0.0	1.9625	321.0	520.00
poi-20-4	2.0	1.0	26.0	3	157.0	998	0.0	3.4915	295.0	998.00
poi-20-4	2.0	1.33	13.0	1	78.0	479	0.0	0.4183	56.0	479.00
poi-20-4	2.0	1.33	13.0	1	157.0	892	0.0	0.4607	84.0	892.00
poi-20-4	2.0	1.33	13.0	2	78.0	479	0.0	0.3911	147.0	479.00
poi-20-4	2.0	1.33	13.0	2	157.0	892	0.0	0.6938	74.0	892.00
poi-20-4	2.0	1.33	13.0	3	78.0	479	0.0	0.5534	85.0	479.00
poi-20-4	2.0	1.33	13.0	3	157.0	892	0.0	0.8861	76.0	892.00
poi-20-4	2.0	1.33	26.0	1	78.0	553	0.0	1.6648	812.0	553.00
poi-20-4	2.0	1.33	26.0	1	157.0	1093	0.0	3.2078	711.0	1093.00
poi-20-4	2.0	1.33	26.0	2	78.0	608	0.0	2.7397	366.0	608.00
poi-20-4	2.0	1.33	26.0	2	157.0	1180	0.0	4.2719	426.0	1180.00
poi-20-4	2.0	1.33	26.0	3	78.0	623	0.0	4.0640	883.0	623.00
poi-20-4	2.0	1.33	26.0	3	157.0	1180	0.0	3.0473	734.0	1180.00
poi-20-5	1.0	0.67	13.0	1	74.0	303	0.0	0.3082	54.0	303.00
poi-20-5	1.0	0.67	13.0	1	149.0	726	0.0	0.2141	18.0	726.00
poi-20-5	1.0	0.67	13.0	2	74.0	303	0.0	0.2924	22.0	303.00
poi-20-5	1.0	0.67	13.0	2	149.0	726	0.0	0.5197	15.0	726.00
poi-20-5	1.0	0.67	13.0	3	74.0	303	0.0	0.3414	23.0	303.00
poi-20-5	1.0	0.67	13.0	3	149.0	726	0.0	0.4837	15.0	726.00
poi-20-5	1.0	0.67	26.0	1	74.0	334	0.0	0.5295	107.0	334.00
poi-20-5	1.0	0.67	26.0	1	149.0	763	0.0	1.5622	530.0	763.00
poi-20-5	1.0	0.67	26.0	2	74.0	334	0.0	1.2930	133.0	334.00
poi-20-5	1.0	0.67	26.0	2	149.0	763	0.0	4.9086	1125.0	763.00
poi-20-5	1.0	0.67	26.0	3	74.0	334	0.0	2.0175	266.0	334.00
poi-20-5	1.0	0.67	26.0	3	149.0	763	0.0	7.5122	3055.0	763.00
poi-20-5	1.0	1.0	13.0	1	74.0	333	0.0	0.6171	234.0	333.00
poi-20-5	1.0	1.0	13.0	1	149.0	762	0.0	1.0169	144.0	762.00
poi-20-5	1.0	1.0	13.0	2	74.0	333	0.0	0.2799	47.0	333.00
poi-20-5	1.0	1.0	13.0	2	149.0	762	0.0	0.8962	322.0	762.00
poi-20-5	1.0	1.0	13.0	3	74.0	333	0.0	0.8453	88.0	333.00
poi-20-5	1.0	1.0	13.0	3	149.0	762	0.0	0.9173	58.0	762.00
poi-20-5	1.0	1.0	26.0	1	74.0	380	0.0	1.3725	365.0	380.00
poi-20-5	1.0	1.0	26.0	1	149.0	824	0.0	32.4542	9163.0	824.00
poi-20-5	1.0	1.0	26.0	2	74.0	380	0.0	1.8020	138.0	380.00
poi-20-5	1.0	1.0	26.0	2	149.0	851	0.0	58.2802	15278.0	851.00
poi-20-5	1.0	1.0	26.0	3	74.0	380	0.0	3.0299	389.0	380.00
poi-20-5	1.0	1.0	26.0	3	149.0	853	0.0	24.2103	6459.0	853.00
poi-20-5	1.0	1.33	13.0	1	74.0	361	0.0	0.2344	50.0	361.00
poi-20-5	1.0	1.33	13.0	1	149.0	820	0.0	1.4613	932.0	820.00
poi-20-5	1.0	1.33	13.0	2	74.0	361	0.0	0.5375	165.0	361.00
poi-20-5	1.0	1.33	13.0	2	149.0	855	0.0	0.6179	141.0	855.00
poi-20-5	1.0	1.33	13.0	3	74.0	361	0.0	0.5454	173.0	361.00
poi-20-5	1.0	1.33	13.0	3	149.0	855	0.0	1.5150	692.0	855.00
poi-20-5	1.0	1.33	26.0	1	74.0	432	0.0	2.0078	411.0	432.00
poi-20-5	1.0	1.33	26.0	1	149.0	971	0.0	8.0194	3947.0	971.00
poi-20-5	1.0	1.33	26.0	2	74.0	456	0.0	3.9499	519.0	456.00
poi-20-5	1.0	1.33	26.0	2	149.0	1013	0.0	15.3755	3990.0	1013.00
poi-20-5	1.0	1.33	26.0	3	74.0	479	0.0	3.4228	533.0	479.00
poi-20-5	1.0	1.33	26.0	3	149.0	1020	0.0	32.3803	8659.0	1020.00
poi-20-5	2.0	0.67	13.0	1	74.0	303	0.0	0.3290	34.0	303.00
poi-20-5	2.0	0.67	13.0	1	149.0	726	0.0	0.2048	9.0	726.00
poi-20-5	2.0	0.67	13.0	2	74.0	303	0.0	0.3629	89.0	303.00
poi-20-5	2.0	0.67	13.0	2	149.0	726	0.0	0.2904	48.0	726.00
poi-20-5	2.0	0.67	13.0	3	74.0	303	0.0	0.8837	103.0	303.00
poi-20-5	2.0	0.67	13.0	3	149.0	726	0.0	0.2708	65.0	726.00
poi-20-5	2.0	0.67	26.0	1	74.0	341	0.0	0.9114	114.0	341.00
poi-20-5	2.0	0.67	26.0	1	149.0	785	0.0	1.2583	185.0	785.00
poi-20-5	2.0	0.67	26.0	2	74.0	387	0.0	0.7366	110.0	387.00
poi-20-5	2.0	0.67	26.0	2	149.0	785	0.0	1.0795	318.0	785.00
poi-20-5	2.0	0.67	26.0	3	74.0	425	0.0	0.5707	24.0	425.00
poi-20-5	2.0	0.67	26.0	3	149.0	785	0.0	1.1738	201.0	785.00
poi-20-5	2.0	1.0	13.0	1	74.0	333	0.0	0.4286	62.0	333.00
poi-20-5	2.0	1.0	13.0	1	149.0	762	0.0	0.4836	277.0	762.00
poi-20-5	2.0	1.0	13.0	2	74.0	333	0.0	0.4912	149.0	333.00
poi-20-5	2.0	1.0	13.0	2	149.0	762	0.0	0.6124	322.0	762.00
poi-20-5	2.0	1.0	13.0	3	74.0	333	0.0	0.4815	277.0	333.00
poi-20-5	2.0	1.0	13.0	3	149.0	762	0.0	1.5460	434.0	762.00
poi-20-5	2.0	1.0	26.0	1	74.0	390	0.0	0.9532	332.0	390.00
poi-20-5	2.0	1.0	26.0	1	149.0	868	0.0	1.9830	493.0	868.00
poi-20-5	2.0	1.0	26.0	2	74.0	460	0.0	0.8646	64.0	460.00
poi-20-5	2.0	1.0	26.0	2	149.0	902	0.0	1.2552	540.0	902.00
poi-20-5	2.0	1.0	26.0	3	74.0	517	0.0	0.7234	42.0	517.00
poi-20-5	2.0	1.0	26.0	3	149.0	902	0.0	1.8104	522.0	902.00
poi-20-5	2.0	1.33	13.0	1	74.0	361	0.0	0.3041	56.0	361.00
poi-20-5	2.0	1.33	13.0	1	149.0	843	0.0	0.8282	313.0	843.00
poi-20-5	2.0	1.33	13.0	2	74.0	361	0.0	0.3753	54.0	361.00
poi-20-5	2.0	1.33	13.0	2	149.0	863	0.0	0.3270	80.0	863.00
poi-20-5	2.0	1.33	13.0	3	74.0	361	0.0	0.8971	65.0	361.00
poi-20-5	2.0	1.33	13.0	3	149.0	863	0.0	0.6923	180.0	863.00
poi-20-5	2.0	1.33	26.0	1	74.0	456	0.0	2.2938	319.0	456.00
poi-20-5	2.0	1.33	26.0	1	149.0	1019	0.0	4.4996	1146.0	1019.00
poi-20-5	2.0	1.33	26.0	2	74.0	528	0.0	1.7047	200.0	528.00
poi-20-5	2.0	1.33	26.0	2	149.0	1079	0.0	4.1135	568.0	1079.00
poi-20-5	2.0	1.33	26.0	3	74.0	603	0.0	2.0070	59.0	603.00
poi-20-5	2.0	1.33	26.0	3	149.0	1088	0.0	3.7772	554.0	1088.00
poi-30-1	1.0	0.67	13.0	1	85.0	463	0.0	4.3520	360.0	463.00
poi-30-1	1.0	0.67	13.0	1	171.0	1062	0.0	2.9115	347.0	1062.00
poi-30-1	1.0	0.67	13.0	2	85.0	463	0.0	7.9604	1072.0	463.00
poi-30-1	1.0	0.67	13.0	2	171.0	1062	0.0	4.6424	349.0	1062.00
poi-30-1	1.0	0.67	13.0	3	85.0	474	0.0	11.1650	1764.0	474.00
poi-30-1	1.0	0.67	13.0	3	171.0	1062	0.0	7.6837	1271.0	1062.00
poi-30-1	1.0	0.67	26.0	1	85.0	510	0.0	72.1857	10439.0	510.00
poi-30-1	1.0	0.67	26.0	1	171.0	1107	0.0	947.6326	36906.0	1107.00
poi-30-1	1.0	0.67	26.0	2	85.0	566	0.0	179.5880	16034.0	566.00
poi-30-1	1.0	0.67	26.0	2	171.0	0	0.04035874439461883	3602.3400	80804.0	1160.00
poi-30-1	1.0	0.67	26.0	3	85.0	568	0.0	320.9398	29098.0	568.00
poi-30-1	1.0	0.67	26.0	3	171.0	0	0.0718835304822566	3619.1269	80009.0	1178.00
poi-30-1	1.0	1.0	13.0	1	85.0	500	0.0	99.0250	3101.0	500.00
poi-30-1	1.0	1.0	13.0	1	171.0	1110	0.0	60.5531	1647.0	1110.00
poi-30-1	1.0	1.0	13.0	2	85.0	517	0.0	93.3529	2300.0	517.00
poi-30-1	1.0	1.0	13.0	2	171.0	1110	0.0	76.3914	2684.0	1110.00
poi-30-1	1.0	1.0	13.0	3	85.0	557	0.0	61.4069	1502.0	557.00
poi-30-1	1.0	1.0	13.0	3	171.0	1110	0.0	141.5138	4190.0	1110.00
poi-30-1	1.0	1.0	26.0	1	85.0	572	0.0	1318.4154	20409.0	572.00
poi-30-1	1.0	1.0	26.0	1	171.0	0	0.09776304888152444	3611.8103	23185.0	1325.00
poi-30-1	1.0	1.0	26.0	2	85.0	0	0.005943536404160475	3667.3347	46964.0	677.00
poi-30-1	1.0	1.0	26.0	2	171.0	0	0.19059613769941225	3618.4577	13788.0	1418.00
poi-30-1	1.0	1.0	26.0	3	85.0	677	0.0	1342.3218	8913.0	677.00
poi-30-1	1.0	1.0	26.0	3	171.0	0	0.34375	3612.1940	16023.0	1419.00
poi-30-1	1.0	1.33	13.0	1	85.0	574	0.0	44.8842	705.0	574.00
poi-30-1	1.0	1.33	13.0	1	171.0	1233	0.0	48.3596	2135.0	1233.00
poi-30-1	1.0	1.33	13.0	2	85.0	641	0.0	54.0851	1007.0	641.00
poi-30-1	1.0	1.33	13.0	2	171.0	1253	0.0	79.1651	2060.0	1253.00
poi-30-1	1.0	1.33	13.0	3	85.0	647	0.0	82.5896	2396.0	647.00
poi-30-1	1.0	1.33	13.0	3	171.0	1253	0.0	142.6554	3944.0	1253.00
poi-30-1	1.0	1.33	26.0	1	85.0	669	0.0	1929.3199	31728.0	669.00
poi-30-1	1.0	1.33	26.0	1	171.0	0	0.10763636363636364	3610.8678	31513.0	1523.00
poi-30-1	1.0	1.33	26.0	2	85.0	836	0.0	2670.6644	29242.0	836.00
poi-30-1	1.0	1.33	26.0	2	171.0	0	0.24785714285714286	3602.5041	11896.0	1747.00
poi-30-1	1.0	1.33	26.0	3	85.0	865	0.0	2324.9889	19703.0	865.00
poi-30-1	1.0	1.33	26.0	3	171.0	0	0.36700077101002315	3606.7754	8747.0	1773.00
poi-30-1	2.0	0.67	13.0	1	85.0	486	0.0	22.1686	211.0	486.00
poi-30-1	2.0	0.67	13.0	1	171.0	1071	0.0	12.3263	166.0	1071.00
poi-30-1	2.0	0.67	13.0	2	85.0	486	0.0	32.4420	417.0	486.00
poi-30-1	2.0	0.67	13.0	2	171.0	1073	0.0	30.4515	148.0	1073.00
poi-30-1	2.0	0.67	13.0	3	85.0	486	0.0	49.7977	1255.0	486.00
poi-30-1	2.0	0.67	13.0	3	171.0	1073	0.0	24.4417	100.0	1073.00
poi-30-1	2.0	0.67	26.0	1	85.0	590	0.0	82.0161	673.0	590.00
poi-30-1	2.0	0.67	26.0	1	171.0	1204	0.0	101.5887	898.0	1204.00
poi-30-1	2.0	0.67	26.0	2	85.0	619	0.0	87.5612	479.0	619.00
poi-30-1	2.0	0.67	26.0	2	171.0	1231	0.0	184.9198	1734.0	1231.00
poi-30-1	2.0	0.67	26.0	3	85.0	626	0.0	240.1811	1744.0	626.00
poi-30-1	2.0	0.67	26.0	3	171.0	1231	0.0	147.6287	1791.0	1231.00
poi-30-1	2.0	1.0	13.0	1	85.0	557	0.0	22.1583	243.0	557.00
poi-30-1	2.0	1.0	13.0	1	171.0	1119	0.0	23.4903	771.0	1119.00
poi-30-1	2.0	1.0	13.0	2	85.0	561	0.0	11.8595	344.0	561.00
poi-30-1	2.0	1.0	13.0	2	171.0	1123	0.0	41.1708	1127.0	1123.00
poi-30-1	2.0	1.0	13.0	3	85.0	561	0.0	34.0543	516.0	561.00
poi-30-1	2.0	1.0	13.0	3	171.0	1123	0.0	137.2754	4484.0	1123.00
poi-30-1	2.0	1.0	26.0	1	85.0	705	0.0	129.7337	1360.0	705.00
poi-30-1	2.0	1.0	26.0	1	171.0	1367	0.0	398.0487	4605.0	1367.00
poi-30-1	2.0	1.0	26.0	2	85.0	758	0.0	168.3423	858.0	758.00
poi-30-1	2.0	1.0	26.0	2	171.0	1417	0.0	519.7936	4055.0	1417.00
poi-30-1	2.0	1.0	26.0	3	85.0	808	0.0	204.8756	1641.0	808.00
poi-30-1	2.0	1.0	26.0	3	171.0	1417	0.0	375.2592	2927.0	1417.00
poi-30-1	2.0	1.33	13.0	1	85.0	634	0.0	78.7878	2383.0	634.00
poi-30-1	2.0	1.33	13.0	1	171.0	1266	0.0	41.9872	1957.0	1266.00
poi-30-1	2.0	1.33	13.0	2	85.0	669	0.0	31.2384	641.0	669.00
poi-30-1	2.0	1.33	13.0	2	171.0	1293	0.0	42.6274	1118.0	1293.00
poi-30-1	2.0	1.33	13.0	3	85.0	680	0.0	11.2108	219.0	680.00
poi-30-1	2.0	1.33	13.0	3	171.0	1293	0.0	53.3873	1189.0	1293.00
poi-30-1	2.0	1.33	26.0	1	85.0	836	0.0	142.2783	1431.0	836.00
poi-30-1	2.0	1.33	26.0	1	171.0	1620	0.0	842.4911	8629.0	1620.00
poi-30-1	2.0	1.33	26.0	2	85.0	937	0.0	173.0707	1203.0	937.00
poi-30-1	2.0	1.33	26.0	2	171.0	1735	0.0	984.6897	6927.0	1735.00
poi-30-1	2.0	1.33	26.0	3	85.0	980	0.0	167.5332	1140.0	980.00
poi-30-1	2.0	1.33	26.0	3	171.0	1753	0.0	1338.5512	6274.0	1753.00
poi-30-2	1.0	0.67	12.0	1	95.0	648	0.0	13.4943	186.0	648.00
poi-30-2	1.0	0.67	12.0	1	190.0	1199	0.0	6.8460	66.0	1199.00
poi-30-2	1.0	0.67	12.0	2	95.0	648	0.0	22.5194	165.0	648.00
poi-30-2	1.0	0.67	12.0	2	190.0	1199	0.0	28.4373	633.0	1199.00
poi-30-2	1.0	0.67	12.0	3	95.0	648	0.0	22.5823	329.0	648.00
poi-30-2	1.0	0.67	12.0	3	190.0	1199	0.0	16.4994	99.0	1199.00
poi-30-2	1.0	0.67	25.0	1	95.0	660	0.0	346.3957	5233.0	660.00
poi-30-2	1.0	0.67	25.0	1	190.0	1253	0.0	1848.7121	20980.0	1253.00
poi-30-2	1.0	0.67	25.0	2	95.0	699	0.0	1636.9681	20080.0	699.00
