name	alpha	beta	L	m	T	OBJ	GAP	CPU	Nodes	obj_bound
poi-30-1	1.0	0.67	13.0	1	171.0	1062	0.0	9.4185	183.0	1062.00
poi-30-1	1.0	0.67	13.0	2	171.0	1062	0.0	17.3822	505.0	1062.00
poi-30-1	1.0	0.67	13.0	1	85.0	463	0.0	18.9136	564.0	463.00
poi-30-1	1.0	0.67	13.0	3	171.0	1062	0.0	22.6388	853.0	1062.00
poi-30-1	1.0	0.67	13.0	2	85.0	463	0.0	33.8029	631.0	463.00
poi-30-1	1.0	0.67	13.0	3	85.0	463	0.0	60.0898	2651.0	463.00
poi-30-1	1.0	1.0	13.0	1	85.0	494	0.0	59.2418	2865.0	494.00
poi-30-1	1.0	1.0	13.0	1	171.0	1110	0.0	44.0213	2485.0	1110.00
poi-30-1	1.0	1.0	13.0	2	85.0	500	0.0	48.3420	2849.0	500.00
poi-30-1	1.0	1.0	13.0	2	171.0	1110	0.0	49.1040	3323.0	1110.00
poi-30-1	1.0	1.0	13.0	3	85.0	540	0.0	93.7569	5688.0	540.00
poi-30-1	1.0	1.0	13.0	3	171.0	1110	0.0	99.3883	7075.0	1110.00
poi-30-1	1.0	0.67	26.0	1	85.0	507	0.0	453.0910	10002.0	507.00
poi-30-1	1.0	0.67	26.0	2	85.0	564	0.0	1141.3488	17988.0	564.00
poi-30-1	1.0	1.0	26.0	1	85.0	572	0.0	1318.6733	31273.0	572.00
poi-30-1	1.0	0.67	26.0	1	171.0	1107	0.0	1650.1681	17523.0	1107.00
poi-30-1	1.0	0.67	26.0	3	85.0	568	0.0	2593.8046	38715.0	568.00
poi-30-1	1.0	1.33	13.0	1	85.0	568	0.0	53.1468	1485.0	568.00
poi-30-1	1.0	1.33	13.0	1	171.0	1220	0.0	52.3087	3494.0	1220.00
poi-30-1	1.0	1.33	13.0	2	85.0	588	0.0	46.8247	2153.0	588.00
poi-30-1	1.0	1.0	26.0	3	85.0	677	0.0	1257.8965	10853.0	677.00
poi-30-1	1.0	1.33	13.0	2	171.0	1239	0.0	104.7480	4808.0	1239.00
poi-30-1	1.0	1.0	26.0	2	85.0	677	0.0	2429.3406	31215.0	677.00
poi-30-1	1.0	1.33	13.0	3	85.0	619	0.0	99.2658	4773.0	619.00
poi-30-1	1.0	1.33	13.0	3	171.0	1253	0.0	170.4828	7583.0	1253.00
poi-30-1	1.0	0.67	26.0	3	171.0	0	0.32247557003257327	3617.9797	31834.0	1218.00
poi-30-1	1.0	0.67	26.0	2	171.0	0	0.12417685794920037	3628.2393	27116.0	1195.00
poi-30-1	1.0	1.0	26.0	1	171.0	0	0.0922165820642978	3600.8827	36507.0	1291.00
poi-30-1	1.0	1.33	26.0	1	85.0	669	0.0	1241.6006	30385.0	669.00
poi-30-1	2.0	0.67	13.0	1	85.0	486	0.0	8.3338	472.0	486.00
poi-30-1	2.0	0.67	13.0	1	171.0	1071	0.0	4.3971	39.0	1071.00
poi-30-1	2.0	0.67	13.0	2	85.0	486	0.0	9.5702	467.0	486.00
poi-30-1	2.0	0.67	13.0	2	171.0	1073	0.0	8.6440	148.0	1073.00
poi-30-1	2.0	0.67	13.0	3	85.0	486	0.0	38.4249	1573.0	486.00
poi-30-1	2.0	0.67	13.0	3	171.0	1073	0.0	13.6754	100.0	1073.00
poi-30-1	2.0	0.67	26.0	1	85.0	590	0.0	21.5568	298.0	590.00
poi-30-1	2.0	0.67	26.0	1	171.0	1204	0.0	46.4424	1110.0	1204.00
poi-30-1	2.0	0.67	26.0	2	85.0	619	0.0	64.5195	598.0	619.00
poi-30-1	2.0	0.67	26.0	2	171.0	1231	0.0	82.1103	1856.0	1231.00
poi-30-1	2.0	0.67	26.0	3	85.0	626	0.0	158.0463	1813.0	626.00
poi-30-1	1.0	1.0	26.0	2	171.0	0	0.2684258416742493	3607.1229	16865.0	1394.00
poi-30-1	2.0	1.0	13.0	1	85.0	557	0.0	14.9428	523.0	557.00
poi-30-1	2.0	1.0	13.0	1	171.0	1119	0.0	21.1200	908.0	1119.00
poi-30-1	2.0	1.0	13.0	2	85.0	557	0.0	12.9079	678.0	557.00
poi-30-1	2.0	1.0	13.0	2	171.0	1123	0.0	30.5196	1031.0	1123.00
poi-30-1	2.0	1.0	13.0	3	85.0	561	0.0	20.5274	719.0	561.00
poi-30-1	2.0	0.67	26.0	3	171.0	1231	0.0	307.6940	3046.0	1231.00
poi-30-1	2.0	1.0	13.0	3	171.0	1123	0.0	81.5271	5208.0	1123.00
poi-30-1	1.0	1.33	26.0	2	85.0	832	0.0	1939.2092	29025.0	832.00
poi-30-1	2.0	1.0	26.0	1	85.0	702	0.0	73.1430	1332.0	702.00
poi-30-1	2.0	1.0	26.0	2	85.0	758	0.0	161.5320	1433.0	758.00
poi-30-1	2.0	1.0	26.0	1	171.0	1367	0.0	237.3165	4193.0	1367.00
poi-30-1	1.0	1.0	26.0	3	171.0	0	0.1897565071368596	3615.6088	18320.0	1417.00
poi-30-1	2.0	1.33	13.0	1	85.0	634	0.0	34.3754	1165.0	634.00
poi-30-1	2.0	1.0	26.0	2	171.0	1417	0.0	298.0079	3441.0	1417.00
poi-30-1	2.0	1.0	26.0	3	85.0	808	0.0	159.4042	1424.0	808.00
poi-30-1	2.0	1.33	13.0	2	85.0	658	0.0	31.4207	844.0	658.00
poi-30-1	2.0	1.33	13.0	1	171.0	1251	0.0	48.8230	2238.0	1251.00
poi-30-1	2.0	1.33	13.0	2	171.0	1290	0.0	33.7922	986.0	1290.00
poi-30-1	2.0	1.33	13.0	3	85.0	680	0.0	16.8759	447.0	680.00
poi-30-1	2.0	1.33	13.0	3	171.0	1293	1.52461698847086e-13	36.1301	1139.0	1293.00
poi-30-1	2.0	1.33	26.0	1	85.0	836	0.0	61.5629	1014.0	836.00
poi-30-1	2.0	1.0	26.0	3	171.0	1417	0.0	352.4198	3850.0	1417.00
poi-30-1	2.0	1.33	26.0	2	85.0	912	0.0	180.0188	1948.0	912.00
poi-30-1	2.0	1.33	26.0	3	85.0	980	0.0	202.4727	2182.0	980.00
poi-30-2	1.0	0.67	12.0	1	95.0	641	0.0	6.8687	183.0	641.00
poi-30-2	1.0	0.67	12.0	1	190.0	1164	0.0	12.2194	284.0	1164.00
poi-30-1	2.0	1.33	26.0	1	171.0	1620	0.0	422.7486	6601.0	1620.00
poi-30-2	1.0	0.67	12.0	2	95.0	641	0.0	18.8251	261.0	641.00
poi-30-2	1.0	0.67	12.0	2	190.0	1199	0.0	17.7079	588.0	1199.00
poi-30-2	1.0	0.67	12.0	3	95.0	648	0.0	11.3800	419.0	648.00
poi-30-2	1.0	0.67	12.0	3	190.0	1199	0.0	6.8322	123.0	1199.00
poi-30-2	1.0	0.67	25.0	1	95.0	654	0.0	167.9901	6678.0	654.00
poi-30-1	1.0	1.33	26.0	3	85.0	865	0.0	2858.0025	34120.0	865.00
poi-30-1	1.0	1.33	26.0	1	171.0	0	0.08714596949891068	3674.0498	62072.0	1497.00
poi-30-1	2.0	1.33	26.0	2	171.0	1735	0.0	1169.3606	5333.0	1735.00
poi-30-1	2.0	1.33	26.0	3	171.0	1753	0.0	1308.2014	6776.0	1753.00
poi-30-2	1.0	1.0	12.0	1	95.0	657	0.0	22.6570	1531.0	657.00
poi-30-2	1.0	1.0	12.0	1	190.0	1201	0.0	54.9377	2709.0	1201.00
poi-30-2	1.0	1.0	12.0	2	95.0	680	0.0	25.9110	1169.0	680.00
poi-30-2	1.0	1.0	12.0	2	190.0	1255	0.0	20.7804	954.0	1255.00
poi-30-2	1.0	1.0	12.0	3	95.0	680	0.0	19.1355	223.0	680.00
poi-30-2	1.0	1.0	12.0	3	190.0	1255	0.0	14.7923	1039.0	1255.00
poi-30-1	1.0	1.33	26.0	2	171.0	0	0.20224719101123595	3602.0452	12118.0	1712.00
poi-30-2	1.0	0.67	25.0	2	95.0	678	0.0	1455.0208	27046.0	678.00
poi-30-1	1.0	1.33	26.0	3	171.0	0	0.1644474034620506	3607.5718	12723.0	1749.00
poi-30-2	1.0	0.67	25.0	3	95.0	714	0.0	912.6284	17419.0	714.00
poi-30-2	1.0	0.67	25.0	1	190.0	1251	0.0	1928.4916	33085.0	1251.00
poi-30-2	1.0	1.0	25.0	1	95.0	701	0.0	834.1132	29821.0	701.00
poi-30-2	1.0	1.33	12.0	1	95.0	755	0.0	10.8859	398.0	755.00
poi-30-2	1.0	1.33	12.0	1	190.0	1311	0.0	35.9321	2774.0	1311.00
poi-30-2	1.0	1.33	12.0	2	95.0	778	0.0	23.9028	398.0	778.00
poi-30-2	1.0	1.33	12.0	2	190.0	1366	0.0	11.8986	439.0	1366.00
poi-30-2	1.0	1.33	12.0	3	95.0	785	0.0	15.5507	468.0	785.00
poi-30-2	1.0	1.33	12.0	3	190.0	1366	0.0	23.4511	929.0	1366.00
poi-30-2	1.0	0.67	25.0	2	190.0	1264	0.0	1787.2151	27899.0	1264.00
poi-30-2	1.0	1.0	25.0	2	95.0	832	0.0	951.6164	16162.0	832.00
poi-30-2	1.0	1.33	25.0	1	95.0	829	0.0	577.0637	16958.0	829.00
poi-30-2	1.0	1.33	25.0	2	95.0	1015	0.0	973.7552	14483.0	1015.00
poi-30-2	1.0	1.0	25.0	3	190.0	1410	0.0	1876.2621	16848.0	1410.00
poi-30-2	1.0	0.67	25.0	3	190.0	0	0.0031645569620251364	3707.6562	76107.0	1268.00
poi-30-2	2.0	0.67	12.0	1	95.0	654	0.0	19.5481	114.0	654.00
poi-30-2	2.0	0.67	12.0	1	190.0	1209	0.0	4.4895	31.0	1209.00
poi-30-2	2.0	0.67	12.0	2	95.0	654	0.0	4.3541	94.0	654.00
poi-30-2	2.0	0.67	12.0	2	190.0	1209	0.0	6.8287	1.0	1209.00
poi-30-2	2.0	0.67	12.0	3	95.0	654	0.0	8.9027	322.0	654.00
poi-30-2	2.0	0.67	12.0	3	190.0	1209	0.0	12.0432	15.0	1209.00
poi-30-2	2.0	0.67	25.0	1	95.0	805	0.0	42.9946	587.0	805.00
poi-30-2	2.0	0.67	25.0	1	190.0	1281	0.0	28.9239	535.0	1281.00
poi-30-2	2.0	0.67	25.0	2	95.0	890	0.0	63.8241	1000.0	890.00
poi-30-2	2.0	0.67	25.0	2	190.0	1281	0.0	71.9027	892.0	1281.00
poi-30-2	2.0	0.67	25.0	3	95.0	902	0.0	108.0133	1082.0	902.00
poi-30-2	2.0	0.67	25.0	3	190.0	1281	0.0	77.0405	1474.0	1281.00
poi-30-2	2.0	1.0	12.0	1	95.0	680	0.0	5.6324	287.0	680.00
poi-30-2	2.0	1.0	12.0	1	190.0	1268	0.0	8.9769	106.0	1268.00
poi-30-2	2.0	1.0	12.0	2	95.0	680	0.0	15.4571	407.0	680.00
poi-30-2	2.0	1.0	12.0	2	190.0	1268	0.0	4.7536	182.0	1268.00
poi-30-2	2.0	1.0	12.0	3	95.0	680	0.0	26.4256	357.0	680.00
poi-30-2	1.0	1.0	25.0	1	190.0	0	0.06415094339583413	3615.0715	31275.0	1410.00
poi-30-2	2.0	1.0	12.0	3	190.0	1268	0.0	18.7805	321.0	1268.00
poi-30-2	2.0	1.0	25.0	1	95.0	935	0.0	54.4261	900.0	935.00
poi-30-2	2.0	1.0	25.0	1	190.0	1410	0.0	72.7277	1146.0	1410.00
poi-30-2	2.0	1.0	25.0	2	95.0	1067	0.0	77.0337	907.0	1067.00
poi-30-2	1.0	1.0	25.0	2	190.0	0	0.016582552270630165	3617.8789	30270.0	1410.00
poi-30-2	2.0	1.0	25.0	3	95.0	1067	0.0	86.7940	825.0	1067.00
poi-30-2	2.0	1.33	12.0	1	95.0	785	0.0	13.2015	283.0	785.00
poi-30-2	2.0	1.33	12.0	1	190.0	1366	0.0	7.4773	1.0	1366.00
poi-30-2	2.0	1.0	25.0	3	190.0	1410	0.0	27.8139	1.0	1410.00
poi-30-2	2.0	1.33	12.0	2	95.0	785	0.0	11.1412	132.0	785.00
poi-30-2	2.0	1.33	12.0	2	190.0	1366	0.0	22.1031	139.0	1366.00
poi-30-2	1.0	1.0	25.0	3	95.0	0	0.003571428571428436	3623.0049	63025.0	843.00
poi-30-2	2.0	1.33	12.0	3	95.0	785	0.0	18.3670	260.0	785.00
poi-30-2	2.0	1.33	12.0	3	190.0	1366	0.0	10.4288	396.0	1366.00
poi-30-2	2.0	1.33	25.0	1	95.0	1088	0.0	24.8311	745.0	1088.00
poi-30-2	2.0	1.33	25.0	2	95.0	1305	0.0	100.0543	657.0	1305.00
poi-30-2	2.0	1.33	25.0	1	190.0	1721	0.0	111.1936	3599.0	1721.00
poi-30-2	2.0	1.33	25.0	2	190.0	1787	0.0	96.6560	1051.0	1787.00
poi-30-3	1.0	0.67	12.0	1	86.0	452	0.0	6.8915	240.0	452.00
poi-30-3	1.0	0.67	12.0	1	172.0	1146	0.0	28.9807	295.0	1146.00
poi-30-2	2.0	1.33	25.0	3	190.0	1789	0.0	44.6419	366.0	1789.00
poi-30-3	1.0	0.67	12.0	2	86.0	460	0.0	19.6568	170.0	460.00
poi-30-3	1.0	0.67	12.0	2	172.0	1152	0.0	24.1098	1250.0	1152.00
poi-30-3	1.0	0.67	12.0	3	172.0	1156	0.0	18.9770	104.0	1156.00
poi-30-3	1.0	0.67	12.0	3	86.0	466	0.0	29.7682	306.0	466.00
poi-30-2	2.0	1.0	25.0	2	190.0	1410	0.0	423.5811	3652.0	1410.00
poi-30-2	2.0	1.33	25.0	3	95.0	1324	0.0	183.8465	2395.0	1324.00
poi-30-2	1.0	1.33	25.0	3	95.0	1030	0.0	2076.5569	28480.0	1030.00
poi-30-3	1.0	0.67	24.0	1	86.0	531	0.0	117.2849	3278.0	531.00
poi-30-2	1.0	1.33	25.0	1	190.0	0	0.07232084155161078	3640.8815	66240.0	1631.00
poi-30-3	1.0	1.0	12.0	1	86.0	487	0.0	33.1842	1082.0	487.00
poi-30-3	1.0	1.0	12.0	1	172.0	1198	0.0	36.7776	1430.0	1198.00
poi-30-3	1.0	1.0	12.0	2	86.0	487	0.0	45.8226	2361.0	487.00
poi-30-3	1.0	1.0	12.0	2	172.0	1215	0.0	39.8304	2258.0	1215.00
poi-30-3	1.0	1.0	12.0	3	86.0	487	0.0	14.9082	772.0	487.00
poi-30-3	1.0	0.67	24.0	2	86.0	540	0.0	782.8309	13895.0	540.00
poi-30-3	1.0	1.0	12.0	3	172.0	1221	0.0	56.6395	3584.0	1221.00
poi-30-2	1.0	1.33	25.0	2	190.0	0	0.013753581661891117	3634.9404	44249.0	1769.00
poi-30-3	1.0	0.67	24.0	1	172.0	1277	0.0	914.1259	22534.0	1277.00
poi-30-3	1.0	1.0	24.0	1	86.0	613	0.0	147.9552	4183.0	613.00
poi-30-2	1.0	1.33	25.0	3	190.0	0	0.011898016996973002	3602.8036	43933.0	1786.00
poi-30-3	1.0	1.0	24.0	2	86.0	627	0.0	1488.6224	29730.0	627.00
poi-30-3	1.0	1.33	12.0	1	86.0	519	0.0	74.6094	4132.0	519.00
poi-30-3	1.0	1.33	12.0	1	172.0	1309	0.0	56.1830	3130.0	1309.00
poi-30-3	1.0	1.33	12.0	2	86.0	521	0.0	17.2941	703.0	521.00
poi-30-3	1.0	1.33	12.0	2	172.0	1333	0.0	68.5195	3491.0	1333.00
poi-30-3	1.0	1.33	12.0	3	86.0	521	0.0	18.0828	509.0	521.00
poi-30-3	1.0	1.33	12.0	3	172.0	1336	0.0	50.5067	2911.0	1336.00
poi-30-3	1.0	1.33	24.0	1	86.0	718	0.0	200.7950	5097.0	718.00
poi-30-3	1.0	0.67	24.0	2	172.0	0	0.013888888888888888	3623.5250	29020.0	1314.00
poi-30-3	1.0	0.67	24.0	3	172.0	0	0.3465447154471545	3611.0036	36662.0	1325.00
poi-30-3	1.0	0.67	24.0	3	86.0	0	0.06422018348623644	3687.3131	63710.0	580.00
poi-30-3	1.0	1.0	24.0	1	172.0	0	0.011188811188811189	3605.4926	58915.0	1446.00
poi-30-3	1.0	1.0	24.0	2	172.0	0	0.004854368931515024	3642.2260	25948.0	1449.00
poi-30-3	2.0	0.67	12.0	1	86.0	460	0.0	7.7999	202.0	460.00
poi-30-3	2.0	0.67	12.0	1	172.0	1165	0.0	19.2967	246.0	1165.00
poi-30-3	2.0	0.67	12.0	2	86.0	466	0.0	15.0486	295.0	466.00
poi-30-3	2.0	0.67	12.0	2	172.0	1166	0.0	6.8088	334.0	1166.00
poi-30-3	2.0	0.67	12.0	3	86.0	466	0.0	21.1935	408.0	466.00
poi-30-3	2.0	0.67	12.0	3	172.0	1166	0.0	18.8343	478.0	1166.00
poi-30-3	2.0	0.67	24.0	1	86.0	601	0.0	62.5832	1208.0	601.00
poi-30-3	1.0	1.0	24.0	3	86.0	0	0.1483253588516741	3830.0566	54803.0	720.00
poi-30-3	2.0	0.67	24.0	1	172.0	1321	0.0	73.0429	2476.0	1321.00
poi-30-3	2.0	0.67	24.0	2	172.0	1330	0.0	72.5554	1143.0	1330.00
poi-30-3	2.0	0.67	24.0	2	86.0	607	0.0	161.0874	2857.0	607.00
poi-30-3	2.0	0.67	24.0	3	86.0	607	0.0	115.3890	1523.0	607.00
poi-30-3	2.0	1.0	12.0	1	86.0	487	0.0	18.9331	628.0	487.00
poi-30-3	2.0	1.0	12.0	1	172.0	1225	0.0	10.2158	56.0	1225.00
poi-30-3	2.0	0.67	24.0	3	172.0	1330	0.0	101.5391	1751.0	1330.00
poi-30-3	2.0	1.0	12.0	2	86.0	506	0.0	40.0703	340.0	506.00
poi-30-3	2.0	1.0	12.0	2	172.0	1225	0.0	23.8561	1003.0	1225.00
poi-30-3	2.0	1.0	12.0	3	86.0	506	0.0	23.0709	640.0	506.00
poi-30-3	2.0	1.0	12.0	3	172.0	1225	0.0	43.9745	551.0	1225.00
poi-30-3	2.0	1.0	24.0	1	172.0	1449	0.0	41.6303	445.0	1449.00
poi-30-3	2.0	1.0	24.0	1	86.0	711	0.0	101.4263	1920.0	711.00
poi-30-3	1.0	1.33	24.0	2	86.0	779	0.0	1595.1579	26951.0	779.00
poi-30-3	2.0	1.0	24.0	2	172.0	1449	0.0	202.3272	2357.0	1449.00
poi-30-3	2.0	1.0	24.0	3	86.0	720	0.0	134.0406	1484.0	720.00
poi-30-3	2.0	1.33	12.0	1	86.0	519	0.0	25.5340	1078.0	519.00
poi-30-3	1.0	1.0	24.0	3	172.0	0	0.1094946401217021	3602.2537	25207.0	1449.00
poi-30-3	2.0	1.33	12.0	1	172.0	1343	0.0	17.9462	804.0	1343.00
poi-30-3	2.0	1.33	12.0	2	86.0	586	0.0	23.1916	916.0	586.00
poi-30-3	2.0	1.33	12.0	2	172.0	1347	0.0	22.9184	658.0	1347.00
poi-30-3	2.0	1.33	12.0	3	172.0	1347	0.0	15.0682	952.0	1347.00
poi-30-3	2.0	1.33	12.0	3	86.0	586	0.0	35.7271	2760.0	586.00
poi-30-3	2.0	1.0	24.0	2	86.0	720	0.0	384.2322	6303.0	720.00
poi-30-3	2.0	1.33	24.0	1	86.0	852	0.0	40.6191	1145.0	852.00
poi-30-3	2.0	1.33	24.0	1	172.0	1760	0.0	59.4198	1525.0	1760.00
poi-30-3	2.0	1.33	24.0	2	172.0	1846	0.0	81.8675	1508.0	1846.00
poi-30-3	2.0	1.33	24.0	3	172.0	1862	0.0	11.0895	5.0	1862.00
poi-30-4	1.0	0.67	11.0	1	91.0	798	0.0	11.4739	664.0	798.00
poi-30-4	1.0	0.67	11.0	1	183.0	1211	0.0	20.0680	26.0	1211.00
poi-30-4	1.0	0.67	11.0	2	91.0	798	0.0	21.1634	580.0	798.00
poi-30-4	1.0	0.67	11.0	2	183.0	1211	0.0	9.5184	97.0	1211.00
poi-30-4	1.0	0.67	11.0	3	91.0	798	0.0	24.7470	578.0	798.00
poi-30-3	2.0	1.33	24.0	2	86.0	901	0.0	203.7446	2290.0	901.00
poi-30-4	1.0	0.67	11.0	3	183.0	1211	0.0	18.9661	419.0	1211.00
poi-30-4	1.0	0.67	23.0	1	183.0	1215	0.0	26.2566	174.0	1215.00
poi-30-3	2.0	1.33	24.0	3	86.0	907	0.0	237.0122	2437.0	907.00
poi-30-4	1.0	0.67	23.0	2	183.0	1215	0.0	307.6436	10455.0	1215.00
poi-30-3	2.0	1.0	24.0	3	172.0	1449	0.0	889.9554	3472.0	1449.00
poi-30-3	1.0	1.33	24.0	1	172.0	0	0.09757694826457106	3627.9715	60801.0	1676.00
poi-30-4	1.0	1.0	11.0	1	91.0	842	0.0	34.4868	1078.0	842.00
poi-30-4	1.0	1.0	11.0	1	183.0	1226	0.0	21.7945	1187.0	1226.00
poi-30-4	1.0	1.0	11.0	2	91.0	842	0.0	21.5962	1622.0	842.00
poi-30-4	1.0	0.67	23.0	3	183.0	1217	0.0	292.9917	5929.0	1217.00
poi-30-4	1.0	1.0	11.0	2	183.0	1226	0.0	26.6174	1764.0	1226.00
poi-30-4	1.0	1.0	11.0	3	183.0	1226	0.0	36.1104	2353.0	1226.00
poi-30-4	1.0	1.0	11.0	3	91.0	842	0.0	59.6652	2811.0	842.00
poi-30-4	1.0	0.67	23.0	1	91.0	852	0.0	1378.2558	27795.0	852.00
poi-30-3	1.0	1.33	24.0	2	172.0	0	0.02072829131652661	3607.1902	44996.0	1822.00
poi-30-3	1.0	1.33	24.0	3	86.0	0	0.08104738154613438	4008.6566	63753.0	867.00
poi-30-3	1.0	1.33	24.0	3	172.0	1841	0.0	3526.3584	32109.0	1841.00
poi-30-4	1.0	0.67	23.0	2	91.0	0	0.06538895152198422	3616.5425	32163.0	945.00
poi-30-4	1.0	1.33	11.0	1	91.0	911	0.0	24.6576	1891.0	911.00
poi-30-4	1.0	1.33	11.0	1	183.0	1401	0.0	35.9350	2507.0	1401.00
poi-30-4	1.0	1.33	11.0	2	91.0	937	0.0	40.2664	1942.0	937.00
poi-30-4	1.0	1.33	11.0	2	183.0	1425	0.0	29.0273	1460.0	1425.00
poi-30-4	1.0	1.33	11.0	3	91.0	937	0.0	57.7126	3178.0	937.00
poi-30-4	1.0	1.33	11.0	3	183.0	1427	0.0	20.0861	1852.0	1427.00
poi-30-4	1.0	0.67	23.0	3	91.0	0	0.07726763717805152	3601.3588	38801.0	962.00
poi-30-4	1.0	1.0	23.0	1	183.0	0	0.043408360128617	3604.0338	35336.0	1298.00
poi-30-4	1.0	1.0	23.0	1	91.0	0	0.07296137339055794	3668.4383	48620.0	1000.00
poi-30-4	1.0	1.0	23.0	2	91.0	0	0.19525350593311758	3617.9700	22070.0	1108.00
poi-30-4	1.0	1.0	23.0	2	183.0	0	0.09640522875816901	3602.3062	21040.0	1342.00
poi-30-4	1.0	1.0	23.0	3	91.0	0	0.08652900688298919	3608.8643	24360.0	1105.00
poi-30-4	2.0	0.67	11.0	1	91.0	810	0.0	4.2006	115.0	810.00
poi-30-4	2.0	0.67	11.0	1	183.0	1215	0.0	9.8530	57.0	1215.00
poi-30-4	2.0	0.67	11.0	2	91.0	813	0.0	5.0453	563.0	813.00
poi-30-4	2.0	0.67	11.0	2	183.0	1215	0.0	1.0592	69.0	1215.00
poi-30-4	2.0	0.67	11.0	3	91.0	813	0.0	5.9723	355.0	813.00
poi-30-4	2.0	0.67	11.0	3	183.0	1215	0.0	7.9877	23.0	1215.00
poi-30-4	2.0	0.67	23.0	1	91.0	977	0.0	37.7106	897.0	977.00
poi-30-4	2.0	0.67	23.0	1	183.0	1217	0.0	13.7482	133.0	1217.00
poi-30-4	2.0	0.67	23.0	2	91.0	978	0.0	44.9062	548.0	978.00
poi-30-4	1.0	1.0	23.0	3	183.0	0	0.038669760247486466	3619.0069	18929.0	1343.00
poi-30-4	2.0	0.67	23.0	2	183.0	1219	0.0	28.5216	525.0	1219.00
poi-30-4	2.0	0.67	23.0	3	183.0	1219	0.0	21.9585	482.0	1219.00
poi-30-4	2.0	1.0	11.0	1	91.0	863	0.0	6.8848	446.0	863.00
poi-30-4	2.0	1.0	11.0	1	183.0	1226	0.0	18.2526	1048.0	1226.00
poi-30-4	2.0	1.0	11.0	2	91.0	863	0.0	3.4323	323.0	863.00
poi-30-4	2.0	1.0	11.0	2	183.0	1226	0.0	16.6113	1052.0	1226.00
poi-30-4	2.0	1.0	11.0	3	91.0	863	0.0	17.1928	661.0	863.00
poi-30-4	2.0	0.67	23.0	3	91.0	978	0.0	97.3432	1737.0	978.00
poi-30-4	2.0	1.0	11.0	3	183.0	1226	0.0	16.3686	620.0	1226.00
poi-30-4	2.0	1.0	23.0	1	91.0	1092	0.0	75.9691	3048.0	1092.00
poi-30-4	2.0	1.0	23.0	2	91.0	1092	0.0	99.2197	1552.0	1092.00
poi-30-4	2.0	1.0	23.0	1	183.0	1298	0.0	223.3831	9297.0	1298.00
poi-30-4	2.0	1.0	23.0	2	183.0	1342	0.0	207.1908	4115.0	1342.00
poi-30-4	2.0	1.0	23.0	3	91.0	1092	0.0	279.7145	5733.0	1092.00
poi-30-4	2.0	1.33	11.0	1	91.0	953	0.0	12.3017	911.0	953.00
poi-30-4	2.0	1.33	11.0	1	183.0	1413	0.0	21.7171	2137.0	1413.00
poi-30-4	2.0	1.33	11.0	2	91.0	976	0.0	25.5456	411.0	976.00
poi-30-4	2.0	1.33	11.0	2	183.0	1431	0.0	16.8302	1218.0	1431.00
poi-30-4	2.0	1.33	11.0	3	91.0	980	0.0	20.6362	1045.0	980.00
poi-30-4	2.0	1.33	11.0	3	183.0	1437	0.0	10.1024	570.0	1437.00
poi-30-4	2.0	1.33	23.0	1	91.0	1308	0.0	65.6397	2722.0	1308.00
poi-30-4	2.0	1.0	23.0	3	183.0	1342	0.0	316.2819	7314.0	1342.00
poi-30-4	2.0	1.33	23.0	2	91.0	1397	0.0	69.2949	831.0	1397.00
poi-30-4	2.0	1.33	23.0	2	183.0	1641	0.0	111.3490	1847.0	1641.00
poi-30-4	2.0	1.33	23.0	3	91.0	1403	0.0	64.0752	116.0	1403.00
poi-30-4	2.0	1.33	23.0	1	183.0	1534	0.0	338.0826	15803.0	1534.00
poi-30-5	1.0	0.67	13.0	1	82.0	422	0.0	8.3903	691.0	422.00
poi-30-5	1.0	0.67	13.0	1	164.0	1206	0.0	2.9574	1.0	1206.00
poi-30-5	1.0	0.67	13.0	2	82.0	441	0.0	15.2502	436.0	441.00
poi-30-5	1.0	0.67	13.0	2	164.0	1206	0.0	5.4528	107.0	1206.00
poi-30-5	1.0	0.67	13.0	3	82.0	441	0.0	10.5115	472.0	441.00
poi-30-5	1.0	0.67	13.0	3	164.0	1206	0.0	2.9497	1.0	1206.00
poi-30-5	1.0	0.67	26.0	1	82.0	454	0.0	55.6268	3035.0	454.00
poi-30-4	2.0	1.33	23.0	3	183.0	1671	0.0	384.9891	6032.0	1671.00
poi-30-5	1.0	0.67	26.0	2	82.0	496	0.0	235.2465	8418.0	496.00
poi-30-4	1.0	1.33	23.0	1	91.0	0	0.1111111111111111	3619.1407	71413.0	1150.00
poi-30-4	1.0	1.33	23.0	1	183.0	0	0.01547779273216689	3623.6306	93116.0	1509.00
poi-30-5	1.0	0.67	26.0	3	82.0	529	0.0	269.0746	8630.0	529.00
poi-30-5	1.0	1.0	13.0	1	82.0	457	0.0	6.7252	791.0	457.00
poi-30-5	1.0	1.0	13.0	1	164.0	1254	0.0	8.0625	1167.0	1254.00
poi-30-5	1.0	1.0	13.0	2	82.0	494	0.0	7.0736	835.0	494.00
poi-30-5	1.0	1.0	13.0	2	164.0	1254	0.0	15.2935	1141.0	1254.00
poi-30-5	1.0	1.0	13.0	3	82.0	494	0.0	23.1830	593.0	494.00
poi-30-5	1.0	1.0	13.0	3	164.0	1254	0.0	14.3217	1189.0	1254.00
poi-30-5	1.0	1.0	26.0	1	82.0	499	0.0	102.4380	6724.0	499.00
poi-30-4	1.0	1.33	23.0	2	91.0	0	0.14957264957264957	3602.5813	50340.0	1345.00
poi-30-4	1.0	1.33	23.0	2	183.0	0	0.050387596899224806	3641.1051	57410.0	1626.00
poi-30-5	1.0	1.0	26.0	2	82.0	562	0.0	325.2458	9352.0	562.00
poi-30-4	1.0	1.33	23.0	3	91.0	0	0.07375776397515528	3604.3961	46337.0	1383.00
poi-30-5	1.0	1.0	26.0	3	82.0	612	0.0	232.3800	7237.0	612.00
poi-30-5	1.0	1.33	13.0	1	82.0	508	0.0	8.5022	786.0	508.00
poi-30-5	1.0	1.33	13.0	1	164.0	1408	0.0	15.6267	1005.0	1408.00
poi-30-5	1.0	1.33	13.0	2	82.0	569	0.0	9.0457	313.0	569.00
poi-30-5	1.0	1.33	13.0	2	164.0	1453	0.0	10.5819	606.0	1453.00
poi-30-5	1.0	1.33	13.0	3	82.0	569	0.0	12.6483	687.0	569.00
poi-30-5	1.0	1.33	13.0	3	164.0	1453	0.0	8.3798	291.0	1453.00
poi-30-4	1.0	1.33	23.0	3	183.0	0	0.004923076923074544	3603.2916	71339.0	1633.00
poi-30-5	1.0	1.33	26.0	1	82.0	589	0.0	102.6245	4923.0	589.00
poi-30-5	1.0	1.33	26.0	2	82.0	649	0.0	510.9505	11085.0	649.00
poi-30-5	1.0	0.67	26.0	1	164.0	0	0.06255077173030058	3616.6247	21331.0	1308.00
poi-30-5	1.0	0.67	26.0	2	164.0	0	0.05388272583201268	3619.5073	45774.0	1330.00
poi-30-5	1.0	0.67	26.0	3	164.0	0	0.06956521739130435	3601.8938	54952.0	1353.00
poi-30-5	2.0	0.67	13.0	1	82.0	472	0.0	1.9455	112.0	472.00
poi-30-5	2.0	0.67	13.0	1	164.0	1211	0.0	7.8737	1.0	1211.00
poi-30-5	2.0	0.67	13.0	2	82.0	487	0.0	12.0132	55.0	487.00
poi-30-5	2.0	0.67	13.0	2	164.0	1211	0.0	5.5272	149.0	1211.00
poi-30-5	2.0	0.67	13.0	3	82.0	487	0.0	4.9806	136.0	487.00
poi-30-5	2.0	0.67	13.0	3	164.0	1211	0.0	4.3854	1.0	1211.00
poi-30-5	2.0	0.67	26.0	1	82.0	500	0.0	55.2981	2191.0	500.00
poi-30-5	2.0	0.67	26.0	1	164.0	1330	0.0	23.5383	1951.0	1330.00
poi-30-5	1.0	1.33	26.0	3	82.0	715	0.0	711.6244	16316.0	715.00
poi-30-5	2.0	0.67	26.0	2	164.0	1357	0.0	79.8222	2336.0	1357.00
poi-30-5	2.0	0.67	26.0	2	82.0	529	0.0	133.5052	3223.0	529.00
poi-30-5	1.0	1.0	26.0	1	164.0	0	0.10916030534351145	3608.6890	52065.0	1453.00
poi-30-5	2.0	0.67	26.0	3	164.0	1371	0.0	85.1857	2158.0	1371.00
poi-30-5	2.0	1.0	13.0	1	82.0	525	0.0	6.1428	295.0	525.00
poi-30-5	2.0	1.0	13.0	2	82.0	562	0.0	5.1652	52.0	562.00
poi-30-5	2.0	1.0	13.0	1	164.0	1268	0.0	16.8396	595.0	1268.00
poi-30-5	2.0	0.67	26.0	3	82.0	529	0.0	134.3630	2902.0	529.00
poi-30-5	2.0	1.0	13.0	2	164.0	1275	0.0	15.5478	701.0	1275.00
poi-30-5	2.0	1.0	13.0	3	82.0	562	0.0	7.0510	13.0	562.00
poi-30-5	2.0	1.0	13.0	3	164.0	1275	0.0	9.7449	506.0	1275.00
poi-30-5	2.0	1.0	26.0	1	82.0	575	0.0	71.5536	2889.0	575.00
poi-30-5	2.0	1.0	26.0	2	82.0	612	0.0	157.7046	4532.0	612.00
poi-30-5	2.0	1.0	26.0	2	164.0	1527	0.0	93.9743	2682.0	1527.00
poi-30-5	1.0	1.0	26.0	2	164.0	0	0.08528784648099803	3601.8607	25673.0	1527.00
poi-30-5	2.0	1.33	13.0	1	82.0	594	0.0	16.6432	329.0	594.00
poi-30-5	2.0	1.33	13.0	1	164.0	1414	0.0	19.2487	1265.0	1414.00
poi-30-5	2.0	1.33	13.0	2	82.0	633	0.0	6.3126	32.0	633.00
poi-30-5	2.0	1.33	13.0	2	164.0	1472	0.0	10.2385	350.0	1472.00
poi-30-5	2.0	1.33	13.0	3	82.0	633	0.0	6.3045	53.0	633.00
poi-30-5	2.0	1.33	13.0	3	164.0	1472	0.0	13.1604	300.0	1472.00
poi-30-5	2.0	1.0	26.0	3	82.0	633	0.0	113.1279	2845.0	633.00
poi-30-5	2.0	1.33	26.0	1	82.0	672	0.0	55.2235	3040.0	672.00
poi-30-5	2.0	1.0	26.0	1	164.0	1469	0.0	482.2313	14945.0	1469.00
poi-30-5	2.0	1.33	26.0	2	82.0	742	0.0	217.4672	4211.0	742.00
poi-30-5	1.0	1.0	26.0	3	164.0	0	0.0922746781075543	3608.2354	20689.0	1527.00
poi-30-5	2.0	1.33	26.0	3	82.0	761	0.0	193.7167	3884.0	761.00
poi-30-5	1.0	1.33	26.0	1	164.0	0	0.0730593607305936	3605.5632	103592.0	1645.00
poi-30-5	2.0	1.33	26.0	1	164.0	1717	0.0	582.7407	33844.0	1717.00
poi-30-5	2.0	1.33	26.0	2	164.0	1879	0.0	495.7654	11028.0	1879.00
poi-30-5	2.0	1.33	26.0	3	164.0	1890	0.0	400.7477	8303.0	1890.00
poi-30-5	1.0	1.33	26.0	2	164.0	0	0.07851239669421488	3612.8031	60523.0	1827.00
poi-30-5	2.0	1.0	26.0	3	164.0	1527	0.0	1980.7692	70475.0	1527.00
poi-30-5	1.0	1.33	26.0	3	164.0	0	0.09829311359623308	3600.2661	83850.0	1866.00
