poi-10-1	1.0	0.67	15.0	1	59.0	201.0	0.0	0.0020	0.0	201.0
poi-10-1	1.0	0.67	15.0	1	118.0	295.0	0.0	0.1069	44.0	295.0
poi-10-1	1.0	0.67	15.0	2	59.0	201.0	0.0	0.0024	0.0	201.0
poi-10-1	1.0	0.67	15.0	2	118.0	295.0	0.0	0.0700	70.0	295.0
poi-10-1	1.0	0.67	15.0	3	59.0	201.0	0.0	0.0025	1.0	201.0
poi-10-1	1.0	0.67	15.0	3	118.0	295.0	0.0	0.1435	33.0	295.0
poi-10-1	1.0	0.67	30.0	1	59.0	201.0	0.0	0.0034	1.0	201.0
poi-10-1	1.0	0.67	30.0	1	118.0	295.0	0.0	0.0949	130.0	295.0
poi-10-1	1.0	0.67	30.0	2	59.0	201.0	0.0	0.0038	1.0	201.0
poi-10-1	1.0	0.67	30.0	2	118.0	295.0	0.0	0.1367	90.0	295.0
poi-10-1	1.0	0.67	30.0	3	59.0	201.0	0.0	0.0047	1.0	201.0
poi-10-1	1.0	0.67	30.0	3	118.0	295.0	0.0	0.1381	124.0	295.0
poi-10-1	1.0	1.0	15.0	1	59.0	201.0	0.0	0.0020	0.0	201.0
poi-10-1	1.0	1.0	15.0	1	118.0	295.0	0.0	0.0707	111.0	295.0
poi-10-1	1.0	1.0	15.0	2	59.0	201.0	0.0	0.0022	0.0	201.0
poi-10-1	1.0	1.0	15.0	2	118.0	295.0	0.0	0.1452	140.0	295.0
poi-10-1	1.0	1.0	15.0	3	59.0	201.0	0.0	0.0025	1.0	201.0
poi-10-1	1.0	1.0	15.0	3	118.0	295.0	0.0	0.0863	119.0	295.0
poi-10-1	1.0	1.0	30.0	1	59.0	201.0	0.0	0.0033	1.0	201.0
poi-10-1	1.0	1.0	30.0	1	118.0	295.0	0.0	0.1164	288.0	295.0
poi-10-1	1.0	1.0	30.0	2	59.0	201.0	0.0	0.0036	1.0	201.0
poi-10-1	1.0	1.0	30.0	2	118.0	295.0	0.0	0.1758	207.0	295.0
poi-10-1	1.0	1.0	30.0	3	59.0	201.0	0.0	0.0044	1.0	201.0
poi-10-1	1.0	1.0	30.0	3	118.0	295.0	0.0	0.1932	358.0	295.0
poi-10-1	1.0	1.33	15.0	1	59.0	233.0	0.0	0.0020	0.0	233.0
poi-10-1	1.0	1.33	15.0	1	118.0	327.0	0.0	0.0641	63.0	327.0
poi-10-1	1.0	1.33	15.0	2	59.0	233.0	0.0	0.0022	0.0	233.0
poi-10-1	1.0	1.33	15.0	2	118.0	327.0	0.0	0.0853	210.0	327.0
poi-10-1	1.0	1.33	15.0	3	59.0	233.0	0.0	0.0026	1.0	233.0
poi-10-1	1.0	1.33	15.0	3	118.0	327.0	0.0	0.1164	66.0	327.0
poi-10-1	1.0	1.33	30.0	1	59.0	233.0	0.0	0.0036	1.0	233.0
poi-10-1	1.0	1.33	30.0	1	118.0	347.0	0.0	0.1084	246.0	347.0
poi-10-1	1.0	1.33	30.0	2	59.0	233.0	0.0	0.0037	1.0	233.0
poi-10-1	1.0	1.33	30.0	2	118.0	347.0	0.0	0.1294	242.0	347.0
poi-10-1	1.0	1.33	30.0	3	59.0	233.0	0.0	0.0047	1.0	233.0
poi-10-1	1.0	1.33	30.0	3	118.0	347.0	0.0	0.2358	210.0	347.0
poi-10-1	2.0	0.67	15.0	1	59.0	201.0	0.0	0.0020	0.0	201.0
poi-10-1	2.0	0.67	15.0	1	118.0	295.0	0.0	0.0965	49.0	295.0
poi-10-1	2.0	0.67	15.0	2	59.0	201.0	0.0	0.0025	0.0	201.0
poi-10-1	2.0	0.67	15.0	2	118.0	295.0	0.0	0.1110	118.0	295.0
poi-10-1	2.0	0.67	15.0	3	59.0	201.0	0.0	0.0026	1.0	201.0
poi-10-1	2.0	0.67	15.0	3	118.0	295.0	0.0	0.1232	58.0	295.0
poi-10-1	2.0	0.67	30.0	1	59.0	201.0	0.0	0.0032	1.0	201.0
poi-10-1	2.0	0.67	30.0	1	118.0	295.0	0.0	0.1126	122.0	295.0
poi-10-1	2.0	0.67	30.0	2	59.0	201.0	0.0	0.0040	1.0	201.0
poi-10-1	2.0	0.67	30.0	2	118.0	295.0	0.0	0.1195	193.0	295.0
poi-10-1	2.0	0.67	30.0	3	59.0	201.0	0.0	0.0046	1.0	201.0
poi-10-1	2.0	0.67	30.0	3	118.0	295.0	0.0	0.1369	159.0	295.0
poi-10-1	2.0	1.0	15.0	1	59.0	201.0	0.0	0.0019	0.0	201.0
poi-10-1	2.0	1.0	15.0	1	118.0	295.0	0.0	0.0759	108.0	295.0
poi-10-1	2.0	1.0	15.0	2	59.0	201.0	0.0	0.0024	0.0	201.0
poi-10-1	2.0	1.0	15.0	2	118.0	295.0	0.0	0.1276	113.0	295.0
poi-10-1	2.0	1.0	15.0	3	59.0	201.0	0.0	0.0027	1.0	201.0
poi-10-1	2.0	1.0	15.0	3	118.0	295.0	0.0	0.0822	100.0	295.0
poi-10-1	2.0	1.0	30.0	1	59.0	201.0	0.0	0.0033	1.0	201.0
poi-10-1	2.0	1.0	30.0	1	118.0	295.0	0.0	0.0955	127.0	295.0
poi-10-1	2.0	1.0	30.0	2	59.0	201.0	0.0	0.0038	1.0	201.0
poi-10-1	2.0	1.0	30.0	2	118.0	295.0	0.0	0.1780	457.0	295.0
poi-10-1	2.0	1.0	30.0	3	59.0	201.0	0.0	0.0048	1.0	201.0
poi-10-1	2.0	1.0	30.0	3	118.0	295.0	0.0	0.2215	256.0	295.0
poi-10-1	2.0	1.33	15.0	1	59.0	233.0	0.0	0.0020	0.0	233.0
poi-10-1	2.0	1.33	15.0	1	118.0	327.0	0.0	0.0614	59.0	327.0
poi-10-1	2.0	1.33	15.0	2	59.0	233.0	0.0	0.0022	0.0	233.0
poi-10-1	2.0	1.33	15.0	2	118.0	327.0	0.0	0.1076	85.0	327.0
poi-10-1	2.0	1.33	15.0	3	59.0	233.0	0.0	0.0025	1.0	233.0
poi-10-1	2.0	1.33	15.0	3	118.0	327.0	0.0	0.1232	119.0	327.0
poi-10-1	2.0	1.33	30.0	1	59.0	233.0	0.0	0.0034	1.0	233.0
poi-10-1	2.0	1.33	30.0	1	118.0	347.0	0.0	0.1005	244.0	347.0
poi-10-1	2.0	1.33	30.0	2	59.0	233.0	0.0	0.0037	1.0	233.0
poi-10-1	2.0	1.33	30.0	2	118.0	347.0	0.0	0.1188	140.0	347.0
poi-10-1	2.0	1.33	30.0	3	59.0	233.0	0.0	0.0044	1.0	233.0
poi-10-1	2.0	1.33	30.0	3	118.0	347.0	0.0	0.2379	249.0	346.9999999999994
poi-10-2	1.0	0.67	13.0	1	58.0	76.0	0.0	0.0016	0.0	76.0
poi-10-2	1.0	0.67	13.0	1	116.0	296.0	0.0	0.0619	144.0	296.0
poi-10-2	1.0	0.67	13.0	2	58.0	76.0	0.0	0.0018	0.0	76.0
poi-10-2	1.0	0.67	13.0	2	116.0	296.0	0.0	0.0830	83.0	296.0
poi-10-2	1.0	0.67	13.0	3	58.0	76.0	0.0	0.0018	0.0	76.0
poi-10-2	1.0	0.67	13.0	3	116.0	296.0	0.0	0.0668	58.0	296.0
poi-10-2	1.0	0.67	27.0	1	58.0	76.0	0.0	0.0024	0.0	76.0
poi-10-2	1.0	0.67	27.0	1	116.0	296.0	0.0	0.1414	276.0	296.0
poi-10-2	1.0	0.67	27.0	2	58.0	76.0	0.0	0.0035	0.0	76.0
poi-10-2	1.0	0.67	27.0	2	116.0	296.0	0.0	0.1723	264.0	296.0
poi-10-2	1.0	0.67	27.0	3	58.0	76.0	0.0	0.0045	0.0	76.0
poi-10-2	1.0	0.67	27.0	3	116.0	296.0	0.0	0.2547	289.0	296.0
poi-10-2	1.0	1.0	13.0	1	58.0	76.0	0.0	0.0015	0.0	76.0
poi-10-2	1.0	1.0	13.0	1	116.0	296.0	0.0	0.0583	90.0	296.0
poi-10-2	1.0	1.0	13.0	2	58.0	76.0	0.0	0.0017	0.0	76.0
poi-10-2	1.0	1.0	13.0	2	116.0	296.0	0.0	0.0628	90.0	296.0
poi-10-2	1.0	1.0	13.0	3	58.0	76.0	0.0	0.0018	0.0	76.0
poi-10-2	1.0	1.0	13.0	3	116.0	296.0	0.0	0.0824	68.0	296.0
poi-10-2	1.0	1.0	27.0	1	58.0	76.0	0.0	0.0023	0.0	76.0
poi-10-2	1.0	1.0	27.0	1	116.0	296.0	0.0	0.1366	552.0	296.0
poi-10-2	1.0	1.0	27.0	2	58.0	76.0	0.0	0.0035	0.0	76.0
poi-10-2	1.0	1.0	27.0	2	116.0	296.0	0.0	0.1997	456.0	296.0
poi-10-2	1.0	1.0	27.0	3	58.0	76.0	0.0	0.0047	0.0	76.0
poi-10-2	1.0	1.0	27.0	3	116.0	296.0	0.0	0.1940	469.0	296.0
poi-10-2	1.0	1.33	13.0	1	58.0	76.0	0.0	0.0015	0.0	76.0
poi-10-2	1.0	1.33	13.0	1	116.0	313.0	0.0	0.0656	94.0	312.99999999999983
poi-10-2	1.0	1.33	13.0	2	58.0	76.0	0.0	0.0016	0.0	76.0
poi-10-2	1.0	1.33	13.0	2	116.0	313.0	0.0	0.0845	66.0	313.0
poi-10-2	1.0	1.33	13.0	3	58.0	76.0	0.0	0.0018	0.0	76.0
poi-10-2	1.0	1.33	13.0	3	116.0	313.0	0.0	0.0664	48.0	313.0
poi-10-2	1.0	1.33	27.0	1	58.0	76.0	0.0	0.0024	0.0	76.0
poi-10-2	1.0	1.33	27.0	1	116.0	343.0	0.0	0.1113	419.0	343.0
poi-10-2	1.0	1.33	27.0	2	58.0	76.0	0.0	0.0035	0.0	76.0
poi-10-2	1.0	1.33	27.0	2	116.0	345.0	0.0	0.1584	390.0	345.0
poi-10-2	1.0	1.33	27.0	3	58.0	76.0	0.0	0.0047	0.0	76.0
poi-10-2	1.0	1.33	27.0	3	116.0	354.0	0.0	0.1838	561.0	354.0
poi-10-2	2.0	0.67	13.0	1	58.0	76.0	0.0	0.0015	0.0	76.0
poi-10-2	2.0	0.67	13.0	1	116.0	296.0	0.0	0.0796	107.0	296.0
poi-10-2	2.0	0.67	13.0	2	58.0	76.0	0.0	0.0016	0.0	76.0
poi-10-2	2.0	0.67	13.0	2	116.0	296.0	0.0	0.0669	109.0	296.0
poi-10-2	2.0	0.67	13.0	3	58.0	76.0	0.0	0.0018	0.0	76.0
poi-10-2	2.0	0.67	13.0	3	116.0	296.0	0.0	0.0664	58.0	296.0
poi-10-2	2.0	0.67	27.0	1	58.0	76.0	0.0	0.0026	0.0	76.0
poi-10-2	2.0	0.67	27.0	1	116.0	296.0	0.0	0.0863	243.0	296.0
poi-10-2	2.0	0.67	27.0	2	58.0	76.0	0.0	0.0036	0.0	76.0
poi-10-2	2.0	0.67	27.0	2	116.0	296.0	0.0	0.1771	235.0	296.0
poi-10-2	2.0	0.67	27.0	3	58.0	76.0	0.0	0.0045	0.0	76.0
poi-10-2	2.0	0.67	27.0	3	116.0	296.0	0.0	0.2117	170.0	296.0
poi-10-2	2.0	1.0	13.0	1	58.0	76.0	0.0	0.0016	0.0	76.0
poi-10-2	2.0	1.0	13.0	1	116.0	296.0	0.0	0.0573	76.0	296.0
poi-10-2	2.0	1.0	13.0	2	58.0	76.0	0.0	0.0015	0.0	76.0
poi-10-2	2.0	1.0	13.0	2	116.0	296.0	0.0	0.0880	97.0	296.0
poi-10-2	2.0	1.0	13.0	3	58.0	76.0	0.0	0.0019	0.0	76.0
poi-10-2	2.0	1.0	13.0	3	116.0	296.0	0.0	0.0652	96.0	296.0
poi-10-2	2.0	1.0	27.0	1	58.0	76.0	0.0	0.0025	0.0	76.0
poi-10-2	2.0	1.0	27.0	1	116.0	296.0	0.0	0.1256	452.0	296.0
poi-10-2	2.0	1.0	27.0	2	58.0	76.0	0.0	0.0035	0.0	76.0
poi-10-2	2.0	1.0	27.0	2	116.0	296.0	0.0	0.1601	569.0	296.0
poi-10-2	2.0	1.0	27.0	3	58.0	76.0	0.0	0.0047	0.0	76.0
poi-10-2	2.0	1.0	27.0	3	116.0	296.0	0.0	0.2355	561.0	296.0
poi-10-2	2.0	1.33	13.0	1	58.0	76.0	0.0	0.0016	0.0	76.0
poi-10-2	2.0	1.33	13.0	1	116.0	313.0	0.0	0.0693	92.0	313.0
poi-10-2	2.0	1.33	13.0	2	58.0	76.0	0.0	0.0017	0.0	76.0
poi-10-2	2.0	1.33	13.0	2	116.0	313.0	0.0	0.0841	107.0	313.0
poi-10-2	2.0	1.33	13.0	3	58.0	76.0	0.0	0.0020	0.0	76.0
poi-10-2	2.0	1.33	13.0	3	116.0	313.0	0.0	0.0816	74.0	313.0
poi-10-2	2.0	1.33	27.0	1	58.0	76.0	0.0	0.0025	0.0	76.0
poi-10-2	2.0	1.33	27.0	1	116.0	355.0	0.0	0.1080	552.0	355.0
poi-10-2	2.0	1.33	27.0	2	58.0	76.0	0.0	0.0037	0.0	76.0
poi-10-2	2.0	1.33	27.0	2	116.0	355.0	0.0	0.1291	228.0	355.0
poi-10-2	2.0	1.33	27.0	3	58.0	76.0	0.0	0.0046	0.0	76.0
poi-10-2	2.0	1.33	27.0	3	116.0	355.0	0.0	0.1647	315.0	355.0
poi-10-3	1.0	0.67	14.0	1	59.0	0	inf	0.0007	0.0	-inf
poi-10-3	1.0	0.67	14.0	1	119.0	243.0	0.0	0.0727	35.0	243.0
poi-10-3	1.0	0.67	14.0	2	59.0	0	inf	0.0008	0.0	-inf
poi-10-3	1.0	0.67	14.0	2	119.0	243.0	0.0	0.0714	54.0	243.0
poi-10-3	1.0	0.67	14.0	3	59.0	0	inf	0.0011	0.0	-inf
poi-10-3	1.0	0.67	14.0	3	119.0	243.0	0.0	0.1103	27.0	243.0
poi-10-3	1.0	0.67	28.0	1	59.0	0	inf	0.0009	0.0	-inf
poi-10-3	1.0	0.67	28.0	1	119.0	243.0	0.0	0.0790	35.0	243.0
poi-10-3	1.0	0.67	28.0	2	59.0	0	inf	0.0012	0.0	-inf
poi-10-3	1.0	0.67	28.0	2	119.0	243.0	0.0	0.1089	51.0	243.0
poi-10-3	1.0	0.67	28.0	3	59.0	0	inf	0.0018	0.0	-inf
poi-10-3	1.0	0.67	28.0	3	119.0	243.0	0.0	0.1568	37.0	243.0
poi-10-3	1.0	1.0	14.0	1	59.0	0	inf	0.0008	0.0	-inf
poi-10-3	1.0	1.0	14.0	1	119.0	243.0	0.0	0.0693	155.0	243.0
poi-10-3	1.0	1.0	14.0	2	59.0	0	inf	0.0009	0.0	-inf
poi-10-3	1.0	1.0	14.0	2	119.0	243.0	0.0	0.0672	45.0	243.0
poi-10-3	1.0	1.0	14.0	3	59.0	0	inf	0.0011	0.0	-inf
poi-10-3	1.0	1.0	14.0	3	119.0	243.0	0.0	0.0746	39.0	243.0
poi-10-3	1.0	1.0	28.0	1	59.0	0	inf	0.0009	0.0	-inf
poi-10-3	1.0	1.0	28.0	1	119.0	243.0	0.0	0.0850	75.0	243.0
poi-10-3	1.0	1.0	28.0	2	59.0	0	inf	0.0013	0.0	-inf
poi-10-3	1.0	1.0	28.0	2	119.0	243.0	0.0	0.1072	124.0	243.0
poi-10-3	1.0	1.0	28.0	3	59.0	0	inf	0.0016	0.0	-inf
poi-10-3	1.0	1.0	28.0	3	119.0	243.0	0.0	0.1440	94.0	243.0
poi-10-3	1.0	1.33	14.0	1	59.0	0	inf	0.0007	0.0	-inf
poi-10-3	1.0	1.33	14.0	1	119.0	275.0	0.0	0.0594	183.0	275.0
poi-10-3	1.0	1.33	14.0	2	59.0	0	inf	0.0009	0.0	-inf
poi-10-3	1.0	1.33	14.0	2	119.0	295.0	0.0	0.0818	79.0	295.0
poi-10-3	1.0	1.33	14.0	3	59.0	0	inf	0.0011	0.0	-inf
poi-10-3	1.0	1.33	14.0	3	119.0	295.0	0.0	0.0819	84.0	295.0
poi-10-3	1.0	1.33	28.0	1	59.0	0	inf	0.0008	0.0	-inf
poi-10-3	1.0	1.33	28.0	1	119.0	295.0	0.0	0.0727	65.0	295.0
poi-10-3	1.0	1.33	28.0	2	59.0	0	inf	0.0013	0.0	-inf
poi-10-3	1.0	1.33	28.0	2	119.0	301.0	0.0	0.1518	168.0	300.99999999999994
poi-10-3	1.0	1.33	28.0	3	59.0	0	inf	0.0017	0.0	-inf
poi-10-3	1.0	1.33	28.0	3	119.0	307.0	0.0	0.1322	114.0	307.0
poi-10-3	2.0	0.67	14.0	1	59.0	0	inf	0.0007	0.0	-inf
poi-10-3	2.0	0.67	14.0	1	119.0	243.0	0.0	0.0559	34.0	243.0
poi-10-3	2.0	0.67	14.0	2	59.0	0	inf	0.0010	0.0	-inf
poi-10-3	2.0	0.67	14.0	2	119.0	243.0	0.0	0.0850	34.0	243.0
poi-10-3	2.0	0.67	14.0	3	59.0	0	inf	0.0011	0.0	-inf
poi-10-3	2.0	0.67	14.0	3	119.0	243.0	0.0	0.1336	48.0	243.0
poi-10-3	2.0	0.67	28.0	1	59.0	0	inf	0.0009	0.0	-inf
poi-10-3	2.0	0.67	28.0	1	119.0	243.0	0.0	0.1020	60.0	243.0
poi-10-3	2.0	0.67	28.0	2	59.0	0	inf	0.0013	0.0	-inf
poi-10-3	2.0	0.67	28.0	2	119.0	243.0	0.0	0.0977	39.0	243.0
poi-10-3	2.0	0.67	28.0	3	59.0	0	inf	0.0018	0.0	-inf
poi-10-3	2.0	0.67	28.0	3	119.0	243.0	0.0	0.1768	61.0	243.0
poi-10-3	2.0	1.0	14.0	1	59.0	0	inf	0.0007	0.0	-inf
poi-10-3	2.0	1.0	14.0	1	119.0	243.0	0.0	0.0859	77.0	243.0
poi-10-3	2.0	1.0	14.0	2	59.0	0	inf	0.0009	0.0	-inf
poi-10-3	2.0	1.0	14.0	2	119.0	243.0	0.0	0.1020	62.0	243.0
poi-10-3	2.0	1.0	14.0	3	59.0	0	inf	0.0012	0.0	-inf
poi-10-3	2.0	1.0	14.0	3	119.0	243.0	0.0	0.0787	68.0	243.0
poi-10-3	2.0	1.0	28.0	1	59.0	0	inf	0.0009	0.0	-inf
poi-10-3	2.0	1.0	28.0	1	119.0	243.0	0.0	0.0967	68.0	243.0
poi-10-3	2.0	1.0	28.0	2	59.0	0	inf	0.0013	0.0	-inf
poi-10-3	2.0	1.0	28.0	2	119.0	243.0	0.0	0.1823	111.0	243.0
poi-10-3	2.0	1.0	28.0	3	59.0	0	inf	0.0016	0.0	-inf
poi-10-3	2.0	1.0	28.0	3	119.0	243.0	0.0	0.1744	145.0	243.0
poi-10-3	2.0	1.33	14.0	1	59.0	0	inf	0.0007	0.0	-inf
poi-10-3	2.0	1.33	14.0	1	119.0	295.0	0.0	0.0597	68.0	295.0
poi-10-3	2.0	1.33	14.0	2	59.0	0	inf	0.0009	0.0	-inf
poi-10-3	2.0	1.33	14.0	2	119.0	295.0	0.0	0.1002	40.0	295.0
poi-10-3	2.0	1.33	14.0	3	59.0	0	inf	0.0011	0.0	-inf
poi-10-3	2.0	1.33	14.0	3	119.0	295.0	0.0	0.1326	73.0	295.0
poi-10-3	2.0	1.33	28.0	1	59.0	0	inf	0.0016	0.0	-inf
poi-10-3	2.0	1.33	28.0	1	119.0	295.0	0.0	0.1149	71.0	294.99999999999994
poi-10-3	2.0	1.33	28.0	2	59.0	0	inf	0.0013	0.0	-inf
poi-10-3	2.0	1.33	28.0	2	119.0	301.0	0.0	0.1764	108.0	301.0
poi-10-3	2.0	1.33	28.0	3	59.0	0	inf	0.0018	0.0	-inf
poi-10-3	2.0	1.33	28.0	3	119.0	307.0	0.0	0.1603	125.0	307.0
poi-10-4	1.0	0.67	13.0	1	59.0	163.0	0.0	0.0022	0.0	163.0
poi-10-4	1.0	0.67	13.0	1	118.0	324.0	0.0	0.0669	101.0	324.0
poi-10-4	1.0	0.67	13.0	2	59.0	163.0	0.0	0.0021	0.0	163.0
poi-10-4	1.0	0.67	13.0	2	118.0	324.0	0.0	0.0839	88.0	324.0
poi-10-4	1.0	0.67	13.0	3	59.0	163.0	0.0	0.0039	0.0	163.0
poi-10-4	1.0	0.67	13.0	3	118.0	324.0	0.0	0.0583	71.0	324.0
poi-10-4	1.0	0.67	26.0	1	59.0	173.0	0.0	0.0043	1.0	173.0
poi-10-4	1.0	0.67	26.0	1	118.0	340.0	0.0	0.0963	133.0	340.0
poi-10-4	1.0	0.67	26.0	2	59.0	173.0	0.0	0.0057	1.0	173.0
poi-10-4	1.0	0.67	26.0	2	118.0	340.0	0.0	0.1312	74.0	340.0
poi-10-4	1.0	0.67	26.0	3	59.0	173.0	0.0	0.0070	1.0	173.0
poi-10-4	1.0	0.67	26.0	3	118.0	340.0	0.0	0.1786	94.0	340.0
poi-10-4	1.0	1.0	13.0	1	59.0	163.0	0.0	0.0022	0.0	163.0
poi-10-4	1.0	1.0	13.0	1	118.0	324.0	0.0	0.0824	48.0	324.0
poi-10-4	1.0	1.0	13.0	2	59.0	163.0	0.0	0.0022	0.0	163.0
poi-10-4	1.0	1.0	13.0	2	118.0	324.0	0.0	0.0780	50.0	324.0
poi-10-4	1.0	1.0	13.0	3	59.0	163.0	0.0	0.0027	0.0	163.0
poi-10-4	1.0	1.0	13.0	3	118.0	324.0	0.0	0.0939	84.0	324.0
poi-10-4	1.0	1.0	26.0	1	59.0	179.0	0.0	0.0068	1.0	179.0
poi-10-4	1.0	1.0	26.0	1	118.0	358.0	0.0	0.1146	279.0	358.0
poi-10-4	1.0	1.0	26.0	2	59.0	179.0	0.0	0.0056	1.0	179.0
poi-10-4	1.0	1.0	26.0	2	118.0	358.0	0.0	0.1746	136.0	358.0
poi-10-4	1.0	1.0	26.0	3	59.0	179.0	0.0	0.0066	1.0	179.0
poi-10-4	1.0	1.0	26.0	3	118.0	358.0	0.0	0.2250	186.0	358.0
poi-10-4	1.0	1.33	13.0	1	59.0	163.0	0.0	0.0021	0.0	163.0
poi-10-4	1.0	1.33	13.0	1	118.0	324.0	0.0	0.0702	71.0	324.0
poi-10-4	1.0	1.33	13.0	2	59.0	163.0	0.0	0.0024	0.0	163.0
poi-10-4	1.0	1.33	13.0	2	118.0	324.0	0.0	0.0914	40.0	324.0
poi-10-4	1.0	1.33	13.0	3	59.0	163.0	0.0	0.0025	0.0	163.0
poi-10-4	1.0	1.33	13.0	3	118.0	324.0	0.0	0.1016	110.0	324.0
poi-10-4	1.0	1.33	26.0	1	59.0	184.0	0.0	0.0043	1.0	184.0
poi-10-4	1.0	1.33	26.0	1	118.0	399.0	0.0	0.0870	125.0	399.0
poi-10-4	1.0	1.33	26.0	2	59.0	184.0	0.0	0.0054	1.0	184.0
poi-10-4	1.0	1.33	26.0	2	118.0	399.0	0.0	0.1482	141.0	399.0
poi-10-4	1.0	1.33	26.0	3	59.0	184.0	0.0	0.0113	1.0	184.0
poi-10-4	1.0	1.33	26.0	3	118.0	399.0	0.0	0.2055	74.0	399.0
poi-10-4	2.0	0.67	13.0	1	59.0	163.0	0.0	0.0020	0.0	163.0
poi-10-4	2.0	0.67	13.0	1	118.0	324.0	0.0	0.0382	101.0	324.0
poi-10-4	2.0	0.67	13.0	2	59.0	163.0	0.0	0.0032	0.0	163.0
poi-10-4	2.0	0.67	13.0	2	118.0	324.0	0.0	0.0454	124.0	324.0
poi-10-4	2.0	0.67	13.0	3	59.0	163.0	0.0	0.0026	0.0	163.0
poi-10-4	2.0	0.67	13.0	3	118.0	324.0	0.0	0.1022	71.0	324.0
poi-10-4	2.0	0.67	26.0	1	59.0	173.0	0.0	0.0043	1.0	173.0
poi-10-4	2.0	0.67	26.0	1	118.0	340.0	0.0	0.1273	126.0	340.0
poi-10-4	2.0	0.67	26.0	2	59.0	173.0	0.0	0.0073	1.0	173.0
poi-10-4	2.0	0.67	26.0	2	118.0	340.0	0.0	0.1607	271.0	340.0
poi-10-4	2.0	0.67	26.0	3	59.0	173.0	0.0	0.0074	1.0	173.0
poi-10-4	2.0	0.67	26.0	3	118.0	340.0	0.0	0.2203	144.0	340.0
poi-10-4	2.0	1.0	13.0	1	59.0	163.0	0.0	0.0021	0.0	163.0
poi-10-4	2.0	1.0	13.0	1	118.0	324.0	0.0	0.0993	58.0	324.0
poi-10-4	2.0	1.0	13.0	2	59.0	163.0	0.0	0.0022	0.0	163.0
poi-10-4	2.0	1.0	13.0	2	118.0	324.0	0.0	0.0899	44.0	324.0
poi-10-4	2.0	1.0	13.0	3	59.0	163.0	0.0	0.0024	0.0	163.0
poi-10-4	2.0	1.0	13.0	3	118.0	324.0	0.0	0.0959	37.0	324.0
poi-10-4	2.0	1.0	26.0	1	59.0	179.0	0.0	0.0044	1.0	179.0
poi-10-4	2.0	1.0	26.0	1	118.0	358.0	0.0	0.0757	215.0	358.0
poi-10-4	2.0	1.0	26.0	2	59.0	179.0	0.0	0.0056	1.0	179.0
poi-10-4	2.0	1.0	26.0	2	118.0	358.0	0.0	0.1353	81.0	358.0
poi-10-4	2.0	1.0	26.0	3	59.0	179.0	0.0	0.0071	1.0	179.0
poi-10-4	2.0	1.0	26.0	3	118.0	358.0	0.0	0.2325	484.0	358.0
poi-10-4	2.0	1.33	13.0	1	59.0	163.0	0.0	0.0031	0.0	163.0
poi-10-4	2.0	1.33	13.0	1	118.0	324.0	0.0	0.0944	93.0	324.0
poi-10-4	2.0	1.33	13.0	2	59.0	163.0	0.0	0.0022	0.0	163.0
poi-10-4	2.0	1.33	13.0	2	118.0	324.0	0.0	0.0972	60.0	324.0
poi-10-4	2.0	1.33	13.0	3	59.0	163.0	0.0	0.0023	0.0	163.0
poi-10-4	2.0	1.33	13.0	3	118.0	324.0	0.0	0.0939	49.0	324.0
poi-10-4	2.0	1.33	26.0	1	59.0	184.0	0.0	0.0042	1.0	184.0
poi-10-4	2.0	1.33	26.0	1	118.0	399.0	0.0	0.0827	74.0	399.0
poi-10-4	2.0	1.33	26.0	2	59.0	184.0	0.0	0.0053	1.0	184.0
poi-10-4	2.0	1.33	26.0	2	118.0	399.0	0.0	0.1171	108.0	399.0
poi-10-4	2.0	1.33	26.0	3	59.0	184.0	0.0	0.0065	1.0	184.0
poi-10-4	2.0	1.33	26.0	3	118.0	399.0	0.0	0.1851	111.0	399.0
poi-10-5	1.0	0.67	14.0	1	52.0	109.0	0.0	0.0021	1.0	109.0
poi-10-5	1.0	0.67	14.0	1	104.0	215.0	0.0	0.0582	26.0	215.0
poi-10-5	1.0	0.67	14.0	2	52.0	109.0	0.0	0.0026	1.0	109.0
poi-10-5	1.0	0.67	14.0	2	104.0	215.0	0.0	0.0756	27.0	215.0
poi-10-5	1.0	0.67	14.0	3	52.0	109.0	0.0	0.0026	1.0	109.0
poi-10-5	1.0	0.67	14.0	3	104.0	215.0	0.0	0.0649	17.0	215.0
poi-10-5	1.0	0.67	28.0	1	52.0	109.0	0.0	0.0044	1.0	109.0
poi-10-5	1.0	0.67	28.0	1	104.0	215.0	0.0	0.0739	94.0	215.0
poi-10-5	1.0	0.67	28.0	2	52.0	109.0	0.0	0.0058	1.0	109.0
poi-10-5	1.0	0.67	28.0	2	104.0	215.0	0.0	0.1764	52.0	215.0
poi-10-5	1.0	0.67	28.0	3	52.0	109.0	0.0	0.0067	1.0	109.0
poi-10-5	1.0	0.67	28.0	3	104.0	215.0	0.0	0.2326	32.0	215.0
poi-10-5	1.0	1.0	14.0	1	52.0	109.0	0.0	0.0033	1.0	109.0
poi-10-5	1.0	1.0	14.0	1	104.0	215.0	0.0	0.1084	32.0	215.0
poi-10-5	1.0	1.0	14.0	2	52.0	109.0	0.0	0.0023	1.0	109.0
poi-10-5	1.0	1.0	14.0	2	104.0	215.0	0.0	0.0755	27.0	215.0
poi-10-5	1.0	1.0	14.0	3	52.0	109.0	0.0	0.0029	1.0	109.0
poi-10-5	1.0	1.0	14.0	3	104.0	215.0	0.0	0.1011	45.0	215.0
poi-10-5	1.0	1.0	28.0	1	52.0	109.0	0.0	0.0045	1.0	109.0
poi-10-5	1.0	1.0	28.0	1	104.0	215.0	0.0	0.0785	296.0	215.0
poi-10-5	1.0	1.0	28.0	2	52.0	109.0	0.0	0.0057	1.0	109.0
poi-10-5	1.0	1.0	28.0	2	104.0	222.0	0.0	0.1793	122.0	222.0
poi-10-5	1.0	1.0	28.0	3	52.0	109.0	0.0	0.0064	1.0	109.0
poi-10-5	1.0	1.0	28.0	3	104.0	222.0	0.0	0.1883	173.0	222.0
poi-10-5	1.0	1.33	14.0	1	52.0	126.0	0.0	0.0022	1.0	126.0
poi-10-5	1.0	1.33	14.0	1	104.0	235.0	0.0	0.0498	33.0	235.0
poi-10-5	1.0	1.33	14.0	2	52.0	126.0	0.0	0.0038	1.0	126.0
poi-10-5	1.0	1.33	14.0	2	104.0	235.0	0.0	0.0767	19.0	235.0
poi-10-5	1.0	1.33	14.0	3	52.0	126.0	0.0	0.0029	1.0	126.0
poi-10-5	1.0	1.33	14.0	3	104.0	235.0	0.0	0.0624	75.0	235.0
poi-10-5	1.0	1.33	28.0	1	52.0	126.0	0.0	0.0042	1.0	126.0
poi-10-5	1.0	1.33	28.0	1	104.0	256.0	0.0	0.0841	271.0	256.0
poi-10-5	1.0	1.33	28.0	2	52.0	126.0	0.0	0.0056	1.0	126.0
poi-10-5	1.0	1.33	28.0	2	104.0	264.0	0.0	0.0895	48.0	264.0
poi-10-5	1.0	1.33	28.0	3	52.0	126.0	0.0	0.0068	1.0	126.0
poi-10-5	1.0	1.33	28.0	3	104.0	264.0	0.0	0.1241	78.0	264.0
poi-10-5	2.0	0.67	14.0	1	52.0	109.0	0.0	0.0022	1.0	109.0
poi-10-5	2.0	0.67	14.0	1	104.0	215.0	0.0	0.0745	22.0	215.0
poi-10-5	2.0	0.67	14.0	2	52.0	109.0	0.0	0.0030	1.0	109.0
poi-10-5	2.0	0.67	14.0	2	104.0	215.0	0.0	0.0707	21.0	215.0
poi-10-5	2.0	0.67	14.0	3	52.0	109.0	0.0	0.0029	1.0	109.0
poi-10-5	2.0	0.67	14.0	3	104.0	215.0	0.0	0.0624	17.0	215.0
poi-10-5	2.0	0.67	28.0	1	52.0	109.0	0.0	0.0046	1.0	109.0
poi-10-5	2.0	0.67	28.0	1	104.0	215.0	0.0	0.0739	38.0	215.0
poi-10-5	2.0	0.67	28.0	2	52.0	109.0	0.0	0.0057	1.0	109.0
poi-10-5	2.0	0.67	28.0	2	104.0	215.0	0.0	0.0960	48.0	215.0
poi-10-5	2.0	0.67	28.0	3	52.0	109.0	0.0	0.0071	1.0	109.0
poi-10-5	2.0	0.67	28.0	3	104.0	215.0	0.0	0.1376	36.0	215.0
poi-10-5	2.0	1.0	14.0	1	52.0	109.0	0.0	0.0021	1.0	109.0
poi-10-5	2.0	1.0	14.0	1	104.0	215.0	0.0	0.0988	79.0	215.0
poi-10-5	2.0	1.0	14.0	2	52.0	109.0	0.0	0.0026	1.0	109.0
poi-10-5	2.0	1.0	14.0	2	104.0	215.0	0.0	0.0706	37.0	215.0
poi-10-5	2.0	1.0	14.0	3	52.0	109.0	0.0	0.0029	1.0	109.0
poi-10-5	2.0	1.0	14.0	3	104.0	215.0	0.0	0.0947	34.0	215.0
poi-10-5	2.0	1.0	28.0	1	52.0	109.0	0.0	0.0041	1.0	109.0
poi-10-5	2.0	1.0	28.0	1	104.0	215.0	0.0	0.1607	337.0	215.0
poi-10-5	2.0	1.0	28.0	2	52.0	109.0	0.0	0.0053	1.0	109.0
poi-10-5	2.0	1.0	28.0	2	104.0	222.0	0.0	0.1531	271.0	222.0
poi-10-5	2.0	1.0	28.0	3	52.0	109.0	0.0	0.0063	1.0	109.0
poi-10-5	2.0	1.0	28.0	3	104.0	222.0	0.0	0.1164	102.0	222.00000000000003
poi-10-5	2.0	1.33	14.0	1	52.0	126.0	0.0	0.0023	1.0	126.0
poi-10-5	2.0	1.33	14.0	1	104.0	235.0	0.0	0.0519	24.0	235.0
poi-10-5	2.0	1.33	14.0	2	52.0	126.0	0.0	0.0028	1.0	126.0
poi-10-5	2.0	1.33	14.0	2	104.0	235.0	0.0	0.0884	18.0	235.0
poi-10-5	2.0	1.33	14.0	3	52.0	126.0	0.0	0.0027	1.0	126.0
poi-10-5	2.0	1.33	14.0	3	104.0	235.0	0.0	0.0977	17.0	235.0
poi-10-5	2.0	1.33	28.0	1	52.0	126.0	0.0	0.0074	1.0	126.0
poi-10-5	2.0	1.33	28.0	1	104.0	256.0	0.0	0.1061	61.0	256.0
poi-10-5	2.0	1.33	28.0	2	52.0	126.0	0.0	0.0059	1.0	126.0
poi-10-5	2.0	1.33	28.0	2	104.0	264.0	0.0	0.1027	254.0	263.9999999999999
poi-10-5	2.0	1.33	28.0	3	52.0	126.0	0.0	0.0066	1.0	126.0
poi-10-5	2.0	1.33	28.0	3	104.0	264.0	0.0	0.1431	122.0	264.0
poi-20-1	1.0	0.67	14.0	1	79.0	301.0	0.0	0.4373	538.0	301.0
poi-20-1	1.0	0.67	14.0	1	159.0	634.0	0.0	5.9947	19609.0	634.0
poi-20-1	1.0	0.67	14.0	2	79.0	301.0	0.0	0.4545	825.0	301.0
poi-20-1	1.0	0.67	14.0	2	159.0	634.0	0.0	11.8955	20557.0	634.0
poi-20-1	1.0	0.67	14.0	3	79.0	301.0	0.0	0.4472	795.0	301.0
poi-20-1	1.0	0.67	14.0	3	159.0	634.0	0.0	5.7432	18758.0	634.0
poi-20-1	1.0	0.67	28.0	1	79.0	307.0	0.0	1.2533	3619.0	307.0
poi-20-1	1.0	0.67	28.0	1	159.0	663.0	0.0	89.7895	476900.0	663.0
poi-20-1	1.0	0.67	28.0	2	79.0	353.0	0.0	1.9403	4110.0	353.0
poi-20-1	1.0	0.67	28.0	2	159.0	694.0	0.0	96.5638	293321.0	694.0000000000001
poi-20-1	1.0	0.67	28.0	3	79.0	363.0	0.0	3.0168	2737.0	363.0
poi-20-1	1.0	0.67	28.0	3	159.0	721.0	0.0	57.4803	129377.0	720.9999999999997
poi-20-1	1.0	1.0	14.0	1	79.0	301.0	0.0	0.3009	1304.0	301.0
poi-20-1	1.0	1.0	14.0	1	159.0	644.0	0.0	6.0884	29998.0	644.0
poi-20-1	1.0	1.0	14.0	2	79.0	301.0	0.0	0.4478	1661.0	301.0
poi-20-1	1.0	1.0	14.0	2	159.0	644.0	0.0	7.6312	52213.0	644.0
poi-20-1	1.0	1.0	14.0	3	79.0	301.0	0.0	0.4797	982.0	301.0
poi-20-1	1.0	1.0	14.0	3	159.0	644.0	0.0	8.5486	28886.0	644.0
poi-20-1	1.0	1.0	28.0	1	79.0	336.0	0.0	1.4813	5000.0	336.0
poi-20-1	1.0	1.0	28.0	1	159.0	724.0	0.0	265.1068	1451055.0	724.0
poi-20-1	1.0	1.0	28.0	2	79.0	406.0	0.0	2.1095	4971.0	406.0
poi-20-1	1.0	1.0	28.0	2	159.0	801.0	0.0	459.8482	1606700.0	801.0
poi-20-1	1.0	1.0	28.0	3	79.0	443.0	0.0	7.7923	11536.0	443.0
poi-20-1	1.0	1.0	28.0	3	159.0	822.0	0.0	116.9686	223960.0	822.0
poi-20-1	1.0	1.33	14.0	1	79.0	352.0	0.0	0.3049	986.0	352.0
poi-20-1	1.0	1.33	14.0	1	159.0	713.0	0.0	4.4818	26544.0	713.0
poi-20-1	1.0	1.33	14.0	2	79.0	352.0	0.0	0.4417	730.0	352.0
poi-20-1	1.0	1.33	14.0	2	159.0	742.0	0.0	2.4791	18440.0	742.0
poi-20-1	1.0	1.33	14.0	3	79.0	352.0	0.0	0.6594	772.0	352.0
poi-20-1	1.0	1.33	14.0	3	159.0	742.0	0.0	3.8020	12057.0	742.0
poi-20-1	1.0	1.33	28.0	1	79.0	372.0	0.0	1.1157	4369.0	372.0
poi-20-1	1.0	1.33	28.0	1	159.0	847.0	0.0	254.7254	1184047.0	847.0
poi-20-1	1.0	1.33	28.0	2	79.0	457.0	0.0	4.0916	7408.0	457.0
poi-20-1	1.0	1.33	28.0	2	159.0	957.0	0.0	479.2396	1023592.0	957.0
poi-20-1	1.0	1.33	28.0	3	79.0	538.0	0.0	3.7115	6723.0	538.0
poi-20-1	1.0	1.33	28.0	3	159.0	998.0	0.0	305.6200	576346.0	998.0
poi-20-1	2.0	0.67	14.0	1	79.0	301.0	0.0	0.3355	849.0	301.0
poi-20-1	2.0	0.67	14.0	1	159.0	634.0	0.0	3.6001	19087.0	634.0
poi-20-1	2.0	0.67	14.0	2	79.0	301.0	0.0	0.3558	898.0	301.0
poi-20-1	2.0	0.67	14.0	2	159.0	634.0	0.0	4.6528	25114.0	634.0
poi-20-1	2.0	0.67	14.0	3	79.0	301.0	0.0	0.4265	704.0	301.0
poi-20-1	2.0	0.67	14.0	3	159.0	634.0	0.0	6.2363	23121.0	634.0
poi-20-1	2.0	0.67	28.0	1	79.0	317.0	0.0	1.4787	3975.0	317.0
poi-20-1	2.0	0.67	28.0	1	159.0	695.0	0.0	36.7364	164603.0	694.9999999999999
poi-20-1	2.0	0.67	28.0	2	79.0	363.0	0.0	2.6751	3392.0	363.0
poi-20-1	2.0	0.67	28.0	2	159.0	735.0	0.0	28.9678	79648.0	735.0
poi-20-1	2.0	0.67	28.0	3	79.0	363.0	0.0	3.2569	3049.0	363.0
poi-20-1	2.0	0.67	28.0	3	159.0	735.0	0.0	25.1526	44849.0	735.0
poi-20-1	2.0	1.0	14.0	1	79.0	301.0	0.0	0.5283	1517.0	301.0
poi-20-1	2.0	1.0	14.0	1	159.0	663.0	0.0	5.3016	25544.0	663.0
poi-20-1	2.0	1.0	14.0	2	79.0	301.0	0.0	0.4608	1356.0	301.0
poi-20-1	2.0	1.0	14.0	2	159.0	684.0	0.0	7.0945	25192.0	684.0
poi-20-1	2.0	1.0	14.0	3	79.0	301.0	0.0	0.6307	1341.0	301.0
poi-20-1	2.0	1.0	14.0	3	159.0	684.0	0.0	8.6023	40679.0	684.0
poi-20-1	2.0	1.0	28.0	1	79.0	365.0	0.0	1.4884	5922.0	365.0
poi-20-1	2.0	1.0	28.0	1	159.0	825.0	0.0	63.1014	228328.0	824.9999999999999
poi-20-1	2.0	1.0	28.0	2	79.0	443.0	0.0	3.4628	6186.0	443.0
poi-20-1	2.0	1.0	28.0	2	159.0	884.0	0.0	100.2936	112145.0	884.0
poi-20-1	2.0	1.0	28.0	3	79.0	483.0	0.0	6.6099	6882.0	483.0
poi-20-1	2.0	1.0	28.0	3	159.0	884.0	0.0	121.8943	175503.0	884.0
poi-20-1	2.0	1.33	14.0	1	79.0	352.0	0.0	0.3136	1423.0	352.0
poi-20-1	2.0	1.33	14.0	1	159.0	735.0	0.0	2.4359	17429.0	735.0
poi-20-1	2.0	1.33	14.0	2	79.0	352.0	0.0	0.4688	720.0	352.0
poi-20-1	2.0	1.33	14.0	2	159.0	762.0	0.0	5.0178	15244.0	762.0
poi-20-1	2.0	1.33	14.0	3	79.0	352.0	0.0	0.3900	1418.0	352.0
poi-20-1	2.0	1.33	14.0	3	159.0	762.0	0.0	3.3224	18305.0	762.0
poi-20-1	2.0	1.33	28.0	1	79.0	438.0	0.0	1.2372	6547.0	438.0
poi-20-1	2.0	1.33	28.0	1	159.0	964.0	0.0	23.1364	107064.0	964.0
poi-20-1	2.0	1.33	28.0	2	79.0	538.0	0.0	3.1338	7406.0	538.0
poi-20-1	2.0	1.33	28.0	2	159.0	1049.0	0.0	30.2448	75722.0	1049.0
poi-20-1	2.0	1.33	28.0	3	79.0	612.0	0.0	3.2298	4905.0	612.0
poi-20-1	2.0	1.33	28.0	3	159.0	1082.0	0.0	25.5047	27654.0	1082.0
poi-20-2	1.0	0.67	13.0	1	80.0	291.0	0.0	0.3987	1008.0	291.0
poi-20-2	1.0	0.67	13.0	1	160.0	691.0	0.0	0.4188	4544.0	691.0
poi-20-2	1.0	0.67	13.0	2	80.0	291.0	0.0	0.2584	786.0	291.0
poi-20-2	1.0	0.67	13.0	2	160.0	699.0	0.0	0.4066	2617.0	699.0
poi-20-2	1.0	0.67	13.0	3	80.0	291.0	0.0	0.4037	936.0	291.0
poi-20-2	1.0	0.67	13.0	3	160.0	699.0	0.0	0.5779	3782.0	699.0
poi-20-2	1.0	0.67	26.0	1	80.0	335.0	0.0	0.6487	1490.0	335.0
poi-20-2	1.0	0.67	26.0	1	160.0	748.0	0.0	8.6843	29457.0	748.0
poi-20-2	1.0	0.67	26.0	2	80.0	335.0	0.0	1.2123	2205.0	335.0
poi-20-2	1.0	0.67	26.0	2	160.0	760.0	0.0	10.7351	20533.0	760.0
poi-20-2	1.0	0.67	26.0	3	80.0	335.0	0.0	1.8681	2287.0	335.0
poi-20-2	1.0	0.67	26.0	3	160.0	760.0	0.0	9.9492	15078.0	760.0
poi-20-2	1.0	1.0	13.0	1	80.0	291.0	0.0	0.2514	1140.0	291.0
poi-20-2	1.0	1.0	13.0	1	160.0	701.0	0.0	0.3463	2161.0	701.0
poi-20-2	1.0	1.0	13.0	2	80.0	291.0	0.0	0.4690	806.0	291.0
poi-20-2	1.0	1.0	13.0	2	160.0	713.0	0.0	0.6264	4207.0	713.0
poi-20-2	1.0	1.0	13.0	3	80.0	291.0	0.0	0.3068	788.0	291.0
poi-20-2	1.0	1.0	13.0	3	160.0	713.0	0.0	0.5061	2379.0	713.0
poi-20-2	1.0	1.0	26.0	1	80.0	359.0	0.0	0.8179	1769.0	359.0
poi-20-2	1.0	1.0	26.0	1	160.0	833.0	0.0	24.8602	105269.0	833.0
poi-20-2	1.0	1.0	26.0	2	80.0	359.0	0.0	1.3577	2059.0	359.0
poi-20-2	1.0	1.0	26.0	2	160.0	893.0	0.0	20.5182	32554.0	893.0
poi-20-2	1.0	1.0	26.0	3	80.0	366.0	0.0	2.2539	1989.0	366.0
poi-20-2	1.0	1.0	26.0	3	160.0	918.0	0.0	9.3220	10996.0	918.0
poi-20-2	1.0	1.33	13.0	1	80.0	306.0	0.0	0.4942	1097.0	306.0
poi-20-2	1.0	1.33	13.0	1	160.0	732.0	0.0	0.5806	4934.0	732.0
poi-20-2	1.0	1.33	13.0	2	80.0	306.0	0.0	0.5370	1269.0	306.0
poi-20-2	1.0	1.33	13.0	2	160.0	747.0	0.0	0.3095	634.0	747.0
poi-20-2	1.0	1.33	13.0	3	80.0	306.0	0.0	0.4220	1126.0	306.0
poi-20-2	1.0	1.33	13.0	3	160.0	747.0	0.0	0.5328	3132.0	747.0
poi-20-2	1.0	1.33	26.0	1	80.0	438.0	0.0	0.8679	1771.0	438.0
poi-20-2	1.0	1.33	26.0	1	160.0	992.0	0.0	12.4330	63093.0	992.0
poi-20-2	1.0	1.33	26.0	2	80.0	441.0	0.0	1.6238	1741.0	441.0
poi-20-2	1.0	1.33	26.0	2	160.0	1040.0	0.0	15.9922	23584.0	1040.0
poi-20-2	1.0	1.33	26.0	3	80.0	441.0	0.0	1.5591	1425.0	441.0
poi-20-2	1.0	1.33	26.0	3	160.0	1071.0	0.0	7.8182	13643.0	1071.0
poi-20-2	2.0	0.67	13.0	1	80.0	291.0	0.0	0.5081	1282.0	291.0
poi-20-2	2.0	0.67	13.0	1	160.0	696.0	0.0	0.2628	1417.0	696.0
poi-20-2	2.0	0.67	13.0	2	80.0	291.0	0.0	0.3185	956.0	291.0
poi-20-2	2.0	0.67	13.0	2	160.0	699.0	0.0	0.5668	3115.0	699.0
poi-20-2	2.0	0.67	13.0	3	80.0	291.0	0.0	0.4309	941.0	291.0
poi-20-2	2.0	0.67	13.0	3	160.0	699.0	0.0	0.4592	2064.0	699.0
poi-20-2	2.0	0.67	26.0	1	80.0	335.0	0.0	0.8777	1689.0	335.0
poi-20-2	2.0	0.67	26.0	1	160.0	782.0	0.0	1.7096	7692.0	782.0
poi-20-2	2.0	0.67	26.0	2	80.0	378.0	0.0	1.3450	1946.0	378.0
poi-20-2	2.0	0.67	26.0	2	160.0	791.0	0.0	2.8162	7638.0	791.0
poi-20-2	2.0	0.67	26.0	3	80.0	378.0	0.0	1.6550	2440.0	378.0
poi-20-2	2.0	0.67	26.0	3	160.0	791.0	0.0	2.6454	5072.0	791.0
poi-20-2	2.0	1.0	13.0	1	80.0	291.0	0.0	0.3181	1270.0	291.0
poi-20-2	2.0	1.0	13.0	1	160.0	716.0	0.0	0.2386	916.0	716.0
poi-20-2	2.0	1.0	13.0	2	80.0	291.0	0.0	0.4195	1460.0	291.0
poi-20-2	2.0	1.0	13.0	2	160.0	716.0	0.0	0.3765	850.0	716.0
poi-20-2	2.0	1.0	13.0	3	80.0	291.0	0.0	0.4133	800.0	291.0
poi-20-2	2.0	1.0	13.0	3	160.0	716.0	0.0	0.3395	663.0	716.0
poi-20-2	2.0	1.0	26.0	1	80.0	394.0	0.0	0.7639	2221.0	394.0
poi-20-2	2.0	1.0	26.0	1	160.0	906.0	0.0	1.6578	2941.0	906.0
poi-20-2	2.0	1.0	26.0	2	80.0	465.0	0.0	1.1548	1758.0	465.0
poi-20-2	2.0	1.0	26.0	2	160.0	927.0	0.0	2.6124	2369.0	927.0
poi-20-2	2.0	1.0	26.0	3	80.0	465.0	0.0	1.8311	1647.0	465.0000000000001
poi-20-2	2.0	1.0	26.0	3	160.0	927.0	0.0	4.1415	4074.0	927.0
poi-20-2	2.0	1.33	13.0	1	80.0	306.0	0.0	0.5011	879.0	306.0
poi-20-2	2.0	1.33	13.0	1	160.0	750.0	0.0	0.3459	822.0	750.0
poi-20-2	2.0	1.33	13.0	2	80.0	306.0	0.0	0.3669	854.0	306.0
poi-20-2	2.0	1.33	13.0	2	160.0	750.0	0.0	0.5260	2916.0	750.0
poi-20-2	2.0	1.33	13.0	3	80.0	306.0	0.0	0.3214	913.0	306.0
poi-20-2	2.0	1.33	13.0	3	160.0	750.0	0.0	0.5485	2792.0	750.0
poi-20-2	2.0	1.33	26.0	1	80.0	468.0	0.0	0.8297	2476.0	467.99999999999994
poi-20-2	2.0	1.33	26.0	1	160.0	1065.0	0.0	1.7871	6139.0	1065.0
poi-20-2	2.0	1.33	26.0	2	80.0	562.0	0.0	1.0795	1466.0	562.0
poi-20-2	2.0	1.33	26.0	2	160.0	1112.0	0.0	2.0405	3894.0	1112.0
poi-20-2	2.0	1.33	26.0	3	80.0	562.0	0.0	1.7300	1485.0	562.0
poi-20-2	2.0	1.33	26.0	3	160.0	1112.0	0.0	1.7541	1920.0	1112.0
poi-20-3	1.0	0.67	15.0	1	85.0	336.0	0.0	0.1670	620.0	336.0
poi-20-3	1.0	0.67	15.0	1	171.0	743.0	0.0	1.1793	6725.0	743.0
poi-20-3	1.0	0.67	15.0	2	85.0	336.0	0.0	0.1527	235.0	336.0
poi-20-3	1.0	0.67	15.0	2	171.0	743.0	0.0	0.7943	3463.0	743.0
poi-20-3	1.0	0.67	15.0	3	85.0	336.0	0.0	0.2231	328.0	336.0
poi-20-3	1.0	0.67	15.0	3	171.0	743.0	0.0	0.8456	4138.0	743.0
poi-20-3	1.0	0.67	31.0	1	85.0	336.0	0.0	0.6151	888.0	336.0
poi-20-3	1.0	0.67	31.0	1	171.0	769.0	0.0	6.5770	17221.0	769.0
poi-20-3	1.0	0.67	31.0	2	85.0	336.0	0.0	1.1020	962.0	336.0
poi-20-3	1.0	0.67	31.0	2	171.0	769.0	0.0	12.2643	23455.0	769.0
poi-20-3	1.0	0.67	31.0	3	85.0	353.0	0.0	1.1709	991.0	353.0
poi-20-3	1.0	0.67	31.0	3	171.0	769.0	0.0	30.4205	59415.0	769.0
poi-20-3	1.0	1.0	15.0	1	85.0	336.0	0.0	0.1445	414.0	336.0
poi-20-3	1.0	1.0	15.0	1	171.0	773.0	0.0	1.2459	8533.0	773.0
poi-20-3	1.0	1.0	15.0	2	85.0	336.0	0.0	0.1684	445.0	336.0
poi-20-3	1.0	1.0	15.0	2	171.0	773.0	0.0	2.3837	9901.0	773.0
poi-20-3	1.0	1.0	15.0	3	85.0	336.0	0.0	0.2228	495.0	336.0
poi-20-3	1.0	1.0	15.0	3	171.0	773.0	0.0	2.7747	13318.0	773.0
poi-20-3	1.0	1.0	31.0	1	85.0	336.0	0.0	1.4179	1434.0	336.0
poi-20-3	1.0	1.0	31.0	1	171.0	812.0	0.0	91.0079	471637.0	812.0
poi-20-3	1.0	1.0	31.0	2	85.0	372.0	0.0	2.2611	1410.0	372.0
poi-20-3	1.0	1.0	31.0	2	171.0	859.0	0.0	133.7635	241691.0	859.0
poi-20-3	1.0	1.0	31.0	3	85.0	431.0	0.0	5.0110	1959.0	431.0
poi-20-3	1.0	1.0	31.0	3	171.0	906.0	0.0	210.5037	209737.0	906.0
poi-20-3	1.0	1.33	15.0	1	85.0	387.0	0.0	0.2125	220.0	387.0
poi-20-3	1.0	1.33	15.0	1	171.0	832.0	0.0	0.4614	2753.0	832.0
poi-20-3	1.0	1.33	15.0	2	85.0	387.0	0.0	0.3384	447.0	387.0
poi-20-3	1.0	1.33	15.0	2	171.0	840.0	0.0	2.3446	8017.0	840.0
poi-20-3	1.0	1.33	15.0	3	85.0	387.0	0.0	0.1835	333.0	387.0
poi-20-3	1.0	1.33	15.0	3	171.0	840.0	0.0	2.8501	9505.0	840.0
poi-20-3	1.0	1.33	31.0	1	85.0	419.0	0.0	0.5562	1388.0	419.0
poi-20-3	1.0	1.33	31.0	1	171.0	960.0	0.0	75.3715	359452.0	960.0
poi-20-3	1.0	1.33	31.0	2	85.0	441.0	0.0	1.1814	1289.0	441.0
poi-20-3	1.0	1.33	31.0	2	171.0	1060.0	0.0	140.7631	285407.0	1060.0
poi-20-3	1.0	1.33	31.0	3	85.0	540.0	0.0	1.4717	1266.0	540.0
poi-20-3	1.0	1.33	31.0	3	171.0	1143.0	0.0	232.4436	294820.0	1143.0
poi-20-3	2.0	0.67	15.0	1	85.0	336.0	0.0	0.1472	246.0	336.0
poi-20-3	2.0	0.67	15.0	1	171.0	755.0	0.0	0.6974	4371.0	755.0
poi-20-3	2.0	0.67	15.0	2	85.0	336.0	0.0	0.1474	244.0	336.0
poi-20-3	2.0	0.67	15.0	2	171.0	755.0	0.0	0.9680	4601.0	755.0
poi-20-3	2.0	0.67	15.0	3	85.0	336.0	0.0	0.2140	361.0	336.0
poi-20-3	2.0	0.67	15.0	3	171.0	755.0	0.0	0.6575	2447.0	755.0
poi-20-3	2.0	0.67	31.0	1	85.0	336.0	0.0	0.6427	540.0	336.0
poi-20-3	2.0	0.67	31.0	1	171.0	769.0	0.0	6.9703	16564.0	769.0
poi-20-3	2.0	0.67	31.0	2	85.0	382.0	0.0	1.1806	1472.0	382.0
poi-20-3	2.0	0.67	31.0	2	171.0	769.0	0.0	16.8228	40571.0	769.0
poi-20-3	2.0	0.67	31.0	3	85.0	387.0	0.0	1.5153	1012.0	387.0
poi-20-3	2.0	0.67	31.0	3	171.0	801.0	0.0	11.9583	14908.0	801.0
poi-20-3	2.0	1.0	15.0	1	85.0	336.0	0.0	0.1964	172.0	336.0
poi-20-3	2.0	1.0	15.0	1	171.0	773.0	0.0	1.0636	10064.0	773.0
poi-20-3	2.0	1.0	15.0	2	85.0	336.0	0.0	0.1944	715.0	336.0
poi-20-3	2.0	1.0	15.0	2	171.0	773.0	0.0	1.2596	8352.0	773.0
poi-20-3	2.0	1.0	15.0	3	85.0	336.0	0.0	0.1909	370.0	336.0
poi-20-3	2.0	1.0	15.0	3	171.0	773.0	0.0	1.0652	5569.0	773.0
poi-20-3	2.0	1.0	31.0	1	85.0	372.0	0.0	0.5347	1144.0	372.0
poi-20-3	2.0	1.0	31.0	1	171.0	859.0	0.0	22.1707	102106.0	859.0
poi-20-3	2.0	1.0	31.0	2	85.0	475.0	0.0	1.0795	1313.0	475.0
poi-20-3	2.0	1.0	31.0	2	171.0	975.0	0.0	15.9803	28669.0	975.0
poi-20-3	2.0	1.0	31.0	3	85.0	483.0	0.0	1.2783	718.0	483.0
poi-20-3	2.0	1.0	31.0	3	171.0	999.0	0.0	2.4028	983.0	999.0
poi-20-3	2.0	1.33	15.0	1	85.0	387.0	0.0	0.1850	166.0	387.0
poi-20-3	2.0	1.33	15.0	1	171.0	833.0	0.0	0.8556	6565.0	833.0
poi-20-3	2.0	1.33	15.0	2	85.0	387.0	0.0	0.1646	341.0	387.0
poi-20-3	2.0	1.33	15.0	2	171.0	841.0	0.0	1.3955	8886.0	841.0
poi-20-3	2.0	1.33	15.0	3	85.0	387.0	0.0	0.2116	660.0	387.0
poi-20-3	2.0	1.33	15.0	3	171.0	841.0	0.0	2.1396	5477.0	841.0
poi-20-3	2.0	1.33	31.0	1	85.0	457.0	0.0	0.6948	1260.0	457.0
poi-20-3	2.0	1.33	31.0	1	171.0	1026.0	0.0	23.3746	82990.0	1026.0
poi-20-3	2.0	1.33	31.0	2	85.0	598.0	0.0	1.2102	1000.0	598.0
poi-20-3	2.0	1.33	31.0	2	171.0	1183.0	0.0	14.7498	19152.0	1183.0
poi-20-3	2.0	1.33	31.0	3	85.0	608.0	0.0	1.5111	891.0	608.0
poi-20-3	2.0	1.33	31.0	3	171.0	1251.0	0.0	1.1196	120.0	1251.0
poi-20-4	1.0	0.67	13.0	1	78.0	412.0	0.0	0.3801	965.0	412.0
poi-20-4	1.0	0.67	13.0	1	157.0	797.0	0.0	0.7170	3935.0	797.0
poi-20-4	1.0	0.67	13.0	2	78.0	412.0	0.0	0.3608	707.0	412.0
poi-20-4	1.0	0.67	13.0	2	157.0	797.0	0.0	0.9095	4374.0	797.0
poi-20-4	1.0	0.67	13.0	3	78.0	412.0	0.0	0.3980	869.0	412.0
poi-20-4	1.0	0.67	13.0	3	157.0	797.0	0.0	2.6343	10495.0	797.0
poi-20-4	1.0	0.67	26.0	1	78.0	412.0	0.0	0.9052	2228.0	412.0
poi-20-4	1.0	0.67	26.0	1	157.0	797.0	0.0	17.7043	73160.0	797.0
poi-20-4	1.0	0.67	26.0	2	78.0	429.0	0.0	1.8306	2863.0	429.0
poi-20-4	1.0	0.67	26.0	2	157.0	819.0	0.0	26.5582	56889.0	819.0
poi-20-4	1.0	0.67	26.0	3	78.0	452.0	0.0	1.7755	3185.0	452.0
poi-20-4	1.0	0.67	26.0	3	157.0	827.0	0.0	19.5605	27208.0	827.0
poi-20-4	1.0	1.0	13.0	1	78.0	412.0	0.0	0.2600	1131.0	412.0
poi-20-4	1.0	1.0	13.0	1	157.0	811.0	0.0	1.5322	5548.0	811.0
poi-20-4	1.0	1.0	13.0	2	78.0	412.0	0.0	0.2590	736.0	412.0
poi-20-4	1.0	1.0	13.0	2	157.0	811.0	0.0	0.7461	3146.0	811.0
poi-20-4	1.0	1.0	13.0	3	78.0	412.0	0.0	0.4236	1304.0	412.0
poi-20-4	1.0	1.0	13.0	3	157.0	811.0	0.0	1.1697	3896.0	811.0
poi-20-4	1.0	1.0	26.0	1	78.0	429.0	0.0	0.9875	3696.0	429.0
poi-20-4	1.0	1.0	26.0	1	157.0	848.0	0.0	171.7493	906669.0	848.0
poi-20-4	1.0	1.0	26.0	2	78.0	476.0	0.0	3.9422	2171.0	476.0
poi-20-4	1.0	1.0	26.0	2	157.0	905.0	0.0	132.3930	367332.0	905.0
poi-20-4	1.0	1.0	26.0	3	78.0	511.0	0.0	2.5342	3563.0	510.99999999999994
poi-20-4	1.0	1.0	26.0	3	157.0	917.0	0.0	56.4583	105164.0	917.0
poi-20-4	1.0	1.33	13.0	1	78.0	466.0	0.0	0.2144	623.0	466.0
poi-20-4	1.0	1.33	13.0	1	157.0	865.0	0.0	0.6121	4047.0	865.0
poi-20-4	1.0	1.33	13.0	2	78.0	479.0	0.0	0.2539	907.0	479.0
poi-20-4	1.0	1.33	13.0	2	157.0	892.0	0.0	0.4337	164.0	892.0
poi-20-4	1.0	1.33	13.0	3	78.0	479.0	0.0	0.3244	1020.0	479.0
poi-20-4	1.0	1.33	13.0	3	157.0	892.0	0.0	0.5631	662.0	892.0
poi-20-4	1.0	1.33	26.0	1	78.0	510.0	0.0	1.0121	2363.0	510.0
poi-20-4	1.0	1.33	26.0	1	157.0	1014.0	0.0	33.8967	142901.0	1014.0
poi-20-4	1.0	1.33	26.0	2	78.0	570.0	0.0	2.8633	2765.0	570.0
poi-20-4	1.0	1.33	26.0	2	157.0	1045.0	0.0	84.9001	255874.0	1045.0
poi-20-4	1.0	1.33	26.0	3	78.0	585.0	0.0	2.8188	5950.0	585.0
poi-20-4	1.0	1.33	26.0	3	157.0	1085.0	0.0	56.5174	96087.0	1085.0
poi-20-4	2.0	0.67	13.0	1	78.0	412.0	0.0	0.1979	945.0	412.0
poi-20-4	2.0	0.67	13.0	1	157.0	797.0	0.0	0.4360	3004.0	797.0
poi-20-4	2.0	0.67	13.0	2	78.0	412.0	0.0	0.3011	1056.0	412.0
poi-20-4	2.0	0.67	13.0	2	157.0	797.0	0.0	0.8375	5577.0	797.0
poi-20-4	2.0	0.67	13.0	3	78.0	412.0	0.0	0.4386	654.0	412.0
poi-20-4	2.0	0.67	13.0	3	157.0	797.0	0.0	1.1548	6112.0	797.0
poi-20-4	2.0	0.67	26.0	1	78.0	433.0	0.0	0.9660	3089.0	433.0
poi-20-4	2.0	0.67	26.0	1	157.0	879.0	0.0	2.4617	5425.0	879.0
poi-20-4	2.0	0.67	26.0	2	78.0	456.0	0.0	1.6615	2197.0	456.0
poi-20-4	2.0	0.67	26.0	2	157.0	903.0	0.0	3.5928	5187.0	903.0000000000055
poi-20-4	2.0	0.67	26.0	3	78.0	456.0	0.0	1.7985	2908.0	456.0
poi-20-4	2.0	0.67	26.0	3	157.0	903.0	0.0	1.9272	3622.0	903.0
poi-20-4	2.0	1.0	13.0	1	78.0	412.0	0.0	0.4427	840.0	412.0
poi-20-4	2.0	1.0	13.0	1	157.0	811.0	0.0	0.5680	4507.0	811.0
poi-20-4	2.0	1.0	13.0	2	78.0	412.0	0.0	0.2622	863.0	412.0
poi-20-4	2.0	1.0	13.0	2	157.0	811.0	0.0	0.7012	3806.0	811.0
poi-20-4	2.0	1.0	13.0	3	78.0	412.0	0.0	0.3301	1105.0	412.0
poi-20-4	2.0	1.0	13.0	3	157.0	811.0	0.0	1.1748	5574.0	811.0
poi-20-4	2.0	1.0	26.0	1	78.0	478.0	0.0	0.7834	1860.0	478.0
poi-20-4	2.0	1.0	26.0	1	157.0	961.0	0.0	12.8179	28546.0	961.0
poi-20-4	2.0	1.0	26.0	2	78.0	520.0	0.0	1.4100	2894.0	520.0
poi-20-4	2.0	1.0	26.0	2	157.0	998.0	0.0	11.9616	24698.0	998.0
poi-20-4	2.0	1.0	26.0	3	78.0	520.0	0.0	2.4844	4352.0	520.0
poi-20-4	2.0	1.0	26.0	3	157.0	998.0	0.0	8.6368	6035.0	998.0
poi-20-4	2.0	1.33	13.0	1	78.0	466.0	0.0	0.2821	619.0	466.0
poi-20-4	2.0	1.33	13.0	1	157.0	865.0	0.0	0.4452	2774.0	865.0
poi-20-4	2.0	1.33	13.0	2	78.0	479.0	0.0	0.2638	861.0	479.0
poi-20-4	2.0	1.33	13.0	2	157.0	892.0	0.0	0.3759	772.0	892.0000000000001
poi-20-4	2.0	1.33	13.0	3	78.0	479.0	0.0	0.3473	358.0	479.0
poi-20-4	2.0	1.33	13.0	3	157.0	892.0	0.0	0.3788	874.0	892.0
poi-20-4	2.0	1.33	26.0	1	78.0	550.0	0.0	0.7802	2842.0	550.0
poi-20-4	2.0	1.33	26.0	1	157.0	1078.0	0.0	9.3616	26139.0	1078.0
poi-20-4	2.0	1.33	26.0	2	78.0	599.0	0.0	2.1091	3339.0	599.0
poi-20-4	2.0	1.33	26.0	2	157.0	1171.0	0.0	8.6286	12298.0	1171.0
poi-20-4	2.0	1.33	26.0	3	78.0	623.0	0.0	2.3952	4760.0	623.0
poi-20-4	2.0	1.33	26.0	3	157.0	1180.0	0.0	9.8255	13228.0	1180.0
poi-20-5	1.0	0.67	13.0	1	74.0	303.0	0.0	0.4380	2189.0	303.0
poi-20-5	1.0	0.67	13.0	1	149.0	726.0	0.0	3.4208	28425.0	726.0
poi-20-5	1.0	0.67	13.0	2	74.0	303.0	0.0	0.4613	1692.0	303.0
poi-20-5	1.0	0.67	13.0	2	149.0	726.0	0.0	2.6424	16482.0	726.0
poi-20-5	1.0	0.67	13.0	3	74.0	303.0	0.0	0.4428	1963.0	303.0
poi-20-5	1.0	0.67	13.0	3	149.0	726.0	0.0	3.7278	19497.0	726.0
poi-20-5	1.0	0.67	26.0	1	74.0	308.0	0.0	0.6934	2312.0	308.0
poi-20-5	1.0	0.67	26.0	1	149.0	751.0	0.0	13.7235	76064.0	751.0
poi-20-5	1.0	0.67	26.0	2	74.0	334.0	0.0	1.2370	3444.0	334.0
poi-20-5	1.0	0.67	26.0	2	149.0	763.0	0.0	21.0345	79483.0	763.0
poi-20-5	1.0	0.67	26.0	3	74.0	334.0	0.0	1.4873	3210.0	334.0
poi-20-5	1.0	0.67	26.0	3	149.0	763.0	0.0	18.3132	39435.0	763.0
poi-20-5	1.0	1.0	13.0	1	74.0	333.0	0.0	0.2793	1500.0	333.0
poi-20-5	1.0	1.0	13.0	1	149.0	739.0	0.0	7.0669	45183.0	739.0
poi-20-5	1.0	1.0	13.0	2	74.0	333.0	0.0	0.4172	1644.0	332.99999999999994
poi-20-5	1.0	1.0	13.0	2	149.0	762.0	0.0	6.2187	30616.0	762.0
poi-20-5	1.0	1.0	13.0	3	74.0	333.0	0.0	0.5477	1858.0	333.0
poi-20-5	1.0	1.0	13.0	3	149.0	762.0	0.0	5.6128	20694.0	762.0
poi-20-5	1.0	1.0	26.0	1	74.0	341.0	0.0	1.0351	2901.0	341.0
poi-20-5	1.0	1.0	26.0	1	149.0	824.0	0.0	120.3505	319432.0	824.0
poi-20-5	1.0	1.0	26.0	2	74.0	380.0	0.0	1.2739	2369.0	380.0
poi-20-5	1.0	1.0	26.0	2	149.0	851.0	0.0	71.1197	195133.0	851.0
poi-20-5	1.0	1.0	26.0	3	74.0	380.0	0.0	1.7506	2805.0	380.0
poi-20-5	1.0	1.0	26.0	3	149.0	851.0	0.0	97.0660	262263.0	851.0
poi-20-5	1.0	1.33	13.0	1	74.0	361.0	0.0	0.4626	1700.0	361.0
poi-20-5	1.0	1.33	13.0	1	149.0	799.0	0.0	5.2071	37249.0	799.0
poi-20-5	1.0	1.33	13.0	2	74.0	361.0	0.0	0.4715	1741.0	361.0
poi-20-5	1.0	1.33	13.0	2	149.0	843.0	0.0	4.2175	16663.0	843.0
poi-20-5	1.0	1.33	13.0	3	74.0	361.0	0.0	0.7964	2548.0	361.0
poi-20-5	1.0	1.33	13.0	3	149.0	855.0	0.0	3.4495	15117.0	855.0
poi-20-5	1.0	1.33	26.0	1	74.0	405.0	0.0	0.8717	2954.0	405.0
poi-20-5	1.0	1.33	26.0	1	149.0	963.0	0.0	29.6051	157342.0	963.0
poi-20-5	1.0	1.33	26.0	2	74.0	456.0	0.0	1.4929	2967.0	456.0
poi-20-5	1.0	1.33	26.0	2	149.0	1006.0	0.0	49.8754	149162.0	1006.0
poi-20-5	1.0	1.33	26.0	3	74.0	479.0	0.0	1.5885	2943.0	479.0000000000003
poi-20-5	1.0	1.33	26.0	3	149.0	1013.0	0.0	97.1229	239884.0	1013.0
poi-20-5	2.0	0.67	13.0	1	74.0	303.0	0.0	0.4550	2768.0	303.0
poi-20-5	2.0	0.67	13.0	1	149.0	726.0	0.0	2.0727	17089.0	726.0
poi-20-5	2.0	0.67	13.0	2	74.0	303.0	0.0	0.4329	2844.0	303.0
poi-20-5	2.0	0.67	13.0	2	149.0	726.0	0.0	3.0619	15811.0	726.0
poi-20-5	2.0	0.67	13.0	3	74.0	303.0	0.0	0.4322	1723.0	303.0
poi-20-5	2.0	0.67	13.0	3	149.0	726.0	0.0	3.7828	22680.0	726.0
poi-20-5	2.0	0.67	26.0	1	74.0	341.0	0.0	0.6698	2538.0	341.0
poi-20-5	2.0	0.67	26.0	1	149.0	785.0	0.0	6.1267	23555.0	785.0
poi-20-5	2.0	0.67	26.0	2	74.0	387.0	0.0	1.3490	3038.0	387.0
poi-20-5	2.0	0.67	26.0	2	149.0	785.0	0.0	8.8208	16339.0	785.0
poi-20-5	2.0	0.67	26.0	3	74.0	425.0	0.0	2.2480	3005.0	425.0
poi-20-5	2.0	0.67	26.0	3	149.0	785.0	0.0	10.3106	14791.0	785.0
poi-20-5	2.0	1.0	13.0	1	74.0	333.0	0.0	0.3632	2269.0	333.0
poi-20-5	2.0	1.0	13.0	1	149.0	762.0	0.0	3.9347	19143.0	762.0
poi-20-5	2.0	1.0	13.0	2	74.0	333.0	0.0	0.4006	1955.0	333.0
poi-20-5	2.0	1.0	13.0	2	149.0	762.0	0.0	5.2238	26503.0	762.0
poi-20-5	2.0	1.0	13.0	3	74.0	333.0	0.0	0.5119	1811.0	333.0
poi-20-5	2.0	1.0	13.0	3	149.0	762.0	0.0	6.4185	29123.0	762.0
poi-20-5	2.0	1.0	26.0	1	74.0	390.0	0.0	0.8395	3037.0	390.0
poi-20-5	2.0	1.0	26.0	1	149.0	868.0	0.0	13.1647	31375.0	868.0
poi-20-5	2.0	1.0	26.0	2	74.0	460.0	0.0	1.1137	1972.0	460.0
poi-20-5	2.0	1.0	26.0	2	149.0	902.0	0.0	19.1991	25893.0	902.0
poi-20-5	2.0	1.0	26.0	3	74.0	517.0	0.0	1.7266	2522.0	517.0
poi-20-5	2.0	1.0	26.0	3	149.0	902.0	0.0	26.6438	21420.0	902.0
poi-20-5	2.0	1.33	13.0	1	74.0	361.0	0.0	0.3030	1651.0	361.0
poi-20-5	2.0	1.33	13.0	1	149.0	843.0	0.0	3.1535	13783.0	843.0
poi-20-5	2.0	1.33	13.0	2	74.0	361.0	0.0	0.8753	2530.0	361.0
poi-20-5	2.0	1.33	13.0	2	149.0	855.0	0.0	1.3502	10527.0	855.0
poi-20-5	2.0	1.33	13.0	3	74.0	361.0	0.0	0.5193	2437.0	361.0
poi-20-5	2.0	1.33	13.0	3	149.0	855.0	0.0	1.6125	11018.0	855.0
poi-20-5	2.0	1.33	26.0	1	74.0	456.0	0.0	0.9567	2371.0	456.0
poi-20-5	2.0	1.33	26.0	1	149.0	1019.0	0.0	6.2937	23092.0	1019.0
poi-20-5	2.0	1.33	26.0	2	74.0	528.0	0.0	1.2985	2549.0	528.0
poi-20-5	2.0	1.33	26.0	2	149.0	1077.0	0.0	8.1855	17511.0	1077.0
poi-20-5	2.0	1.33	26.0	3	74.0	603.0	0.0	1.8036	1569.0	603.0
poi-20-5	2.0	1.33	26.0	3	149.0	1088.0	0.0	5.4699	9750.0	1088.0
poi-30-1	2.0	1.0	26.0	2	85.0	758.0	0.0	84.5043	42090.0	758.0
poi-30-1	2.0	1.0	26.0	2	171.0	0	0.03810868031051469	3600.0089	1129117.0	1470.9999999999993
poi-30-1	2.0	1.0	26.0	3	85.0	808.0	0.0	89.4466	26247.0	808.0
poi-30-1	2.0	1.0	26.0	3	171.0	0	0.03810868031050603	3600.1673	847314.0	1470.999999999987
poi-30-1	2.0	1.33	13.0	1	85.0	634.0	0.0	12.1099	22731.0	634.0
poi-30-1	2.0	1.33	13.0	1	171.0	1251.0	0.0	271.5784	619830.0	1251.0
poi-30-1	2.0	1.33	13.0	2	85.0	658.0	0.0	9.8678	14160.0	658.0
poi-30-1	2.0	1.33	13.0	2	171.0	1290.0	0.0	185.8213	379147.0	1290.0
poi-30-1	2.0	1.33	13.0	3	85.0	680.0	0.0	18.8165	17501.0	680.0000000000001
poi-30-1	2.0	1.33	13.0	3	171.0	1293.0	0.0	218.3620	420684.0	1293.0
poi-30-1	2.0	1.33	26.0	1	85.0	836.0	0.0	34.6281	53746.0	836.0
poi-30-1	2.0	1.33	26.0	1	171.0	1620.0	0.0	1309.3533	1516686.0	1620.0
poi-30-1	2.0	1.33	26.0	2	85.0	912.0	0.0	179.6599	157925.0	912.0000000000001
poi-30-1	2.0	1.33	26.0	2	171.0	1735.0	0.0	622.6451	398141.0	1735.0
poi-30-1	2.0	1.33	26.0	3	85.0	980.0	0.0	166.5158	87701.0	980.0
poi-30-1	2.0	1.33	26.0	3	171.0	1753.0	0.0	1200.5682	495627.0	1753.0
poi-30-2	1.0	0.67	12.0	1	95.0	641.0	0.0	1.9258	8464.0	641.0
poi-30-2	1.0	0.67	12.0	1	190.0	1164.0	0.0	6.6038	14650.0	1164.0
poi-30-2	1.0	0.67	12.0	2	95.0	641.0	0.0	2.6766	8493.0	641.0
poi-30-2	1.0	0.67	12.0	2	190.0	1199.0	0.0	1.7221	5884.0	1199.0
poi-30-2	1.0	0.67	12.0	3	95.0	648.0	0.0	2.1567	5760.0	648.0
poi-30-2	1.0	0.67	12.0	3	190.0	1199.0	0.0	1.9631	4192.0	1199.0
poi-30-2	1.0	0.67	25.0	1	95.0	654.0	0.0	91.7943	141828.0	654.0
poi-30-2	1.0	0.67	25.0	1	190.0	1251.0	0.0	377.8094	604727.0	1251.0
poi-30-2	1.0	0.67	25.0	2	95.0	678.0	0.0	208.5793	213343.0	678.0
poi-30-2	1.0	0.67	25.0	2	190.0	1264.0	0.0	471.1236	612229.0	1264.0
poi-30-2	1.0	0.67	25.0	3	95.0	714.0	0.0	383.3622	320198.0	714.0
poi-30-2	1.0	0.67	25.0	3	190.0	0	0.007911392405043504	3600.0793	3166437.0	1273.999999999975
poi-30-2	1.0	1.0	12.0	1	95.0	657.0	0.0	2.6258	8661.0	657.0
poi-30-2	1.0	1.0	12.0	1	190.0	1201.0	0.0	12.3997	36867.0	1201.0
poi-30-2	1.0	1.0	12.0	2	95.0	680.0	0.0	1.6999	5926.0	680.0
poi-30-2	1.0	1.0	12.0	2	190.0	1255.0	0.0	1.8280	4031.0	1254.999999999999
poi-30-2	1.0	1.0	12.0	3	95.0	680.0	0.0	2.6388	7035.0	680.0
poi-30-2	1.0	1.0	12.0	3	190.0	1255.0	0.0	2.2621	4942.0	1255.0
poi-30-2	1.0	1.0	25.0	1	95.0	701.0	0.0	124.5978	177504.0	701.0
poi-30-2	1.0	1.0	25.0	1	190.0	0	0.06254709871891416	3600.0254	4181971.0	1409.999999999999
poi-30-2	1.0	1.0	25.0	2	95.0	832.0	0.0	339.3701	469750.0	832.0
poi-30-2	1.0	1.0	25.0	2	190.0	1410.0	0.0	695.0443	922483.0	1410.0
poi-30-2	1.0	1.0	25.0	3	95.0	840.0	0.0	535.2096	468142.0	840.0
poi-30-2	1.0	1.0	25.0	3	190.0	1410.0	0.0	95.5633	48016.0	1410.0
poi-30-2	1.0	1.33	12.0	1	95.0	755.0	0.0	1.1844	5549.0	755.0
poi-30-2	1.0	1.33	12.0	1	190.0	1311.0	0.0	6.8651	21816.0	1311.0
poi-30-2	1.0	1.33	12.0	2	95.0	778.0	0.0	1.7737	6875.0	778.0
poi-30-2	1.0	1.33	12.0	2	190.0	1366.0	0.0	3.9415	5936.0	1366.0000000000002
poi-30-2	1.0	1.33	12.0	3	95.0	785.0	0.0	1.6537	3513.0	784.9999999999998
poi-30-2	1.0	1.33	12.0	3	190.0	1366.0	0.0	1.0701	883.0	1366.0
poi-30-2	1.0	1.33	25.0	1	95.0	829.0	0.0	88.0714	162937.0	828.9999999999999
poi-30-2	1.0	1.33	25.0	1	190.0	0	0.14819759679572764	3600.0476	5380066.0	1720.0
poi-30-2	1.0	1.33	25.0	2	95.0	1015.0	0.0	203.2389	226256.0	1015.0
poi-30-2	1.0	1.33	25.0	2	190.0	0	0.0166189111747851	3600.0334	2179345.0	1774.0
poi-30-2	1.0	1.33	25.0	3	95.0	1030.0	0.0	369.0236	368015.0	1030.0
poi-30-2	1.0	1.33	25.0	3	190.0	0	0.02231121281464505	3600.2633	1785669.0	1786.9999999999995
poi-30-2	2.0	0.67	12.0	1	95.0	654.0	0.0	0.8399	3596.0	654.0
poi-30-2	2.0	0.67	12.0	1	190.0	1209.0	0.0	1.3270	4883.0	1209.0
poi-30-2	2.0	0.67	12.0	2	95.0	654.0	0.0	1.5457	6073.0	654.0
poi-30-2	2.0	0.67	12.0	2	190.0	1209.0	0.0	3.6400	4699.0	1209.0
poi-30-2	2.0	0.67	12.0	3	95.0	654.0	0.0	1.5911	3968.0	654.0
poi-30-2	2.0	0.67	12.0	3	190.0	1209.0	0.0	2.2639	6334.0	1209.0
poi-30-2	2.0	0.67	25.0	1	95.0	805.0	0.0	25.7868	27284.0	805.0
poi-30-2	2.0	0.67	25.0	1	190.0	1281.0	0.0	19.5282	22344.0	1281.0
poi-30-2	2.0	0.67	25.0	2	95.0	890.0	0.0	36.5525	21374.0	890.0
poi-30-2	2.0	0.67	25.0	2	190.0	1281.0	0.0	20.8234	10577.0	1281.0
poi-30-2	2.0	0.67	25.0	3	95.0	902.0	0.0	57.7961	21762.0	902.0
poi-30-2	2.0	0.67	25.0	3	190.0	1281.0	0.0	41.6179	17495.0	1281.0
poi-30-2	2.0	1.0	12.0	1	95.0	680.0	0.0	2.0882	4976.0	680.0
poi-30-2	2.0	1.0	12.0	1	190.0	1268.0	0.0	0.9560	2012.0	1268.0
poi-30-2	2.0	1.0	12.0	2	95.0	680.0	0.0	1.5136	4078.0	680.0
poi-30-2	2.0	1.0	12.0	2	190.0	1268.0	0.0	1.1461	2723.0	1268.0
poi-30-2	2.0	1.0	12.0	3	95.0	680.0	0.0	2.0845	4041.0	680.0
poi-30-2	2.0	1.0	12.0	3	190.0	1268.0	0.0	2.0955	5229.0	1268.0
poi-30-2	2.0	1.0	25.0	1	95.0	935.0	0.0	35.5597	46523.0	935.0
poi-30-2	2.0	1.0	25.0	1	190.0	1410.0	0.0	13.8367	7348.0	1410.0
poi-30-2	2.0	1.0	25.0	2	95.0	1067.0	0.0	130.3996	99642.0	1067.0
poi-30-2	2.0	1.0	25.0	2	190.0	1410.0	0.0	23.6081	5551.0	1410.0
poi-30-2	2.0	1.0	25.0	3	95.0	1067.0	0.0	327.1694	199822.0	1067.0
poi-30-2	2.0	1.0	25.0	3	190.0	1410.0	0.0	8.7459	2098.0	1410.0
poi-30-2	2.0	1.33	12.0	1	95.0	785.0	0.0	1.1360	3786.0	785.0
poi-30-2	2.0	1.33	12.0	1	190.0	1366.0	0.0	0.5338	584.0	1366.0
poi-30-2	2.0	1.33	12.0	2	95.0	785.0	0.0	2.7912	7418.0	784.9999999999999
poi-30-2	2.0	1.33	12.0	2	190.0	1366.0	0.0	0.7807	1270.0	1366.0
poi-30-2	2.0	1.33	12.0	3	95.0	785.0	0.0	1.5773	4188.0	785.0
poi-30-2	2.0	1.33	12.0	3	190.0	1366.0	0.0	0.9081	1177.0	1366.0
poi-30-2	2.0	1.33	25.0	1	95.0	1088.0	0.0	39.0226	52604.0	1088.0
poi-30-2	2.0	1.33	25.0	1	190.0	1721.0	0.0	295.7353	560651.0	1721.0
poi-30-2	2.0	1.33	25.0	2	95.0	1305.0	0.0	74.2048	53903.0	1305.0
poi-30-2	2.0	1.33	25.0	2	190.0	1787.0	0.0	69.5237	16164.0	1787.0000000000005
poi-30-2	2.0	1.33	25.0	3	95.0	1324.0	0.0	166.8421	81088.0	1324.0
poi-30-2	2.0	1.33	25.0	3	190.0	1789.0	0.0	21.4775	4429.0	1789.0
poi-30-3	1.0	0.67	12.0	1	86.0	452.0	0.0	15.5744	50048.0	452.0
poi-30-3	1.0	0.67	12.0	1	172.0	1146.0	0.0	151.8990	694135.0	1146.0
poi-30-3	1.0	0.67	12.0	2	86.0	460.0	0.0	18.4340	47663.0	460.0
poi-30-3	1.0	0.67	12.0	2	172.0	1152.0	0.0	107.7291	397681.0	1152.0
poi-30-3	1.0	0.67	12.0	3	86.0	466.0	0.0	18.6981	38393.0	466.0
poi-30-3	1.0	0.67	12.0	3	172.0	1156.0	0.0	117.4039	337503.0	1156.0
poi-30-3	1.0	0.67	24.0	1	86.0	531.0	0.0	37.4432	42257.0	531.0
poi-30-3	1.0	0.67	24.0	1	172.0	0	0.036163522012578615	3600.0424	4301521.0	1318.0
poi-30-3	1.0	0.67	24.0	2	86.0	540.0	0.0	69.8639	61291.0	540.0
poi-30-3	1.0	0.67	24.0	2	172.0	0	0.011538461538461539	3600.0916	3739870.0	1315.0
poi-30-3	1.0	0.67	24.0	3	86.0	545.0	0.0	176.4591	130919.0	545.0
poi-30-3	1.0	0.67	24.0	3	172.0	0	0.013835511145272867	3600.2090	2737695.0	1319.0
poi-30-3	1.0	1.0	12.0	1	86.0	487.0	0.0	18.7293	68003.0	487.0
poi-30-3	1.0	1.0	12.0	1	172.0	1198.0	0.0	579.9053	2376726.0	1198.0
poi-30-3	1.0	1.0	12.0	2	86.0	487.0	0.0	18.3193	49694.0	487.0
poi-30-3	1.0	1.0	12.0	2	172.0	1215.0	0.0	251.4492	801689.0	1215.0
poi-30-3	1.0	1.0	12.0	3	86.0	487.0	0.0	24.4285	45887.0	487.0
poi-30-3	1.0	1.0	12.0	3	172.0	1221.0	0.0	258.3901	728823.0	1221.0
poi-30-3	1.0	1.0	24.0	1	86.0	613.0	0.0	54.7562	103453.0	613.0
poi-30-3	1.0	1.0	24.0	1	172.0	0	0.03648068669527832	3600.0394	4395620.0	1448.999999999999
poi-30-3	1.0	1.0	24.0	2	86.0	627.0	0.0	110.0579	102129.0	627.0000000000001
poi-30-3	1.0	1.0	24.0	2	172.0	0	0.011165387299370996	3600.1025	3384139.0	1448.9999999999986
poi-30-3	1.0	1.0	24.0	3	86.0	635.0	0.0	398.4611	223826.0	635.0
poi-30-3	1.0	1.0	24.0	3	172.0	1449.0	0.0	384.0564	280238.0	1449.0
poi-30-3	1.0	1.33	12.0	1	86.0	519.0	0.0	29.4710	66555.0	519.0
poi-30-3	1.0	1.33	12.0	1	172.0	1309.0	0.0	641.0384	2566141.0	1309.0
poi-30-3	1.0	1.33	12.0	2	86.0	521.0	0.0	27.0390	77001.0	521.0
poi-30-3	1.0	1.33	12.0	2	172.0	1333.0	0.0	584.3032	1763688.0	1333.0
poi-30-3	1.0	1.33	12.0	3	86.0	521.0	0.0	30.6889	67937.0	521.0
poi-30-3	1.0	1.33	12.0	3	172.0	1336.0	0.0	477.2740	1220297.0	1335.9999999999998
poi-30-3	1.0	1.33	24.0	1	86.0	718.0	0.0	53.6256	72252.0	718.0
poi-30-3	1.0	1.33	24.0	1	172.0	0	0.14865749836280287	3600.0725	3612876.0	1754.0
poi-30-3	1.0	1.33	24.0	2	86.0	779.0	0.0	237.6056	180671.0	779.0
poi-30-3	1.0	1.33	24.0	2	172.0	0	0.035633484162895926	3600.0171	1917807.0	1831.0
poi-30-3	1.0	1.33	24.0	3	86.0	802.0	0.0	495.0707	406761.0	802.0
poi-30-3	1.0	1.33	24.0	3	172.0	0	0.005975013579576317	3600.1633	1541013.0	1852.0
poi-30-3	2.0	0.67	12.0	1	86.0	460.0	0.0	22.8025	39644.0	460.0
poi-30-3	2.0	0.67	12.0	1	172.0	1165.0	0.0	108.6794	294285.0	1165.0
poi-30-3	2.0	0.67	12.0	2	86.0	466.0	0.0	18.0464	39948.0	466.0
poi-30-3	2.0	0.67	12.0	2	172.0	1166.0	0.0	49.4502	156806.0	1166.0
poi-30-3	2.0	0.67	12.0	3	86.0	466.0	0.0	45.5478	52858.0	466.0
poi-30-3	2.0	0.67	12.0	3	172.0	1166.0	0.0	87.1011	132915.0	1166.0
poi-30-3	2.0	0.67	24.0	1	86.0	601.0	0.0	33.9226	40608.0	601.0
poi-30-3	2.0	0.67	24.0	1	172.0	1321.0	0.0	244.5439	482191.0	1321.0
poi-30-3	2.0	0.67	24.0	2	86.0	607.0	0.0	59.4373	39027.0	607.0
poi-30-3	2.0	0.67	24.0	2	172.0	1330.0	0.0	172.0782	173230.0	1330.0
poi-30-3	2.0	0.67	24.0	3	86.0	607.0	0.0	93.8045	40316.0	607.0
poi-30-3	2.0	0.67	24.0	3	172.0	1330.0	0.0	173.4666	154439.0	1330.0
poi-30-3	2.0	1.0	12.0	1	86.0	487.0	0.0	19.3071	73381.0	487.0
poi-30-3	2.0	1.0	12.0	1	172.0	1225.0	0.0	86.8596	344799.0	1225.0
poi-30-3	2.0	1.0	12.0	2	86.0	506.0	0.0	23.4718	57503.0	506.0
poi-30-3	2.0	1.0	12.0	2	172.0	1225.0	0.0	236.4440	615878.0	1225.0
poi-30-3	2.0	1.0	12.0	3	86.0	506.0	0.0	26.7029	53925.0	506.0
poi-30-3	2.0	1.0	12.0	3	172.0	1225.0	0.0	475.2982	1312600.0	1225.0
poi-30-3	2.0	1.0	24.0	1	86.0	711.0	0.0	68.7836	75486.0	711.0
poi-30-3	2.0	1.0	24.0	1	172.0	1449.0	0.0	41.7032	28512.0	1449.0
poi-30-3	2.0	1.0	24.0	2	86.0	720.0	0.0	170.6370	96676.0	720.0
poi-30-3	2.0	1.0	24.0	2	172.0	1449.0	0.0	29.1192	11448.0	1449.0
poi-30-3	2.0	1.0	24.0	3	86.0	720.0	0.0	274.5893	187203.0	720.0
poi-30-3	2.0	1.0	24.0	3	172.0	1449.0	0.0	47.3379	10226.0	1449.0
poi-30-3	2.0	1.33	12.0	1	86.0	519.0	0.0	16.8699	50865.0	518.9999999999999
poi-30-3	2.0	1.33	12.0	1	172.0	1343.0	0.0	170.2754	698739.0	1343.0
poi-30-3	2.0	1.33	12.0	2	86.0	586.0	0.0	35.9198	48601.0	586.0
poi-30-3	2.0	1.33	12.0	2	172.0	1347.0	0.0	306.6204	535052.0	1346.9999999999995
poi-30-3	2.0	1.33	12.0	3	86.0	586.0	0.0	48.4627	68945.0	586.0
poi-30-3	2.0	1.33	12.0	3	172.0	1347.0	0.0	220.6435	497061.0	1347.0
poi-30-3	2.0	1.33	24.0	1	86.0	852.0	0.0	43.7105	44840.0	852.0
poi-30-3	2.0	1.33	24.0	1	172.0	1760.0	0.0	60.9323	79916.0	1760.0
poi-30-3	2.0	1.33	24.0	2	86.0	901.0	0.0	102.8809	82726.0	901.0
poi-30-3	2.0	1.33	24.0	2	172.0	1846.0	0.0	48.5841	20261.0	1846.0
poi-30-3	2.0	1.33	24.0	3	86.0	907.0	0.0	137.3929	88374.0	907.0
poi-30-3	2.0	1.33	24.0	3	172.0	1862.0	0.0	48.1615	9951.0	1862.0
poi-30-4	1.0	0.67	11.0	1	91.0	798.0	0.0	3.4636	11919.0	798.0
poi-30-4	1.0	0.67	11.0	1	183.0	1211.0	0.0	2.1527	6653.0	1211.0
poi-30-4	1.0	0.67	11.0	2	91.0	798.0	0.0	5.3521	11934.0	798.0
poi-30-4	1.0	0.67	11.0	2	183.0	1211.0	0.0	5.1080	4160.0	1211.0
poi-30-4	1.0	0.67	11.0	3	91.0	798.0	0.0	7.7574	10060.0	798.0
poi-30-4	1.0	0.67	11.0	3	183.0	1211.0	0.0	2.2295	3491.0	1211.0000000000002
poi-30-4	1.0	0.67	23.0	1	91.0	852.0	0.0	2485.4794	2254241.0	852.0
poi-30-4	1.0	0.67	23.0	1	183.0	1215.0	0.0	5.5443	8677.0	1215.0
poi-30-4	1.0	0.67	23.0	2	91.0	0	0.011135857461024499	3600.4710	2301421.0	908.0
poi-30-4	1.0	0.67	23.0	2	183.0	1215.0	0.0	29.0046	8548.0	1215.0
poi-30-4	1.0	0.67	23.0	3	91.0	0	0.03406593406593406	3600.5439	1589479.0	941.0
poi-30-4	1.0	0.67	23.0	3	183.0	1217.0	0.0	40.0776	9939.0	1217.0
poi-30-4	1.0	1.0	11.0	1	91.0	842.0	0.0	13.4459	13451.0	842.0
poi-30-4	1.0	1.0	11.0	1	183.0	1226.0	0.0	15.4834	9761.0	1226.0
poi-30-4	1.0	1.0	11.0	2	91.0	842.0	0.0	23.5760	14830.0	842.0
poi-30-4	1.0	1.0	11.0	2	183.0	1226.0	0.0	23.3034	12181.0	1226.0
poi-30-4	1.0	1.0	11.0	3	91.0	842.0	0.0	29.0479	16160.0	842.0
poi-30-4	1.0	1.0	11.0	3	183.0	1226.0	0.0	15.4627	9940.0	1226.0
poi-30-4	1.0	1.0	23.0	1	91.0	0	0.22641509433962265	3601.2678	92884.0	1105.0
poi-30-4	1.0	1.0	23.0	1	183.0	0	0.09624796084800522	3601.4746	193622.0	1343.9999999996544
poi-30-4	1.0	1.0	23.0	2	91.0	0	0.08440913604766634	3603.6098	130033.0	1092.0
poi-30-4	1.0	1.0	23.0	2	183.0	0	0.08015564202240691	3600.7918	54060.0	1387.9999999987929
poi-30-4	1.0	1.0	23.0	3	91.0	0	0.07374631268436578	3602.6973	156930.0	1092.0
poi-30-4	1.0	1.0	23.0	3	183.0	0	0.06933744221876872	3601.9001	63059.0	1387.9999999999618
poi-30-4	1.0	1.33	11.0	1	91.0	911.0	0.0	159.4671	17038.0	911.0
poi-30-4	1.0	1.33	11.0	1	183.0	1401.0	0.0	285.0713	45218.0	1401.0
poi-30-4	1.0	1.33	11.0	2	91.0	937.0	0.0	199.0088	20569.0	937.0
poi-30-4	1.0	1.33	11.0	2	183.0	1425.0	0.0	212.7346	23533.0	1425.0
poi-30-4	1.0	1.33	11.0	3	91.0	937.0	0.0	241.3459	23824.0	937.0
poi-30-4	1.0	1.33	11.0	3	183.0	1427.0	0.0	264.3817	16801.0	1427.0
poi-30-4	1.0	1.33	23.0	1	91.0	0	0.2816764132553604	3601.8182	358504.0	1314.9999999999998
poi-30-4	1.0	1.33	23.0	1	183.0	0	0.07539410555174778	3602.1011	294965.0	1569.0
poi-30-4	1.0	1.33	23.0	2	91.0	0	0.17751479289940827	3600.2301	51340.0	1393.0
poi-30-4	1.0	1.33	23.0	2	183.0	0	0.07332900713822194	3600.8057	109780.0	1654.0
poi-30-4	1.0	1.33	23.0	3	91.0	0	0.07220496894409938	3602.5881	120616.0	1381.0
poi-30-4	1.0	1.33	23.0	3	183.0	0	0.07731629392971245	3601.0378	49528.0	1686.0
poi-30-4	2.0	0.67	11.0	1	91.0	810.0	0.0	64.4388	5605.0	810.0
poi-30-4	2.0	0.67	11.0	1	183.0	1215.0	0.0	38.6042	3301.0	1215.0
poi-30-4	2.0	0.67	11.0	2	91.0	813.0	0.0	83.3212	8835.0	813.0
poi-30-4	2.0	0.67	11.0	2	183.0	1215.0	0.0	38.2325	1063.0	1215.0
poi-30-4	2.0	0.67	11.0	3	91.0	813.0	0.0	89.7933	6458.0	813.0
poi-30-4	2.0	0.67	11.0	3	183.0	1215.0	0.0	46.2895	1775.0	1215.0
poi-30-4	2.0	0.67	23.0	1	91.0	977.0	0.0	92.0338	5453.0	977.0
poi-30-4	2.0	0.67	23.0	1	183.0	1217.0	0.0	68.7367	3773.0	1217.0
poi-30-4	2.0	0.67	23.0	2	91.0	978.0	0.0	71.5854	868.0	978.0
poi-30-4	2.0	0.67	23.0	2	183.0	1219.0	0.0	85.1726	2783.0	1219.0
poi-30-4	2.0	0.67	23.0	3	91.0	978.0	0.0	107.3492	1062.0	978.0
poi-30-4	2.0	0.67	23.0	3	183.0	1219.0	0.0	102.4487	1207.0	1219.0
poi-30-4	2.0	1.0	11.0	1	91.0	863.0	0.0	98.6823	10853.0	863.0
poi-30-4	2.0	1.0	11.0	1	183.0	1226.0	0.0	91.9058	6766.0	1226.0
poi-30-4	2.0	1.0	11.0	2	91.0	863.0	0.0	154.6806	8769.0	863.0
poi-30-4	2.0	1.0	11.0	2	183.0	1226.0	0.0	135.3997	11131.0	1226.0
poi-30-4	2.0	1.0	11.0	3	91.0	863.0	0.0	148.3770	12027.0	863.0
poi-30-4	2.0	1.0	11.0	3	183.0	1226.0	0.0	135.4980	9163.0	1226.0
poi-30-4	2.0	1.0	23.0	1	91.0	1092.0	0.0	467.3716	18584.0	1092.0
poi-30-4	2.0	1.0	23.0	1	183.0	0	0.023112480739599383	3608.5424	190717.0	1328.0
poi-30-4	2.0	1.0	23.0	2	91.0	1092.0	0.0	329.3425	12204.0	1092.0
poi-30-4	2.0	1.0	23.0	2	183.0	0	0.042232277526395176	3603.8152	66912.0	1382.0
poi-30-4	2.0	1.0	23.0	3	91.0	1092.0	0.0	1035.6359	16357.0	1092.0
poi-30-4	2.0	1.0	23.0	3	183.0	0	0.03427719821100501	3606.2520	47182.0	1387.9999999991687
poi-30-4	2.0	1.33	11.0	1	91.0	953.0	0.0	162.8645	11965.0	953.0
poi-30-4	2.0	1.33	11.0	1	183.0	1413.0	0.0	192.8553	10330.0	1413.0
poi-30-4	2.0	1.33	11.0	2	91.0	976.0	0.0	154.1998	14663.0	976.0
poi-30-4	2.0	1.33	11.0	2	183.0	1431.0	0.0	174.9841	11155.0	1431.0
poi-30-4	2.0	1.33	11.0	3	91.0	980.0	0.0	142.1416	17724.0	980.0
poi-30-4	2.0	1.33	11.0	3	183.0	1437.0	0.0	149.7509	5779.0	1437.0
poi-30-4	2.0	1.33	23.0	1	91.0	1308.0	0.0	1184.9050	103870.0	1308.0
poi-30-4	2.0	1.33	23.0	1	183.0	0	0.04169424222369292	3602.6443	267004.0	1574.0
poi-30-4	2.0	1.33	23.0	2	91.0	1397.0	0.0	744.4438	15639.0	1397.0
poi-30-4	2.0	1.33	23.0	2	183.0	1641.0	0.0	2485.6296	133408.0	1641.0
poi-30-4	2.0	1.33	23.0	3	91.0	1403.0	0.0	681.0771	10415.0	1403.0
poi-30-4	2.0	1.33	23.0	3	183.0	0	0.024863553668890235	3603.1853	48156.0	1690.0
poi-30-5	1.0	0.67	13.0	1	82.0	422.0	0.0	244.0398	57521.0	422.0
poi-30-5	1.0	0.67	13.0	1	164.0	1206.0	0.0	2168.8571	599403.0	1206.0
poi-30-5	1.0	0.67	13.0	2	82.0	441.0	0.0	323.8076	46493.0	441.0
poi-30-5	1.0	0.67	13.0	2	164.0	1206.0	0.0	3370.3546	674589.0	1206.0
poi-30-5	1.0	0.67	13.0	3	82.0	441.0	0.0	416.8673	55019.0	441.0
poi-30-5	1.0	0.67	13.0	3	164.0	0	0.026533996683250415	3603.4383	456699.0	1238.0
poi-30-5	1.0	0.67	26.0	1	82.0	454.0	0.0	586.3284	88186.0	454.0
poi-30-5	1.0	0.67	26.0	1	164.0	0	0.15759545085296506	3603.0196	455038.0	1425.0
poi-30-5	1.0	0.67	26.0	2	82.0	496.0	0.0	1609.4909	87809.0	496.0
poi-30-5	1.0	0.67	26.0	2	164.0	0	0.14423076923076922	3602.0157	223160.0	1428.0
poi-30-5	1.0	0.67	26.0	3	82.0	529.0	0.0	2039.4401	75638.0	529.0
poi-30-5	1.0	0.67	26.0	3	164.0	0	0.12951334379905807	3601.0690	63235.0	1439.0
poi-30-5	1.0	1.0	13.0	1	82.0	457.0	0.0	563.0764	82282.0	457.0
poi-30-5	1.0	1.0	13.0	1	164.0	0	0.05901116427432217	3600.2126	536853.0	1328.0
poi-30-5	1.0	1.0	13.0	2	82.0	494.0	0.0	582.2019	47881.0	494.0
poi-30-5	1.0	1.0	13.0	2	164.0	0	0.06140350877192982	3600.3195	516270.0	1331.0
poi-30-5	1.0	1.0	13.0	3	82.0	494.0	0.0	1217.5883	145865.0	494.0
poi-30-5	1.0	1.0	13.0	3	164.0	0	0.051834130781499205	3600.1467	807691.0	1319.0
poi-30-5	1.0	1.0	26.0	1	82.0	499.0	0.0	1137.4968	112094.0	499.0
poi-30-5	1.0	1.0	26.0	1	164.0	0	0.14296407185628693	3601.6669	643351.0	1526.9999999999993
poi-30-5	1.0	1.0	26.0	2	82.0	562.0	0.0	1111.0192	108433.0	562.0
poi-30-5	1.0	1.0	26.0	2	164.0	0	0.09305654974946216	3600.1834	538261.0	1526.9999999999986
poi-30-5	1.0	1.0	26.0	3	82.0	612.0	0.0	2142.2789	141318.0	612.0
poi-30-5	1.0	1.0	26.0	3	164.0	0	0.07610993657505222	3600.2475	346623.0	1526.999999999999
poi-30-5	1.0	1.33	13.0	1	82.0	508.0	0.0	222.4695	115899.0	508.0
poi-30-5	1.0	1.33	13.0	1	164.0	1408.0	0.0	1872.8331	992649.0	1408.0
poi-30-5	1.0	1.33	13.0	2	82.0	569.0	0.0	107.2357	40862.0	569.0
poi-30-5	1.0	1.33	13.0	2	164.0	1453.0	0.0	953.4057	388288.0	1453.0
poi-30-5	1.0	1.33	13.0	3	82.0	569.0	0.0	182.7712	47094.0	569.0
poi-30-5	1.0	1.33	13.0	3	164.0	1453.0	0.0	1329.0388	455023.0	1453.0
poi-30-5	1.0	1.33	26.0	1	82.0	589.0	0.0	331.4557	95394.0	589.0
poi-30-5	1.0	1.33	26.0	1	164.0	0	0.22574257425742575	3600.6176	709752.0	1857.0
poi-30-5	1.0	1.33	26.0	2	82.0	649.0	0.0	2501.2458	198068.0	649.0
poi-30-5	1.0	1.33	26.0	2	164.0	0	0.1223529411764706	3602.2745	259317.0	1908.0
poi-30-5	1.0	1.33	26.0	3	82.0	715.0	0.0	2153.5752	241983.0	715.0
poi-30-5	1.0	1.33	26.0	3	164.0	0	0.09491137793024586	3600.6168	51554.0	1915.0
poi-30-5	2.0	0.67	13.0	1	82.0	472.0	0.0	204.2329	84355.0	472.0
poi-30-5	2.0	0.67	13.0	1	164.0	1211.0	0.0	1568.2208	341209.0	1211.0
poi-30-5	2.0	0.67	13.0	2	82.0	487.0	0.0	494.3669	102406.0	487.0
poi-30-5	2.0	0.67	13.0	2	164.0	1211.0	0.0	2504.1828	584889.0	1211.0
poi-30-5	2.0	0.67	13.0	3	82.0	487.0	0.0	309.9695	41917.0	487.0
poi-30-5	2.0	0.67	13.0	3	164.0	0	0.026424442609413706	3602.2915	671095.0	1243.0
poi-30-5	2.0	0.67	26.0	1	82.0	500.0	0.0	554.4043	69549.0	500.0
poi-30-5	2.0	0.67	26.0	1	164.0	0	0.07013574660633484	3600.5174	469647.0	1419.0
poi-30-5	2.0	0.67	26.0	2	82.0	529.0	0.0	1087.9360	70706.0	529.0
poi-30-5	2.0	0.67	26.0	2	164.0	0	0.04642593957258659	3604.4131	259931.0	1420.0
poi-30-5	2.0	0.67	26.0	3	82.0	529.0	0.0	3294.1792	167721.0	529.0
poi-30-5	2.0	0.67	26.0	3	164.0	0	0.03865791393143691	3601.3863	216896.0	1424.0
poi-30-5	2.0	1.0	13.0	1	82.0	525.0	0.0	204.7478	54646.0	525.0
poi-30-5	2.0	1.0	13.0	1	164.0	0	0.03627760252365931	3602.7682	697809.0	1314.0
poi-30-5	2.0	1.0	13.0	2	82.0	562.0	0.0	305.1573	36777.0	562.0
poi-30-5	2.0	1.0	13.0	2	164.0	0	0.04470588235294118	3602.9424	522307.0	1332.0
poi-30-5	2.0	1.0	13.0	3	82.0	562.0	0.0	327.3404	46497.0	562.0
poi-30-5	2.0	1.0	13.0	3	164.0	0	0.051261829652996846	3600.4762	534869.0	1333.0
poi-30-5	2.0	1.0	26.0	1	82.0	575.0	0.0	1650.2456	231989.0	575.0
poi-30-5	2.0	1.0	26.0	1	164.0	0	0.05528680027643353	3603.1912	405558.0	1526.9999999999993
poi-30-5	2.0	1.0	26.0	2	82.0	612.0	0.0	1713.7049	103086.0	612.0
poi-30-5	2.0	1.0	26.0	2	164.0	0	0.03948264125254796	3600.5065	246316.0	1526.999999999993
poi-30-5	2.0	1.0	26.0	3	82.0	633.0	0.0	2712.3024	85242.0	633.0
poi-30-5	2.0	1.0	26.0	3	164.0	0	0.03948264125255214	3601.7848	156808.0	1526.999999999999
poi-30-5	2.0	1.33	13.0	1	82.0	594.0	0.0	245.7304	57292.0	594.0
poi-30-5	2.0	1.33	13.0	1	164.0	1414.0	0.0	3133.1206	843523.0	1414.0
poi-30-5	2.0	1.33	13.0	2	82.0	633.0	0.0	315.0550	35723.0	633.0
poi-30-5	2.0	1.33	13.0	2	164.0	1472.0	0.0	775.1973	157658.0	1472.0
poi-30-5	2.0	1.33	13.0	3	82.0	633.0	0.0	324.6622	45160.0	633.0
poi-30-5	2.0	1.33	13.0	3	164.0	1472.0	0.0	909.7573	155589.0	1472.0
poi-30-5	2.0	1.33	26.0	1	82.0	672.0	0.0	683.8787	90107.0	672.0
poi-30-5	2.0	1.33	26.0	1	164.0	0	0.08744131455399061	3600.2673	406213.0	1853.0
poi-30-5	2.0	1.33	26.0	2	82.0	742.0	0.0	2016.8303	181451.0	742.0
poi-30-5	2.0	1.33	26.0	2	164.0	0	0.05292171995589857	3601.1404	158501.0	1910.0
poi-30-5	2.0	1.33	26.0	3	82.0	0	1.0039421813403417	3600.2791	50362.0	1525.0
poi-30-5	2.0	1.33	26.0	3	164.0	0	0.011111111111111112	3600.5833	125133.0	1911.0