poi-10-1	1.0	0.67	15.0	1	59.0	201.0	0.0	0.0019	0.0	201.0
poi-10-1	1.0	0.67	15.0	1	118.0	295.0	0.0	0.0976	114.0	295.0
poi-10-1	1.0	0.67	15.0	2	59.0	201.0	0.0	0.0021	0.0	201.0
poi-10-1	1.0	0.67	15.0	2	118.0	295.0	0.0	0.1233	64.0	295.0
poi-10-1	1.0	0.67	15.0	3	59.0	201.0	0.0	0.0024	1.0	201.0
poi-10-1	1.0	0.67	15.0	3	118.0	295.0	0.0	0.1285	56.0	295.0
poi-10-1	1.0	0.67	30.0	1	59.0	201.0	0.0	0.0027	1.0	201.0
poi-10-1	1.0	0.67	30.0	1	118.0	295.0	0.0	0.0890	219.0	295.0
poi-10-1	1.0	0.67	30.0	2	59.0	201.0	0.0	0.0034	1.0	201.0
poi-10-1	1.0	0.67	30.0	2	118.0	295.0	0.0	0.1271	164.0	295.0
poi-10-1	1.0	0.67	30.0	3	59.0	201.0	0.0	0.0044	1.0	201.0
poi-10-1	1.0	0.67	30.0	3	118.0	295.0	0.0	0.1764	192.0	295.0
poi-10-1	1.0	1.0	15.0	1	59.0	201.0	0.0	0.0018	0.0	201.0
poi-10-1	1.0	1.0	15.0	1	118.0	295.0	0.0	0.0614	148.0	295.0
poi-10-1	1.0	1.0	15.0	2	59.0	201.0	0.0	0.0021	0.0	201.0
poi-10-1	1.0	1.0	15.0	2	118.0	295.0	0.0	0.1050	78.0	295.0
poi-10-1	1.0	1.0	15.0	3	59.0	201.0	0.0	0.0024	1.0	201.0
poi-10-1	1.0	1.0	15.0	3	118.0	295.0	0.0	0.0837	92.0	295.0
poi-10-1	1.0	1.0	30.0	1	59.0	201.0	0.0	0.0028	1.0	201.0
poi-10-1	1.0	1.0	30.0	1	118.0	295.0	0.0	0.0951	348.0	295.0
poi-10-1	1.0	1.0	30.0	2	59.0	201.0	0.0	0.0037	1.0	201.0
poi-10-1	1.0	1.0	30.0	2	118.0	295.0	0.0	0.1587	295.0	295.0
poi-10-1	1.0	1.0	30.0	3	59.0	201.0	0.0	0.0044	1.0	201.0
poi-10-1	1.0	1.0	30.0	3	118.0	295.0	0.0	0.2298	625.0	295.0
poi-10-1	1.0	1.33	15.0	1	59.0	233.0	0.0	0.0017	0.0	233.0
poi-10-1	1.0	1.33	15.0	1	118.0	327.0	0.0	0.0771	115.0	327.0
poi-10-1	1.0	1.33	15.0	2	59.0	233.0	0.0	0.0021	0.0	233.0
poi-10-1	1.0	1.33	15.0	2	118.0	327.0	0.0	0.0987	86.0	327.0
poi-10-1	1.0	1.33	15.0	3	59.0	233.0	0.0	0.0023	1.0	233.0
poi-10-1	1.0	1.33	15.0	3	118.0	327.0	0.0	0.1351	62.0	327.0
poi-10-1	1.0	1.33	30.0	1	59.0	233.0	0.0	0.0027	1.0	233.0
poi-10-1	1.0	1.33	30.0	1	118.0	347.0	0.0	0.1077	534.0	347.0
poi-10-1	1.0	1.33	30.0	2	59.0	233.0	0.0	0.0036	1.0	233.0
poi-10-1	1.0	1.33	30.0	2	118.0	347.0	0.0	0.1412	236.0	347.0
poi-10-1	1.0	1.33	30.0	3	59.0	233.0	0.0	0.0044	1.0	233.0
poi-10-1	1.0	1.33	30.0	3	118.0	347.0	0.0	0.1802	190.0	347.0
poi-10-1	2.0	0.67	15.0	1	59.0	201.0	0.0	0.0018	0.0	201.0
poi-10-1	2.0	0.67	15.0	1	118.0	295.0	0.0	0.0960	92.0	295.0
poi-10-1	2.0	0.67	15.0	2	59.0	201.0	0.0	0.0021	0.0	201.0
poi-10-1	2.0	0.67	15.0	2	118.0	295.0	0.0	0.1154	90.0	295.0
poi-10-1	2.0	0.67	15.0	3	59.0	201.0	0.0	0.0024	1.0	201.0
poi-10-1	2.0	0.67	15.0	3	118.0	295.0	0.0	0.1111	58.0	295.0
poi-10-1	2.0	0.67	30.0	1	59.0	201.0	0.0	0.0025	1.0	201.0
poi-10-1	2.0	0.67	30.0	1	118.0	295.0	0.0	0.1326	309.0	295.0
poi-10-1	2.0	0.67	30.0	2	59.0	201.0	0.0	0.0034	1.0	201.0
poi-10-1	2.0	0.67	30.0	2	118.0	295.0	0.0	0.1497	308.0	295.0
poi-10-1	2.0	0.67	30.0	3	59.0	201.0	0.0	0.0043	1.0	201.0
poi-10-1	2.0	0.67	30.0	3	118.0	295.0	0.0	0.1735	178.0	295.0
poi-10-1	2.0	1.0	15.0	1	59.0	201.0	0.0	0.0019	0.0	201.0
poi-10-1	2.0	1.0	15.0	1	118.0	295.0	0.0	0.0884	110.0	295.0
poi-10-1	2.0	1.0	15.0	2	59.0	201.0	0.0	0.0021	0.0	201.0
poi-10-1	2.0	1.0	15.0	2	118.0	295.0	0.0	0.0623	78.0	295.0
poi-10-1	2.0	1.0	15.0	3	59.0	201.0	0.0	0.0025	1.0	201.0
poi-10-1	2.0	1.0	15.0	3	118.0	295.0	0.0	0.0843	127.0	295.0
poi-10-1	2.0	1.0	30.0	1	59.0	201.0	0.0	0.0027	1.0	201.0
poi-10-1	2.0	1.0	30.0	1	118.0	295.0	0.0	0.1262	323.0	295.0
poi-10-1	2.0	1.0	30.0	2	59.0	201.0	0.0	0.0034	1.0	201.0
poi-10-1	2.0	1.0	30.0	2	118.0	295.0	0.0	0.1888	700.0	295.0
poi-10-1	2.0	1.0	30.0	3	59.0	201.0	0.0	0.0043	1.0	201.0
poi-10-1	2.0	1.0	30.0	3	118.0	295.0	0.0	0.2096	465.0	295.0
poi-10-1	2.0	1.33	15.0	1	59.0	233.0	0.0	0.0018	0.0	233.0
poi-10-1	2.0	1.33	15.0	1	118.0	327.0	0.0	0.0615	317.0	327.0
poi-10-1	2.0	1.33	15.0	2	59.0	233.0	0.0	0.0020	0.0	233.0
poi-10-1	2.0	1.33	15.0	2	118.0	327.0	0.0	0.0650	105.0	327.0
poi-10-1	2.0	1.33	15.0	3	59.0	233.0	0.0	0.0024	1.0	233.0
poi-10-1	2.0	1.33	15.0	3	118.0	327.0	0.0	0.0759	154.0	327.0
poi-10-1	2.0	1.33	30.0	1	59.0	233.0	0.0	0.0027	1.0	233.0
poi-10-1	2.0	1.33	30.0	1	118.0	347.0	0.0	0.0996	465.0	347.0
poi-10-1	2.0	1.33	30.0	2	59.0	233.0	0.0	0.0035	1.0	233.0
poi-10-1	2.0	1.33	30.0	2	118.0	347.0	0.0	0.1468	417.0	347.0
poi-10-1	2.0	1.33	30.0	3	59.0	233.0	0.0	0.0042	1.0	233.0
poi-10-1	2.0	1.33	30.0	3	118.0	347.0	0.0	0.1568	348.0	347.0
poi-10-2	1.0	0.67	13.0	1	58.0	76.0	0.0	0.0013	0.0	76.0
poi-10-2	1.0	0.67	13.0	1	116.0	296.0	0.0	0.0701	348.0	296.0
poi-10-2	1.0	0.67	13.0	2	58.0	76.0	0.0	0.0014	0.0	76.0
poi-10-2	1.0	0.67	13.0	2	116.0	296.0	0.0	0.0635	275.0	296.0
poi-10-2	1.0	0.67	13.0	3	58.0	76.0	0.0	0.0016	0.0	76.0
poi-10-2	1.0	0.67	13.0	3	116.0	296.0	0.0	0.0837	272.0	296.0
poi-10-2	1.0	0.67	27.0	1	58.0	76.0	0.0	0.0022	0.0	76.0
poi-10-2	1.0	0.67	27.0	1	116.0	296.0	0.0	0.1193	642.0	296.0
poi-10-2	1.0	0.67	27.0	2	58.0	76.0	0.0	0.0032	0.0	76.0
poi-10-2	1.0	0.67	27.0	2	116.0	296.0	0.0	0.2055	412.0	296.0
poi-10-2	1.0	0.67	27.0	3	58.0	76.0	0.0	0.0041	0.0	76.0
poi-10-2	1.0	0.67	27.0	3	116.0	296.0	0.0	0.1885	330.0	296.0
poi-10-2	1.0	1.0	13.0	1	58.0	76.0	0.0	0.0013	0.0	76.0
poi-10-2	1.0	1.0	13.0	1	116.0	296.0	0.0	0.0621	124.0	296.0
poi-10-2	1.0	1.0	13.0	2	58.0	76.0	0.0	0.0016	0.0	76.0
poi-10-2	1.0	1.0	13.0	2	116.0	296.0	0.0	0.0794	125.0	296.0
poi-10-2	1.0	1.0	13.0	3	58.0	76.0	0.0	0.0016	0.0	76.0
poi-10-2	1.0	1.0	13.0	3	116.0	296.0	0.0	0.0696	283.0	296.0
poi-10-2	1.0	1.0	27.0	1	58.0	76.0	0.0	0.0022	0.0	76.0
poi-10-2	1.0	1.0	27.0	1	116.0	296.0	0.0	0.1981	979.0	296.0
poi-10-2	1.0	1.0	27.0	2	58.0	76.0	0.0	0.0034	0.0	76.0
poi-10-2	1.0	1.0	27.0	2	116.0	296.0	0.0	0.1813	652.0	296.0
poi-10-2	1.0	1.0	27.0	3	58.0	76.0	0.0	0.0041	0.0	76.0
poi-10-2	1.0	1.0	27.0	3	116.0	296.0	0.0	0.2053	723.0	296.0
poi-10-2	1.0	1.33	13.0	1	58.0	76.0	0.0	0.0015	0.0	76.0
poi-10-2	1.0	1.33	13.0	1	116.0	313.0	0.0	0.0519	112.0	313.0
poi-10-2	1.0	1.33	13.0	2	58.0	76.0	0.0	0.0014	0.0	76.0
poi-10-2	1.0	1.33	13.0	2	116.0	313.0	0.0	0.0523	90.0	313.0
poi-10-2	1.0	1.33	13.0	3	58.0	76.0	0.0	0.0016	0.0	76.0
poi-10-2	1.0	1.33	13.0	3	116.0	313.0	0.0	0.0974	134.0	313.0
poi-10-2	1.0	1.33	27.0	1	58.0	76.0	0.0	0.0023	0.0	76.0
poi-10-2	1.0	1.33	27.0	1	116.0	343.0	0.0	0.1146	700.0	343.0
poi-10-2	1.0	1.33	27.0	2	58.0	76.0	0.0	0.0032	0.0	76.0
poi-10-2	1.0	1.33	27.0	2	116.0	345.0	0.0	0.1593	476.0	345.0
poi-10-2	1.0	1.33	27.0	3	58.0	76.0	0.0	0.0040	0.0	76.0
poi-10-2	1.0	1.33	27.0	3	116.0	354.0	0.0	0.2044	521.0	354.0
poi-10-2	2.0	0.67	13.0	1	58.0	76.0	0.0	0.0013	0.0	76.0
poi-10-2	2.0	0.67	13.0	1	116.0	296.0	0.0	0.0649	148.0	296.0
poi-10-2	2.0	0.67	13.0	2	58.0	76.0	0.0	0.0016	0.0	76.0
poi-10-2	2.0	0.67	13.0	2	116.0	296.0	0.0	0.0678	275.0	296.0
poi-10-2	2.0	0.67	13.0	3	58.0	76.0	0.0	0.0017	0.0	76.0
poi-10-2	2.0	0.67	13.0	3	116.0	296.0	0.0	0.0610	267.0	296.0
poi-10-2	2.0	0.67	27.0	1	58.0	76.0	0.0	0.0024	0.0	76.0
poi-10-2	2.0	0.67	27.0	1	116.0	296.0	0.0	0.0912	564.0	296.0
poi-10-2	2.0	0.67	27.0	2	58.0	76.0	0.0	0.0033	0.0	76.0
poi-10-2	2.0	0.67	27.0	2	116.0	296.0	0.0	0.1639	543.0	296.0
poi-10-2	2.0	0.67	27.0	3	58.0	76.0	0.0	0.0041	0.0	76.0
poi-10-2	2.0	0.67	27.0	3	116.0	296.0	0.0	0.1796	525.0	296.0
poi-10-2	2.0	1.0	13.0	1	58.0	76.0	0.0	0.0015	0.0	76.0
poi-10-2	2.0	1.0	13.0	1	116.0	296.0	0.0	0.0718	139.0	296.0
poi-10-2	2.0	1.0	13.0	2	58.0	76.0	0.0	0.0015	0.0	76.0
poi-10-2	2.0	1.0	13.0	2	116.0	296.0	0.0	0.1044	221.0	296.0
poi-10-2	2.0	1.0	13.0	3	58.0	76.0	0.0	0.0016	0.0	76.0
poi-10-2	2.0	1.0	13.0	3	116.0	296.0	0.0	0.0660	247.0	296.0
poi-10-2	2.0	1.0	27.0	1	58.0	76.0	0.0	0.0021	0.0	76.0
poi-10-2	2.0	1.0	27.0	1	116.0	296.0	0.0	0.1340	698.0	296.0
poi-10-2	2.0	1.0	27.0	2	58.0	76.0	0.0	0.0032	0.0	76.0
poi-10-2	2.0	1.0	27.0	2	116.0	296.0	0.0	0.2271	1047.0	296.0
poi-10-2	2.0	1.0	27.0	3	58.0	76.0	0.0	0.0042	0.0	76.0
poi-10-2	2.0	1.0	27.0	3	116.0	296.0	0.0	0.1840	840.0	296.0
poi-10-2	2.0	1.33	13.0	1	58.0	76.0	0.0	0.0013	0.0	76.0
poi-10-2	2.0	1.33	13.0	1	116.0	313.0	0.0	0.0466	81.0	313.0
poi-10-2	2.0	1.33	13.0	2	58.0	76.0	0.0	0.0016	0.0	76.0
poi-10-2	2.0	1.33	13.0	2	116.0	313.0	0.0	0.0678	172.0	313.0
poi-10-2	2.0	1.33	13.0	3	58.0	76.0	0.0	0.0018	0.0	76.0
poi-10-2	2.0	1.33	13.0	3	116.0	313.0	0.0	0.0843	98.0	313.0
poi-10-2	2.0	1.33	27.0	1	58.0	76.0	0.0	0.0022	0.0	76.0
poi-10-2	2.0	1.33	27.0	1	116.0	355.0	0.0	0.1077	562.0	355.0
poi-10-2	2.0	1.33	27.0	2	58.0	76.0	0.0	0.0032	0.0	76.0
poi-10-2	2.0	1.33	27.0	2	116.0	355.0	0.0	0.1671	543.0	355.0
poi-10-2	2.0	1.33	27.0	3	58.0	76.0	0.0	0.0041	0.0	76.0
poi-10-2	2.0	1.33	27.0	3	116.0	355.0	0.0	0.3073	601.0	355.0
poi-10-3	1.0	0.67	14.0	1	59.0	0	inf	0.0007	0.0	-inf
poi-10-3	1.0	0.67	14.0	1	119.0	262.0	0.0	0.0684	43.0	262.0
poi-10-3	1.0	0.67	14.0	2	59.0	0	inf	0.0008	0.0	-inf
poi-10-3	1.0	0.67	14.0	2	119.0	262.0	0.0	0.0631	60.0	262.0
poi-10-3	1.0	0.67	14.0	3	59.0	0	inf	0.0011	0.0	-inf
poi-10-3	1.0	0.67	14.0	3	119.0	262.0	0.0	0.0755	53.0	262.0
poi-10-3	1.0	0.67	28.0	1	59.0	0	inf	0.0008	0.0	-inf
poi-10-3	1.0	0.67	28.0	1	119.0	262.0	0.0	0.0696	77.0	262.0
poi-10-3	1.0	0.67	28.0	2	59.0	0	inf	0.0012	0.0	-inf
poi-10-3	1.0	0.67	28.0	2	119.0	262.0	0.0	0.1014	83.0	262.0
poi-10-3	1.0	0.67	28.0	3	59.0	0	inf	0.0016	0.0	-inf
poi-10-3	1.0	0.67	28.0	3	119.0	262.0	0.0	0.1188	271.0	262.0
poi-10-3	1.0	1.0	14.0	1	59.0	0	inf	0.0006	0.0	-inf
poi-10-3	1.0	1.0	14.0	1	119.0	262.0	0.0	0.0565	88.0	262.0
poi-10-3	1.0	1.0	14.0	2	59.0	0	inf	0.0008	0.0	-inf
poi-10-3	1.0	1.0	14.0	2	119.0	262.0	0.0	0.0734	103.0	262.0
poi-10-3	1.0	1.0	14.0	3	59.0	0	inf	0.0011	0.0	-inf
poi-10-3	1.0	1.0	14.0	3	119.0	262.0	0.0	0.0746	96.0	262.0
poi-10-3	1.0	1.0	28.0	1	59.0	0	inf	0.0009	0.0	-inf
poi-10-3	1.0	1.0	28.0	1	119.0	262.0	0.0	0.0842	248.0	262.0
poi-10-3	1.0	1.0	28.0	2	59.0	0	inf	0.0013	0.0	-inf
poi-10-3	1.0	1.0	28.0	2	119.0	262.0	0.0	0.1309	271.0	262.0
poi-10-3	1.0	1.0	28.0	3	59.0	0	inf	0.0016	0.0	-inf
poi-10-3	1.0	1.0	28.0	3	119.0	262.0	0.0	0.1571	186.0	262.0
poi-10-3	1.0	1.33	14.0	1	59.0	0	inf	0.0007	0.0	-inf
poi-10-3	1.0	1.33	14.0	1	119.0	275.0	0.0	0.0418	256.0	275.0
poi-10-3	1.0	1.33	14.0	2	59.0	0	inf	0.0008	0.0	-inf
poi-10-3	1.0	1.33	14.0	2	119.0	295.0	0.0	0.0524	138.0	295.0
poi-10-3	1.0	1.33	14.0	3	59.0	0	inf	0.0010	0.0	-inf
poi-10-3	1.0	1.33	14.0	3	119.0	295.0	0.0	0.0645	220.0	295.0
poi-10-3	1.0	1.33	28.0	1	59.0	0	inf	0.0009	0.0	-inf
poi-10-3	1.0	1.33	28.0	1	119.0	299.0	0.0	0.0708	222.0	299.0
poi-10-3	1.0	1.33	28.0	2	59.0	0	inf	0.0013	0.0	-inf
poi-10-3	1.0	1.33	28.0	2	119.0	301.0	0.0	0.1616	342.0	301.0
poi-10-3	1.0	1.33	28.0	3	59.0	0	inf	0.0017	0.0	-inf
poi-10-3	1.0	1.33	28.0	3	119.0	307.0	0.0	0.1745	270.0	307.0
poi-10-3	2.0	0.67	14.0	1	59.0	0	inf	0.0006	0.0	-inf
poi-10-3	2.0	0.67	14.0	1	119.0	262.0	0.0	0.0430	74.0	262.0
poi-10-3	2.0	0.67	14.0	2	59.0	0	inf	0.0008	0.0	-inf
poi-10-3	2.0	0.67	14.0	2	119.0	262.0	0.0	0.0487	34.0	262.0
poi-10-3	2.0	0.67	14.0	3	59.0	0	inf	0.0010	0.0	-inf
poi-10-3	2.0	0.67	14.0	3	119.0	262.0	0.0	0.0759	24.0	262.0
poi-10-3	2.0	0.67	28.0	1	59.0	0	inf	0.0009	0.0	-inf
poi-10-3	2.0	0.67	28.0	1	119.0	262.0	0.0	0.0770	52.0	262.0
poi-10-3	2.0	0.67	28.0	2	59.0	0	inf	0.0012	0.0	-inf
poi-10-3	2.0	0.67	28.0	2	119.0	262.0	0.0	0.1133	128.0	262.0
poi-10-3	2.0	0.67	28.0	3	59.0	0	inf	0.0016	0.0	-inf
poi-10-3	2.0	0.67	28.0	3	119.0	262.0	0.0	0.1428	124.0	262.0
poi-10-3	2.0	1.0	14.0	1	59.0	0	inf	0.0007	0.0	-inf
poi-10-3	2.0	1.0	14.0	1	119.0	262.0	0.0	0.0472	56.0	262.0
poi-10-3	2.0	1.0	14.0	2	59.0	0	inf	0.0009	0.0	-inf
poi-10-3	2.0	1.0	14.0	2	119.0	262.0	0.0	0.0842	79.0	262.0
poi-10-3	2.0	1.0	14.0	3	59.0	0	inf	0.0010	0.0	-inf
poi-10-3	2.0	1.0	14.0	3	119.0	262.0	0.0	0.0641	96.0	262.0
poi-10-3	2.0	1.0	28.0	1	59.0	0	inf	0.0008	0.0	-inf
poi-10-3	2.0	1.0	28.0	1	119.0	262.0	0.0	0.0640	94.0	262.0
poi-10-3	2.0	1.0	28.0	2	59.0	0	inf	0.0012	0.0	-inf
poi-10-3	2.0	1.0	28.0	2	119.0	262.0	0.0	0.1081	190.0	262.0
poi-10-3	2.0	1.0	28.0	3	59.0	0	inf	0.0017	0.0	-inf
poi-10-3	2.0	1.0	28.0	3	119.0	262.0	0.0	0.1430	161.0	262.0
poi-10-3	2.0	1.33	14.0	1	59.0	0	inf	0.0007	0.0	-inf
poi-10-3	2.0	1.33	14.0	1	119.0	295.0	0.0	0.0393	217.0	295.0
poi-10-3	2.0	1.33	14.0	2	59.0	0	inf	0.0008	0.0	-inf
poi-10-3	2.0	1.33	14.0	2	119.0	295.0	0.0	0.0591	174.0	295.0
poi-10-3	2.0	1.33	14.0	3	59.0	0	inf	0.0011	0.0	-inf
poi-10-3	2.0	1.33	14.0	3	119.0	295.0	0.0	0.0784	195.0	295.0
poi-10-3	2.0	1.33	28.0	1	59.0	0	inf	0.0008	0.0	-inf
poi-10-3	2.0	1.33	28.0	1	119.0	299.0	0.0	0.0712	214.0	299.0
poi-10-3	2.0	1.33	28.0	2	59.0	0	inf	0.0012	0.0	-inf
poi-10-3	2.0	1.33	28.0	2	119.0	301.0	0.0	0.1297	331.0	301.0
poi-10-3	2.0	1.33	28.0	3	59.0	0	inf	0.0016	0.0	-inf
poi-10-3	2.0	1.33	28.0	3	119.0	307.0	0.0	0.1887	368.0	307.0
poi-10-4	1.0	0.67	13.0	1	59.0	163.0	0.0	0.0018	1.0	163.0
poi-10-4	1.0	0.67	13.0	1	118.0	324.0	0.0	0.0339	102.0	324.0
poi-10-4	1.0	0.67	13.0	2	59.0	163.0	0.0	0.0019	1.0	163.0
poi-10-4	1.0	0.67	13.0	2	118.0	324.0	0.0	0.0398	152.0	324.0
poi-10-4	1.0	0.67	13.0	3	59.0	163.0	0.0	0.0021	1.0	163.0
poi-10-4	1.0	0.67	13.0	3	118.0	324.0	0.0	0.0421	142.0	324.0
poi-10-4	1.0	0.67	26.0	1	59.0	173.0	0.0	0.0039	1.0	173.0
poi-10-4	1.0	0.67	26.0	1	118.0	340.0	0.0	0.0545	163.0	340.0
poi-10-4	1.0	0.67	26.0	2	59.0	173.0	0.0	0.0052	1.0	173.0
poi-10-4	1.0	0.67	26.0	2	118.0	340.0	0.0	0.0662	141.0	340.0
poi-10-4	1.0	0.67	26.0	3	59.0	173.0	0.0	0.0066	1.0	173.0
poi-10-4	1.0	0.67	26.0	3	118.0	340.0	0.0	0.1330	124.0	340.0
poi-10-4	1.0	1.0	13.0	1	59.0	163.0	0.0	0.0017	1.0	163.0
poi-10-4	1.0	1.0	13.0	1	118.0	324.0	0.0	0.0321	99.0	324.0
poi-10-4	1.0	1.0	13.0	2	59.0	163.0	0.0	0.0020	1.0	163.0
poi-10-4	1.0	1.0	13.0	2	118.0	324.0	0.0	0.0355	87.0	324.0
poi-10-4	1.0	1.0	13.0	3	59.0	163.0	0.0	0.0021	1.0	163.0
poi-10-4	1.0	1.0	13.0	3	118.0	324.0	0.0	0.0405	157.0	324.0
poi-10-4	1.0	1.0	26.0	1	59.0	179.0	0.0	0.0039	1.0	179.0
poi-10-4	1.0	1.0	26.0	1	118.0	358.0	0.0	0.0795	201.0	358.0
poi-10-4	1.0	1.0	26.0	2	59.0	179.0	0.0	0.0054	1.0	179.0
poi-10-4	1.0	1.0	26.0	2	118.0	358.0	0.0	0.1483	333.0	358.0
poi-10-4	1.0	1.0	26.0	3	59.0	179.0	0.0	0.0067	1.0	179.0
poi-10-4	1.0	1.0	26.0	3	118.0	358.0	0.0	0.1564	331.0	358.0
poi-10-4	1.0	1.33	13.0	1	59.0	163.0	0.0	0.0020	1.0	163.0
poi-10-4	1.0	1.33	13.0	1	118.0	324.0	0.0	0.0481	267.0	324.0
poi-10-4	1.0	1.33	13.0	2	59.0	163.0	0.0	0.0019	1.0	163.0
poi-10-4	1.0	1.33	13.0	2	118.0	324.0	0.0	0.0491	298.0	324.0
poi-10-4	1.0	1.33	13.0	3	59.0	163.0	0.0	0.0021	1.0	163.0
poi-10-4	1.0	1.33	13.0	3	118.0	324.0	0.0	0.0567	187.0	324.0
poi-10-4	1.0	1.33	26.0	1	59.0	184.0	0.0	0.0038	1.0	184.0
poi-10-4	1.0	1.33	26.0	1	118.0	399.0	0.0	0.0987	317.0	399.0
poi-10-4	1.0	1.33	26.0	2	59.0	184.0	0.0	0.0050	1.0	184.0
poi-10-4	1.0	1.33	26.0	2	118.0	399.0	0.0	0.1017	333.0	399.0
poi-10-4	1.0	1.33	26.0	3	59.0	184.0	0.0	0.0062	1.0	184.0
poi-10-4	1.0	1.33	26.0	3	118.0	399.0	0.0	0.2030	340.0	399.0
poi-10-4	2.0	0.67	13.0	1	59.0	163.0	0.0	0.0019	1.0	163.0
poi-10-4	2.0	0.67	13.0	1	118.0	324.0	0.0	0.0353	95.0	324.0
poi-10-4	2.0	0.67	13.0	2	59.0	163.0	0.0	0.0021	1.0	163.0
poi-10-4	2.0	0.67	13.0	2	118.0	324.0	0.0	0.0374	158.0	324.0
poi-10-4	2.0	0.67	13.0	3	59.0	163.0	0.0	0.0020	1.0	163.0
poi-10-4	2.0	0.67	13.0	3	118.0	324.0	0.0	0.0418	132.0	324.0
poi-10-4	2.0	0.67	26.0	1	59.0	173.0	0.0	0.0038	1.0	173.0
poi-10-4	2.0	0.67	26.0	1	118.0	340.0	0.0	0.0499	179.0	340.0
poi-10-4	2.0	0.67	26.0	2	59.0	173.0	0.0	0.0060	1.0	173.0
poi-10-4	2.0	0.67	26.0	2	118.0	340.0	0.0	0.0711	194.0	340.0
poi-10-4	2.0	0.67	26.0	3	59.0	173.0	0.0	0.0076	1.0	173.0
poi-10-4	2.0	0.67	26.0	3	118.0	340.0	0.0	0.0976	159.0	340.0
poi-10-4	2.0	1.0	13.0	1	59.0	163.0	0.0	0.0019	1.0	163.0
poi-10-4	2.0	1.0	13.0	1	118.0	324.0	0.0	0.0345	116.0	324.0
poi-10-4	2.0	1.0	13.0	2	59.0	163.0	0.0	0.0021	1.0	163.0
poi-10-4	2.0	1.0	13.0	2	118.0	324.0	0.0	0.0389	87.0	324.0
poi-10-4	2.0	1.0	13.0	3	59.0	163.0	0.0	0.0021	1.0	163.0
poi-10-4	2.0	1.0	13.0	3	118.0	324.0	0.0	0.0400	157.0	324.0
poi-10-4	2.0	1.0	26.0	1	59.0	179.0	0.0	0.0039	1.0	179.0
poi-10-4	2.0	1.0	26.0	1	118.0	358.0	0.0	0.1089	344.0	358.0
poi-10-4	2.0	1.0	26.0	2	59.0	179.0	0.0	0.0055	1.0	179.0
poi-10-4	2.0	1.0	26.0	2	118.0	358.0	0.0	0.1368	256.0	358.0
poi-10-4	2.0	1.0	26.0	3	59.0	179.0	0.0	0.0067	1.0	179.0
poi-10-4	2.0	1.0	26.0	3	118.0	358.0	0.0	0.1679	585.0	358.0
poi-10-4	2.0	1.33	13.0	1	59.0	163.0	0.0	0.0018	1.0	163.0
poi-10-4	2.0	1.33	13.0	1	118.0	324.0	0.0	0.0424	118.0	324.0
poi-10-4	2.0	1.33	13.0	2	59.0	163.0	0.0	0.0020	1.0	163.0
poi-10-4	2.0	1.33	13.0	2	118.0	324.0	0.0	0.0472	155.0	324.0
poi-10-4	2.0	1.33	13.0	3	59.0	163.0	0.0	0.0022	1.0	163.0
poi-10-4	2.0	1.33	13.0	3	118.0	324.0	0.0	0.0562	189.0	324.0
poi-10-4	2.0	1.33	26.0	1	59.0	184.0	0.0	0.0038	1.0	184.0
poi-10-4	2.0	1.33	26.0	1	118.0	399.0	0.0	0.0892	237.0	399.0
poi-10-4	2.0	1.33	26.0	2	59.0	184.0	0.0	0.0050	1.0	184.0
poi-10-4	2.0	1.33	26.0	2	118.0	399.0	0.0	0.1220	246.0	399.0
poi-10-4	2.0	1.33	26.0	3	59.0	184.0	0.0	0.0065	1.0	184.0
poi-10-4	2.0	1.33	26.0	3	118.0	399.0	0.0	0.1586	319.0	399.0
poi-10-5	1.0	0.67	14.0	1	52.0	109.0	0.0	0.0029	1.0	109.0
poi-10-5	1.0	0.67	14.0	1	104.0	215.0	0.0	0.0685	42.0	215.0
poi-10-5	1.0	0.67	14.0	2	52.0	109.0	0.0	0.0032	1.0	109.0
poi-10-5	1.0	0.67	14.0	2	104.0	215.0	0.0	0.0692	59.0	215.0
poi-10-5	1.0	0.67	14.0	3	52.0	109.0	0.0	0.0035	1.0	109.0
poi-10-5	1.0	0.67	14.0	3	104.0	215.0	0.0	0.0758	37.0	215.0
poi-10-5	1.0	0.67	28.0	1	52.0	109.0	0.0	0.0066	1.0	109.0
poi-10-5	1.0	0.67	28.0	1	104.0	215.0	0.0	0.0654	109.0	215.0
poi-10-5	1.0	0.67	28.0	2	52.0	109.0	0.0	0.0065	1.0	109.0
poi-10-5	1.0	0.67	28.0	2	104.0	215.0	0.0	0.0952	96.0	215.0
poi-10-5	1.0	0.67	28.0	3	52.0	109.0	0.0	0.0075	1.0	109.0
poi-10-5	1.0	0.67	28.0	3	104.0	215.0	0.0	0.0819	48.0	215.0
poi-10-5	1.0	1.0	14.0	1	52.0	109.0	0.0	0.0029	1.0	109.0
poi-10-5	1.0	1.0	14.0	1	104.0	215.0	0.0	0.0745	52.0	215.0
poi-10-5	1.0	1.0	14.0	2	52.0	109.0	0.0	0.0036	1.0	109.0
poi-10-5	1.0	1.0	14.0	2	104.0	215.0	0.0	0.0579	24.0	215.0
poi-10-5	1.0	1.0	14.0	3	52.0	109.0	0.0	0.0041	1.0	109.0
poi-10-5	1.0	1.0	14.0	3	104.0	215.0	0.0	0.0728	54.0	215.0
poi-10-5	1.0	1.0	28.0	1	52.0	109.0	0.0	0.0069	1.0	109.0
poi-10-5	1.0	1.0	28.0	1	104.0	215.0	0.0	0.0781	205.0	215.0
poi-10-5	1.0	1.0	28.0	2	52.0	109.0	0.0	0.0066	1.0	109.0
poi-10-5	1.0	1.0	28.0	2	104.0	222.0	0.0	0.0827	390.0	222.00000000000006
poi-10-5	1.0	1.0	28.0	3	52.0	109.0	0.0	0.0076	1.0	109.0
poi-10-5	1.0	1.0	28.0	3	104.0	222.0	0.0	0.0946	235.0	222.0
poi-10-5	1.0	1.33	14.0	1	52.0	126.0	0.0	0.0030	1.0	126.0
poi-10-5	1.0	1.33	14.0	1	104.0	235.0	0.0	0.0569	104.0	235.0
poi-10-5	1.0	1.33	14.0	2	52.0	126.0	0.0	0.0032	1.0	126.0
poi-10-5	1.0	1.33	14.0	2	104.0	235.0	0.0	0.0596	30.0	235.0
poi-10-5	1.0	1.33	14.0	3	52.0	126.0	0.0	0.0036	1.0	126.0
poi-10-5	1.0	1.33	14.0	3	104.0	235.0	0.0	0.0850	65.0	235.0
poi-10-5	1.0	1.33	28.0	1	52.0	126.0	0.0	0.0079	1.0	126.0
poi-10-5	1.0	1.33	28.0	1	104.0	256.0	0.0	0.0749	265.0	256.0
poi-10-5	1.0	1.33	28.0	2	52.0	126.0	0.0	0.0068	1.0	126.0
poi-10-5	1.0	1.33	28.0	2	104.0	264.0	0.0	0.1034	259.0	264.0
poi-10-5	1.0	1.33	28.0	3	52.0	126.0	0.0	0.0118	1.0	126.0
poi-10-5	1.0	1.33	28.0	3	104.0	264.0	0.0	0.1151	250.0	264.0
poi-10-5	2.0	0.67	14.0	1	52.0	109.0	0.0	0.0029	1.0	109.0
poi-10-5	2.0	0.67	14.0	1	104.0	215.0	0.0	0.0607	59.0	215.0
poi-10-5	2.0	0.67	14.0	2	52.0	109.0	0.0	0.0030	1.0	109.0
poi-10-5	2.0	0.67	14.0	2	104.0	215.0	0.0	0.0726	58.0	215.0
poi-10-5	2.0	0.67	14.0	3	52.0	109.0	0.0	0.0035	1.0	109.0
poi-10-5	2.0	0.67	14.0	3	104.0	215.0	0.0	0.0811	30.0	215.0
poi-10-5	2.0	0.67	28.0	1	52.0	109.0	0.0	0.0057	1.0	109.0
poi-10-5	2.0	0.67	28.0	1	104.0	215.0	0.0	0.0782	68.0	215.0
poi-10-5	2.0	0.67	28.0	2	52.0	109.0	0.0	0.0069	1.0	109.0
poi-10-5	2.0	0.67	28.0	2	104.0	215.0	0.0	0.1092	86.0	215.0
poi-10-5	2.0	0.67	28.0	3	52.0	109.0	0.0	0.0080	1.0	109.0
poi-10-5	2.0	0.67	28.0	3	104.0	215.0	0.0	0.0931	141.0	215.0
poi-10-5	2.0	1.0	14.0	1	52.0	109.0	0.0	0.0026	1.0	109.0
poi-10-5	2.0	1.0	14.0	1	104.0	215.0	0.0	0.0758	189.0	215.0
poi-10-5	2.0	1.0	14.0	2	52.0	109.0	0.0	0.0037	1.0	109.0
poi-10-5	2.0	1.0	14.0	2	104.0	215.0	0.0	0.0670	24.0	215.0
poi-10-5	2.0	1.0	14.0	3	52.0	109.0	0.0	0.0038	1.0	109.0
poi-10-5	2.0	1.0	14.0	3	104.0	215.0	0.0	0.0616	50.0	215.0
poi-10-5	2.0	1.0	28.0	1	52.0	109.0	0.0	0.0036	1.0	109.0
poi-10-5	2.0	1.0	28.0	1	104.0	215.0	0.0	0.0801	400.0	215.0
poi-10-5	2.0	1.0	28.0	2	52.0	109.0	0.0	0.0047	1.0	109.0
poi-10-5	2.0	1.0	28.0	2	104.0	222.0	0.0	0.0942	232.0	222.0
poi-10-5	2.0	1.0	28.0	3	52.0	109.0	0.0	0.0056	1.0	109.0
poi-10-5	2.0	1.0	28.0	3	104.0	222.0	0.0	0.1051	152.0	222.0
poi-10-5	2.0	1.33	14.0	1	52.0	126.0	0.0	0.0027	1.0	126.0
poi-10-5	2.0	1.33	14.0	1	104.0	235.0	0.0	0.0542	24.0	235.0
poi-10-5	2.0	1.33	14.0	2	52.0	126.0	0.0	0.0034	1.0	126.0
poi-10-5	2.0	1.33	14.0	2	104.0	235.0	0.0	0.0510	20.0	235.0
poi-10-5	2.0	1.33	14.0	3	52.0	126.0	0.0	0.0036	1.0	126.0
poi-10-5	2.0	1.33	14.0	3	104.0	235.0	0.0	0.0541	57.0	235.0
poi-10-5	2.0	1.33	28.0	1	52.0	126.0	0.0	0.0094	1.0	126.00000000000003
poi-10-5	2.0	1.33	28.0	1	104.0	256.0	0.0	0.0902	576.0	256.0
poi-10-5	2.0	1.33	28.0	2	52.0	126.0	0.0	0.0087	1.0	126.0
poi-10-5	2.0	1.33	28.0	2	104.0	264.0	0.0	0.0946	250.0	264.0
poi-10-5	2.0	1.33	28.0	3	52.0	126.0	0.0	0.0087	1.0	126.0
poi-10-5	2.0	1.33	28.0	3	104.0	264.0	0.0	0.1066	243.0	264.0
