InstanceName	alpha	beta	L	m	Tmax	ObjValue	CpuTime	IterToBest	TimeToBest	InsertionTruckCount	InsertionSortieCount
r-75-1	1	1	12	1	131	2027	5.8529669	753	1.0886982	91063573	3516813
r-75-1	1	1	12	1	263	3462	20.5959373	1944	5.7925325	220795839	13750585
r-75-1	1	1	12	2	131	2125	8.9401982	3874	3.9863296	120072922	14689511
r-75-1	1	1	12	2	263	3581	35.7417288	6984	20.5401631	322226750	63141454
r-75-1	1	1	12	3	131	2217	10.759267	5166	5.508158	126473672	26853369
r-75-1	1	1	12	3	263	3625	15.706261	70	0.183278	122771751	42761348
r-75-1	1	1	24	1	131	2123	13.6187915	3475	5.5771085	117960184	53729695
r-75-1	1	1	24	1	263	3579	41.1888521	2495	13.7598273	199628823	148115169
r-75-1	1	1	24	2	131	2335	28.7572556	6038	15.5569246	107278148	226567814
r-75-1	1	1	24	2	263	3881	92.7814873	5540	48.3790155	185867065	719469770
r-75-1	1	1	24	3	131	2528	19.1503602	625	2.0883635	40633503	181946801
r-75-1	1	1	24	3	263	3935	246.3988615	17232	190.7346776	283524823	-1947498230
r-75-2	1	1	12	1	127	1964	19.3623952	11527	13.57718	316014630	18592327
r-75-2	1	1	12	1	254	3386	45.8419812	9198	29.8054702	487142284	41439304
r-75-2	1	1	12	2	127	2014	12.4572055	5284	6.5025053	156223942	31029406
r-75-2	1	1	12	2	254	3401	16.7151083	257	0.8096642	140030916	40590270
r-75-2	1	1	12	3	127	2148	26.0173493	15647	19.7536503	274654517	94267303
r-75-2	1	1	12	3	254	3447	41.861548	7326	24.9635415	311945798	154284291
r-75-2	1	1	24	1	127	1938	13.2045606	1392	2.9952262	111372713	56754123
r-75-2	1	1	24	1	254	3455	76.9883455	7545	46.5158673	366425299	294695372
r-75-2	1	1	24	2	127	2175	38.7813036	6102	21.1385145	132520962	333508958
r-75-2	1	1	24	2	254	3643	107.7013779	5743	57.3162118	212512196	890194663
r-75-2	1	1	24	3	127	2312	50.537357	6042	27.8683577	97324232	514265895
r-75-2	1	1	24	3	254	3792	181.1985091	9465	117.7528865	202289957	1786325304
r-75-3	1	1	13	1	131	1881	8.4169744	4248	3.8204496	151333934	5699913
r-75-3	1	1	13	1	262	3325	31.8903958	5268	16.4101338	334236867	26506483
r-75-3	1	1	13	2	131	1980	11.5012241	7285	6.7995347	165725701	20196629
r-75-3	1	1	13	2	262	3441	46.6633916	9552	30.8254865	388598494	103326416
r-75-3	1	1	13	3	131	1999	6.5654857	1784	1.6743937	81594970	17239763
r-75-3	1	1	13	3	262	3466	30.886631	4222	14.3862126	224377108	102486330
r-75-3	1	1	26	1	131	1994	12.594853	3905	5.4528888	127115903	47364634
r-75-3	1	1	26	1	262	3426	34.7947902	811	4.7695223	159319791	136373135
r-75-3	1	1	26	2	131	2185	19.8207417	3940	8.7535803	88897277	151645923
r-75-3	1	1	26	2	262	3674	127.2303634	7922	78.3180065	238481972	1007855646
r-75-3	1	1	26	3	131	2476	27.1900192	4954	13.3183924	71769908	254272997
r-75-3	1	1	26	3	262	3760	147.4239582	6784	84.8893464	153821744	1427050713
r-75-4	1	1	12	1	133	1973	7.4254441	2664	2.6863032	130287608	5192431
r-75-4	1	1	12	1	266	3282	15.7801518	199	0.6131328	167314445	12341006
r-75-4	1	1	12	2	133	2001	8.4773423	3290	3.4551158	118933460	15404424
r-75-4	1	1	12	2	266	3430	40.6617004	7843	25.1045223	355310576	83650076
r-75-4	1	1	12	3	133	2111	16.3042041	10394	11.0544229	203788222	43882014
r-75-4	1	1	12	3	266	3501	25.750142	2783	9.5714266	198512463	80365590
r-75-4	1	1	24	1	133	2036	12.7136831	2510	4.2045664	111873358	51285049
r-75-4	1	1	24	1	266	3506	53.3716284	4024	23.8642994	253234549	202343690
r-75-4	1	1	24	2	133	2302	16.6675397	961	2.6484977	62240477	133617624
r-75-4	1	1	24	2	266	3643	91.5140884	4424	42.9563005	170733918	728952967
r-75-4	1	1	24	3	133	2406	46.6339965	7810	28.1817102	98933200	444375182
r-75-4	1	1	24	3	266	3773	147.383045	7096	85.2202995	159750269	1426334430
r-75-5	1	1	12	1	124	1795	13.04269	11401	9.1252477	235925556	7623766
r-75-5	1	1	12	1	249	3399	18.8075881	1363	4.0268659	196524838	12890113
r-75-5	1	1	12	2	124	1860	8.6799214	5621	4.5750609	124526217	12457505
r-75-5	1	1	12	2	249	3527	25.1191258	3138	9.6559166	214890833	42885738
r-75-5	1	1	12	3	124	1877	7.3849151	3719	3.123774	94578848	16071373
r-75-5	1	1	12	3	249	3606	57.463305	12955	41.4476697	430153538	152716224
r-75-5	1	1	25	1	124	1857	11.1495992	4264	5.090321	112381751	40209928
r-75-5	1	1	25	1	249	3543	71.4988314	9023	45.4606029	370671828	260098932
r-75-5	1	1	25	2	124	2021	12.1970945	1673	2.9538605	56777315	89381241
r-75-5	1	1	25	2	249	3766	65.6893153	3291	24.9972571	145585695	507435208
r-75-5	1	1	25	3	124	2220	31.1006095	8183	19.2608283	83925831	283931075
r-75-5	1	1	25	3	249	3871	92.0624277	4147	40.2915011	116938988	876736547
r-100-1	1	1	12	1	146	2731	25.0371612	4244	11.4667304	344338935	18102817
r-100-1	1	1	12	1	292	4720	102.4799673	4951	51.2668707	746234934	87566688
r-100-1	1	1	12	2	146	2862	22.1289654	2351	7.0449509	222332557	42413343
r-100-1	1	1	12	2	292	4909	91.726659	3779	39.0860867	517697728	213680063
r-100-1	1	1	12	3	146	2924	37.9243736	7190	22.4476913	324329217	111508404
r-100-1	1	1	12	3	292	5025	153.4204359	9108	99.0127468	731734882	550562265
r-100-1	1	1	25	1	146	2744	65.2421988	10414	43.9538033	516532025	247204651
r-100-1	1	1	25	1	292	4865	154.9176815	2955	58.1541537	515105841	580428799
r-100-1	1	1	25	2	146	2944	57.8392522	2904	20.7406661	189700368	444231306
r-100-1	1	1	25	2	292	5006	297.0681125	3879	129.0133966	385196108	-1972659881
r-100-1	1	1	25	3	146	3074	51.7181081	153	1.4543902	93465326	484906211
r-100-1	1	1	25	3	292	5146	567.5876961	5916	305.262377	332764477	123469400
r-100-2	1	1	12	1	139	2716	20.9144845	3298	9.0791698	288601732	16826564
r-100-2	1	1	12	1	278	4516	68.9783925	2940	25.4457321	574521718	52736362
r-100-2	1	1	12	2	139	2874	23.8254491	4296	11.2902734	250965587	49282617
r-100-2	1	1	12	2	278	4771	102.3548559	6322	56.9244721	656827556	214631543
r-100-2	1	1	12	3	139	3001	29.7481795	6040	16.6053088	265962072	91605383
r-100-2	1	1	12	3	278	4800	103.0309413	6038	56.0165655	570468765	330055322
r-100-2	1	1	25	1	139	2678	30.3000762	2918	10.9760491	231451673	126941289
r-100-2	1	1	25	1	278	4591	203.897476	7773	123.0210619	792457146	747798047
r-100-2	1	1	25	2	139	2987	77.1818394	7518	46.3031371	239574870	628085023
r-100-2	1	1	25	2	278	4848	239.7094566	4645	114.8084783	376847270	1891147855
r-100-2	1	1	25	3	139	3163	87.9734937	5538	46.3736088	148487378	852020108
r-100-2	1	1	25	3	278	4998	389.5643951	5585	202.4484831	297924433	-1086739526
r-100-3	1	1	12	1	145	2496	28.3209031	6299	15.8991041	371208857	23376469
r-100-3	1	1	12	1	290	4695	89.9351964	4059	41.2056267	664189343	68817733
r-100-3	1	1	12	2	145	2760	39.4779244	9872	26.1248574	378447219	90394907
r-100-3	1	1	12	2	290	4890	156.7088158	10893	107.8584628	924769430	346323610
r-100-3	1	1	12	3	145	2760	28.4165122	5494	14.6030188	233974685	97421552
r-100-3	1	1	12	3	290	4964	145.8342228	9559	96.2651862	744538975	492144913
r-100-3	1	1	25	1	145	2560	49.2083157	7176	29.0276242	369455939	202665089
r-100-3	1	1	25	1	290	4835	143.4900424	3315	56.5982168	518048960	518145081
r-100-3	1	1	25	2	145	2804	44.2281485	1476	9.715279	132749570	361702557
r-100-3	1	1	25	2	290	5194	451.8079773	11694	314.0954752	683838188	-707422760
r-100-3	1	1	25	3	145	3204	95.2220267	5833	50.191011	158301949	935409111
r-100-3	1	1	25	3	290	5393	689.5737914	12275	488.1398385	500408775	1499111891
r-100-4	1	1	13	1	138	2415	19.7262311	3753	8.494244	289923256	14264348
r-100-4	1	1	13	1	277	4298	125.2569866	7724	75.5419584	900312212	90436860
r-100-4	1	1	13	2	138	2536	29.7432322	7592	17.8795412	330405451	59179605
r-100-4	1	1	13	2	277	4456	99.5587273	5759	52.1021676	625605874	216081667
r-100-4	1	1	13	3	138	2675	54.7315054	16708	42.070279	514609143	165227081
r-100-4	1	1	13	3	277	4563	84.9004773	3583	34.9646219	440025972	284846617
r-100-4	1	1	27	1	138	2449	18.4187075	314	1.0624634	154081810	74224672
r-100-4	1	1	27	1	277	4306	139.1288785	3706	57.6832253	546522121	520250336
r-100-4	1	1	27	2	138	2711	32.0144776	928	4.7710065	114054958	256918416
r-100-4	1	1	27	2	277	4701	166.6168642	1697	41.3246173	275662094	1311097968
r-100-4	1	1	27	3	138	2922	41.1375113	766	5.2721045	81299557	397048846
r-100-4	1	1	27	3	277	4882	726.3722744	15878	551.5930072	618221678	2072008613
r-100-5	1	1	12	1	132	2509	17.2798517	2040	5.2032722	238433898	15979434
r-100-5	1	1	12	1	264	4397	105.8650954	6759	60.7647243	867437169	93245945
r-100-5	1	1	12	2	132	2701	25.6360132	4411	12.3659568	256192407	60995987
r-100-5	1	1	12	2	264	4734	99.3323036	5996	53.6761198	652197660	234301962
r-100-5	1	1	12	3	132	2815	35.6939414	7738	21.8664982	290015904	125477365
r-100-5	1	1	12	3	264	4795	137.5543543	9384	89.41842	735173705	498455285
r-100-5	1	1	24	1	132	2651	54.3036017	8625	34.450336	405540424	241632296
r-100-5	1	1	24	1	264	4575	399.1693862	19302	315.7747762	1510158037	1542102197
r-100-5	1	1	24	2	132	2874	108.0112595	11414	75.346234	323048330	896466928
r-100-5	1	1	24	2	264	4932	431.7222843	11449	299.3081062	674298642	-827109905
r-100-5	1	1	24	3	132	3010	55.1305495	1380	11.7332479	91467419	541099812
r-100-5	1	1	24	3	264	5092	523.6827024	8010	316.0881513	383665575	-107920193
r-125-1	1	1	11	1	151	3471	38.9937846	733	5.5158731	388047265	33466084
r-125-1	1	1	11	1	303	5563	179.1179964	2452	61.3191673	1021532977	138736140
r-125-1	1	1	11	2	151	3820	62.4548135	3299	25.3450522	446679998	143339408
r-125-1	1	1	11	2	303	5683	130.6998368	394	9.2490405	549218601	288212820
r-125-1	1	1	11	3	151	3995	85.1769086	5893	46.4343877	505580688	292468606
r-125-1	1	1	11	3	303	5770	255.0142739	5380	133.106693	976185821	876714917
r-125-1	1	1	23	1	151	3568	93.3088906	3070	36.0090307	496516302	395224469
r-125-1	1	1	23	1	303	5651	401.6309425	2801	144.9439843	935176357	1298163211
r-125-1	1	1	23	2	151	3865	239.2133796	6391	135.128583	495546680	1963539620
r-125-1	1	1	23	2	303	5883	1238.1349729	6330	700.4357121	879880612	-1768441732
r-125-1	1	1	23	3	151	4242	281.0305534	2343	91.552363	236716236	2058165960
r-125-1	1	1	23	3	303	6064	1517.6031716	2890	560.2483093	434987021	-1139817314
r-125-2	1	1	13	1	153	3084	75.1952813	8924	48.4183771	814223808	81469528
r-125-2	1	1	13	1	307	5355	237.5212228	5081	118.7806919	1341760860	225529235
r-125-2	1	1	13	2	153	3311	57.7649744	4217	26.3747626	446278466	168990200
r-125-2	1	1	13	2	307	5682	297.9703496	6638	165.0147229	1258307872	776322872
r-125-2	1	1	13	3	153	3416	80.5442237	7057	46.9802249	481573133	339659578
r-125-2	1	1	13	3	307	5897	450.3006559	11160	310.6230108	1426231442	1766687841
r-125-2	1	1	26	1	153	3089	93.2351724	5776	49.9466244	570565654	393287132
r-125-2	1	1	26	1	307	5304	403.0916872	4749	191.0821983	1149826251	1345239076
r-125-2	1	1	26	2	153	3513	190.0919822	6570	107.9523353	444508727	1585932697
r-125-2	1	1	26	2	307	5805	1111.7103171	7661	671.5918583	1006423685	-1746870149
r-125-2	1	1	26	3	153	3737	484.782453	11864	344.585671	484377635	-537419324
r-125-2	1	1	26	3	307	6075	1843.3112214	6789	1057.9278671	669313651	1342658981
r-125-3	1	1	12	1	156	3132	27.7179219	42	0.2475246	293774944	22813566
r-125-3	1	1	12	1	312	5014	204.8888779	3803	92.6711535	1166296097	146245304
r-125-3	1	1	12	2	156	3374	51.0363763	3106	20.6355226	391452088	112729456
r-125-3	1	1	12	2	312	5379	272.5041727	6506	156.358791	1166333249	564041612
r-125-3	1	1	12	3	156	3462	57.5811375	3741	25.5804102	367314792	188935783
r-125-3	1	1	12	3	312	5480	176.6410881	2293	57.8246001	639392793	560662575
r-125-3	1	1	25	1	156	3108	58.0724268	977	10.0534349	337344229	243318683
r-125-3	1	1	25	1	312	5135	524.199524	6979	307.391892	1402435872	1757315461
r-125-3	1	1	25	2	156	3512	148.1465057	2975	55.567056	324179518	1229283294
r-125-3	1	1	25	2	312	5481	1349.4117599	9977	908.8523524	1167231038	-296691653
r-125-3	1	1	25	3	156	3684	402.1509989	8036	249.7753156	384741911	-1046237033
r-125-3	1	1	25	3	312	5830	1841.6955995	6373	1036.0392364	606065689	1271695740
r-125-4	1	1	12	1	166	3125	68.6425909	5732	37.0113561	738494546	53469739
r-125-4	1	1	12	1	332	5179	294.8481947	7232	174.5078098	1717985226	209877086
r-125-4	1	1	12	2	166	3496	134.2296332	14268	98.8555029	1060408445	298977821
r-125-4	1	1	12	2	332	5477	407.4582322	11578	283.828317	1861844016	891108567
r-125-4	1	1	12	3	166	3539	69.4660702	4507	32.2542185	450317912	234587155
r-125-4	1	1	12	3	332	5518	335.801027	8208	210.3100751	1260983847	1138902914
r-125-4	1	1	25	1	166	3265	138.1702727	7349	82.3007421	783985992	558681339
r-125-4	1	1	25	1	332	5287	457.83387	4045	202.6278702	1110721138	1449087729
r-125-4	1	1	25	2	166	3509	131.3657	1211	24.6436364	271266295	1080961740
r-125-4	1	1	25	2	332	5528	1377.9653238	7466	818.4167292	1020195493	-703304993
r-125-4	1	1	25	3	166	3707	270.9613789	1637	64.1065301	217224245	1971181313
r-125-4	1	1	25	3	332	5688	3412.5996227	12140	2419.9961083	964323061	-15961439
r-125-5	1	1	13	1	157	3047	83.1988608	10721	56.6674743	922873535	67704261
r-125-5	1	1	13	1	314	5463	246.424879	5104	124.1887471	1321538005	205809429
r-125-5	1	1	13	2	157	3309	35.2508812	1233	6.6877647	280799242	82236599
r-125-5	1	1	13	2	314	5925	460.2037077	12505	328.365567	1765390114	1068344274
r-125-5	1	1	13	3	157	3434	42.6900102	2214	12.6473927	283939522	148737538
r-125-5	1	1	13	3	314	6106	459.1000493	11762	322.4333672	1438102187	1652019185
r-125-5	1	1	26	1	157	2991	66.0215171	2944	24.3633466	421597133	277318013
r-125-5	1	1	26	1	314	5593	620.5979158	8849	395.2735669	1622544834	-2092150091
r-125-5	1	1	26	2	157	3323	132.8142028	4016	58.6013813	338057673	1085922720
r-125-5	1	1	26	2	314	6011	976.453129	6056	529.6539093	887703954	1568885365
r-125-5	1	1	26	3	157	3724	411.2996692	12869	294.8564982	503245403	-747175673
r-125-5	1	1	26	3	314	6298	2852.6111227	12341	2028.983156	1000054008	2050398861
r-150-1	1	1	12	1	170	3624	144.1457796	8430	90.5197319	1332022929	113386402
r-150-1	1	1	12	1	340	6634	833.3498873	11643	583.5582758	-453148332	535300704
r-150-1	1	1	12	2	170	3950	140.9265499	7085	82.4011094	938092352	301243990
r-150-1	1	1	12	2	340	7028	862.6511309	11900	605.606503	-1431415277	1675068102
r-150-1	1	1	12	3	170	4314	212.0959163	12153	149.845808	1148807244	678365278
r-150-1	1	1	12	3	340	7305	701.2926648	8416	434.8190276	1989661153	2114797174
r-150-1	1	1	25	1	170	3758	107.9288426	1102	18.6152551	558871702	428334582
r-150-1	1	1	25	1	340	6705	1848.5576669	13071	1320.7453382	-729435920	969881509
r-150-1	1	1	25	2	170	4106	252.2614027	2889	91.214879	498808220	1902547088
r-150-1	1	1	25	2	340	7110	2745.4792191	7457	1584.8635019	1639178704	-510808298
r-150-1	1	1	25	3	170	4399	517.3526048	2970	190.1109661	367231771	-1130367834
r-150-1	1	1	25	3	340	7544	4322.6171673	7050	2453.4140466	1101547977	1579785561
r-150-2	1	1	12	1	155	3519	78.8586698	2424	26.0978787	735142256	63059376
r-150-2	1	1	12	1	311	6327	713.8193539	10054	476.6725651	-1069970015	534100059
r-150-2	1	1	12	2	155	3981	103.8082037	3942	44.9513715	690940682	244008879
r-150-2	1	1	12	2	311	6771	496.837161	4892	242.0478131	1698907298	1094588140
r-150-2	1	1	12	3	155	4063	137.4319334	6414	76.0444305	757258673	485531542
r-150-2	1	1	12	3	311	6997	834.2137991	10895	569.3580103	-1963801344	-1458733827
r-150-2	1	1	24	1	155	3513	127.622135	3020	46.4879298	725166273	474249230
r-150-2	1	1	24	1	311	6345	800.5787392	3427	316.3475935	1677455814	-2075938960
r-150-2	1	1	24	2	155	3976	249.9279341	3811	106.664672	556821659	1922856669
r-150-2	1	1	24	2	311	6882	1591.2472108	2191	473.23204	928453007	-1272785503
r-150-2	1	1	24	3	155	4371	718.697929	8237	444.8748508	620927671	418684921
r-150-2	1	1	24	3	311	7223	2786.8490738	2864	996.2466744	736066791	-773573403
r-150-3	1	1	12	1	170	3728	86.5657039	2009	25.6884276	728173746	78922128
r-150-3	1	1	12	1	340	6250	586.1460227	6150	332.0354397	-1855344059	450879252
r-150-3	1	1	12	2	170	4009	183.094636	8288	113.8087419	1065942610	467085511
r-150-3	1	1	12	2	340	6492	628.1378916	6638	360.7019033	1897312304	1478586290
r-150-3	1	1	12	3	170	4189	83.6498338	718	10.2681045	364641206	324213091
r-150-3	1	1	12	3	340	6734	904.4570827	11294	628.5000129	-2082703770	-1015181241
r-150-3	1	1	25	1	170	3728	125.3878667	115	2.9509293	498726790	497615379
r-150-3	1	1	25	1	340	6303	1690.118213	8533	1058.6049175	-1548320215	348351798
r-150-3	1	1	25	2	170	3902	674.5699723	6563	378.150601	793742453	-103602474
r-150-3	1	1	25	2	340	6661	5217.4602633	10389	3490.1800727	1999504971	-785366991
r-150-3	1	1	25	3	170	4319	1510.8918968	8082	937.7110357	651043610	-599160193
r-150-3	1	1	25	3	340	6930	4053.6447403	2633	1370.1172297	671951561	-952620996
r-150-4	1	1	12	1	172	3984	159.6854482	7143	98.3548747	1315221908	150064969
r-150-4	1	1	12	1	345	6650	313.0245005	846	46.853879	1236965655	245175346
r-150-4	1	1	12	2	172	4258	223.8522623	9174	150.9810966	1275609559	587950912
r-150-4	1	1	12	2	345	7041	629.8781668	5969	341.151911	1871748836	1487629970
r-150-4	1	1	12	3	172	4693	243.2721939	9923	164.7166196	1072028812	930661153
r-150-4	1	1	12	3	345	7204	823.8147651	8647	521.3169956	1986047054	-1268803692
r-150-4	1	1	24	1	172	3845	195.3884597	3604	82.6742107	841871875	729009386
r-150-4	1	1	24	1	345	6712	1693.1504425	10033	1120.1619401	-1251257639	315003205
r-150-4	1	1	24	2	172	4372	577.2589069	5142	308.4372922	738083559	-704270855
r-150-4	1	1	24	2	345	7135	3137.35552	5519	1631.5814077	1431245732	-59568179
r-150-4	1	1	24	3	172	4728	1161.9568882	5953	643.063575	571010744	2014392523
r-150-4	1	1	24	3	345	7356	6683.8497302	8683	4224.0449059	1260590565	1270271922
r-150-5	1	1	12	1	174	3992	64.9837312	373	4.3585996	557133060	54300975
r-150-5	1	1	12	1	348	6845	440.6938464	4121	199.0814506	2060414449	293937730
r-150-5	1	1	12	2	174	4462	176.9087753	8455	110.1361523	1134325120	403815923
r-150-5	1	1	12	2	348	7407	860.5674945	12035	605.3731761	-1333372938	1777216602
r-150-5	1	1	12	3	174	4907	176.6818687	7787	106.9567198	919804903	611783792
r-150-5	1	1	12	3	348	7579	618.8417541	7000	359.9061671	1761391679	1987824281
r-150-5	1	1	25	1	174	4111	384.8790033	12628	275.196674	1718783281	1483241336
r-150-5	1	1	25	1	348	6899	940.800226	3693	388.948144	1720062818	-1697948726
r-150-5	1	1	25	2	174	4641	468.5191225	5050	234.7099162	672967019	-1130942300
r-150-5	1	1	25	2	348	7531	3603.3045848	8358	2228.8402046	1739976318	-2051360789
r-150-5	1	1	25	3	174	4871	832.9005781	3705	357.1736898	442383842	348772370
r-150-5	1	1	25	3	348	7826	6053.4539436	8738	3811.8162316	1307882084	-891933665
AverageObj: 4179.87, IterToBest: 6026.57, TimeToBest: 254.74
