InstanceName	alpha	beta	L	m	Tmax	ObjValue	CpuTime	IterToBest	TimeToBest
poi-10-1	1	0.67	15	1	59	201	0.1150285	0	0
poi-10-1	1	0.67	15	1	118	295	0.1658221	0	0
poi-10-1	1	0.67	15	2	59	201	0.1145085	0	0
poi-10-1	1	0.67	15	2	118	295	0.1674718	0	0
poi-10-1	1	0.67	15	3	59	201	0.0430355	0	0
poi-10-1	1	0.67	15	3	118	295	0.049051	0	0
poi-10-1	1	0.67	30	1	59	201	0.0250456	0	0
poi-10-1	1	0.67	30	1	118	295	0.0525799	0	0
poi-10-1	1	0.67	30	2	59	201	0.0261812	0	0
poi-10-1	1	0.67	30	2	118	295	0.05561	0	0
poi-10-1	1	0.67	30	3	59	201	0.0270905	0	0
poi-10-1	1	0.67	30	3	118	295	0.0586725	0	0
poi-10-1	1	1	15	1	59	201	0.0370834	0	0
poi-10-1	1	1	15	1	118	295	0.0732978	0	0
poi-10-1	1	1	15	2	59	201	0.0377193	0	0
poi-10-1	1	1	15	2	118	295	0.075276	0	0
poi-10-1	1	1	15	3	59	201	0.0394291	0	0
poi-10-1	1	1	15	3	118	295	0.0756356	0	0
poi-10-1	1	1	30	1	59	201	0.0356696	0	0
poi-10-1	1	1	30	1	118	295	0.0704277	0	0
poi-10-1	1	1	30	2	59	201	0.0392921	0	0
poi-10-1	1	1	30	2	118	295	0.076235	0	0
poi-10-1	1	1	30	3	59	201	0.0425063	0	0
poi-10-1	1	1	30	3	118	295	0.0822101	0	0
poi-10-1	1	1.33	15	1	59	233	0.0303467	0	0
poi-10-1	1	1.33	15	1	118	327	0.0624745	0	0
poi-10-1	1	1.33	15	2	59	233	0.0314726	0	0
poi-10-1	1	1.33	15	2	118	327	0.0639416	0	0
poi-10-1	1	1.33	15	3	59	233	0.0327249	0	0
poi-10-1	1	1.33	15	3	118	327	0.0653252	0	0
poi-10-1	1	1.33	30	1	59	233	0.0347669	0	0
poi-10-1	1	1.33	30	1	118	347	0.0648887	4	7.07E-05
poi-10-1	1	1.33	30	2	59	233	0.0383456	0	0
poi-10-1	1	1.33	30	2	118	347	0.0693595	2	3.59E-05
poi-10-1	1	1.33	30	3	59	233	0.0419229	0	0
poi-10-1	1	1.33	30	3	118	347	0.074772	2	3.84E-05
poi-10-1	2	0.67	15	1	59	201	0.0229806	0	0
poi-10-1	2	0.67	15	1	118	295	0.0398431	0	0
poi-10-1	2	0.67	15	2	59	201	0.0275931	0	0
poi-10-1	2	0.67	15	2	118	295	0.040777	0	0
poi-10-1	2	0.67	15	3	59	201	0.0243458	0	0
poi-10-1	2	0.67	15	3	118	295	0.0416448	0	0
poi-10-1	2	0.67	30	1	59	201	0.0249943	0	0
poi-10-1	2	0.67	30	1	118	295	0.0519867	0	0
poi-10-1	2	0.67	30	2	59	201	0.0260911	0	0
poi-10-1	2	0.67	30	2	118	295	0.0552343	0	0
poi-10-1	2	0.67	30	3	59	201	0.0268646	0	0
poi-10-1	2	0.67	30	3	118	295	0.0582145	0	0
poi-10-1	2	1	15	1	59	201	0.0306743	0	0
poi-10-1	2	1	15	1	118	295	0.066636	0	0
poi-10-1	2	1	15	2	59	201	0.0318694	0	0
poi-10-1	2	1	15	2	118	295	0.0683924	0	0
poi-10-1	2	1	15	3	59	201	0.0328323	0	0
poi-10-1	2	1	15	3	118	295	0.0699499	0	0
poi-10-1	2	1	30	1	59	201	0.035188	0	0
poi-10-1	2	1	30	1	118	295	0.0696415	0	0
poi-10-1	2	1	30	2	59	201	0.038962	0	0
poi-10-1	2	1	30	2	118	295	0.0762979	0	0
poi-10-1	2	1	30	3	59	201	0.0424461	0	0
poi-10-1	2	1	30	3	118	295	0.081848	0	0
poi-10-1	2	1.33	15	1	59	233	0.0301661	0	0
poi-10-1	2	1.33	15	1	118	327	0.0622017	0	0
poi-10-1	2	1.33	15	2	59	233	0.0315304	0	0
poi-10-1	2	1.33	15	2	118	327	0.0639246	0	0
poi-10-1	2	1.33	15	3	59	233	0.0329135	0	0
poi-10-1	2	1.33	15	3	118	327	0.0654176	0	0
poi-10-1	2	1.33	30	1	59	233	0.0348991	0	0
poi-10-1	2	1.33	30	1	118	347	0.0648471	7	0.000106
poi-10-1	2	1.33	30	2	59	233	0.0383144	0	0
poi-10-1	2	1.33	30	2	118	347	0.0693161	1	1.62E-05
poi-10-1	2	1.33	30	3	59	233	0.0413339	0	0
poi-10-1	2	1.33	30	3	118	347	0.0741866	2	3.39E-05
poi-10-2	1	0.67	13	1	58	76	0.0226357	0	0
poi-10-2	1	0.67	13	1	116	296	0.0357575	11	8.82E-05
poi-10-2	1	0.67	13	2	58	76	0.0230165	0	0
poi-10-2	1	0.67	13	2	116	296	0.0361345	1	8E-06
poi-10-2	1	0.67	13	3	58	76	0.0236688	0	0
poi-10-2	1	0.67	13	3	116	296	0.0366663	1	8.6E-06
poi-10-2	1	0.67	27	1	58	76	0.0273125	0	0
poi-10-2	1	0.67	27	1	116	296	0.0476401	31	0.0003852
poi-10-2	1	0.67	27	2	58	76	0.0286836	0	0
poi-10-2	1	0.67	27	2	116	296	0.0492977	7	0.0001024
poi-10-2	1	0.67	27	3	58	76	0.0297228	0	0
poi-10-2	1	0.67	27	3	116	296	0.0513593	38	0.0003716
poi-10-2	1	1	13	1	58	76	0.0225534	0	0
poi-10-2	1	1	13	1	116	296	0.0599722	12	0.0001492
poi-10-2	1	1	13	2	58	76	0.0231713	0	0
poi-10-2	1	1	13	2	116	296	0.0609026	22	0.000261
poi-10-2	1	1	13	3	58	76	0.0237537	0	0
poi-10-2	1	1	13	3	116	296	0.0619504	10	0.0001241
poi-10-2	1	1	27	1	58	76	0.0274367	0	0
poi-10-2	1	1	27	1	116	296	0.0711994	6	0.0001035
poi-10-2	1	1	27	2	58	76	0.0287879	0	0
poi-10-2	1	1	27	2	116	296	0.0793406	1	2.17E-05
poi-10-2	1	1	27	3	58	76	0.0296844	0	0
poi-10-2	1	1	27	3	116	296	0.0843162	1	2.68E-05
poi-10-2	1	1.33	13	1	58	76	0.0227512	0	0
poi-10-2	1	1.33	13	1	116	313	0.0600703	5	6.78E-05
poi-10-2	1	1.33	13	2	58	76	0.0232096	0	0
poi-10-2	1	1.33	13	2	116	313	0.061108	14	0.0001711
poi-10-2	1	1.33	13	3	58	76	0.0236626	0	0
poi-10-2	1	1.33	13	3	116	313	0.0619932	11	0.0001273
poi-10-2	1	1.33	27	1	58	76	0.0274724	0	0
poi-10-2	1	1.33	27	1	116	343	0.0723458	17	0.0002559
poi-10-2	1	1.33	27	2	58	76	0.0285019	0	0
poi-10-2	1	1.33	27	2	116	345	0.0817997	1	2.4E-05
poi-10-2	1	1.33	27	3	58	76	0.029809	0	0
poi-10-2	1	1.33	27	3	116	345	0.0861079	2	4.2E-05
poi-10-2	2	0.67	13	1	58	76	0.0223285	0	0
poi-10-2	2	0.67	13	1	116	296	0.035718	18	0.0001283
poi-10-2	2	0.67	13	2	58	76	0.0231497	0	0
poi-10-2	2	0.67	13	2	116	296	0.0363206	12	8.64E-05
poi-10-2	2	0.67	13	3	58	76	0.0237384	0	0
poi-10-2	2	0.67	13	3	116	296	0.0368181	2	1.53E-05
poi-10-2	2	0.67	27	1	58	76	0.027602	0	0
poi-10-2	2	0.67	27	1	116	296	0.0474789	1	9E-06
poi-10-2	2	0.67	27	2	58	76	0.0285493	0	0
poi-10-2	2	0.67	27	2	116	296	0.0498589	4	4.55E-05
poi-10-2	2	0.67	27	3	58	76	0.029699	0	0
poi-10-2	2	0.67	27	3	116	296	0.0515944	7	8.56E-05
poi-10-2	2	1	13	1	58	76	0.0223895	0	0
poi-10-2	2	1	13	1	116	296	0.0597959	2	3.06E-05
poi-10-2	2	1	13	2	58	76	0.0232069	0	0
poi-10-2	2	1	13	2	116	296	0.0610535	6	0.0001332
poi-10-2	2	1	13	3	58	76	0.0235977	0	0
poi-10-2	2	1	13	3	116	296	0.0622121	11	0.000137
poi-10-2	2	1	27	1	58	76	0.0273856	0	0
poi-10-2	2	1	27	1	116	296	0.0674192	3	5.01E-05
poi-10-2	2	1	27	2	58	76	0.0285933	0	0
poi-10-2	2	1	27	2	116	296	0.0742563	1	2.4E-05
poi-10-2	2	1	27	3	58	76	0.0294119	0	0
poi-10-2	2	1	27	3	116	296	0.078655	6	0.0001847
poi-10-2	2	1.33	13	1	58	76	0.022524	0	0
poi-10-2	2	1.33	13	1	116	313	0.0598426	3	4.25E-05
poi-10-2	2	1.33	13	2	58	76	0.0229455	0	0
poi-10-2	2	1.33	13	2	116	313	0.0609791	12	0.000209
poi-10-2	2	1.33	13	3	58	76	0.0235362	0	0
poi-10-2	2	1.33	13	3	116	313	0.0621428	6	7.95E-05
poi-10-2	2	1.33	27	1	58	76	0.0272933	0	0
poi-10-2	2	1.33	27	1	116	355	0.0708574	8	0.0001807
poi-10-2	2	1.33	27	2	58	76	0.0284903	0	0
poi-10-2	2	1.33	27	2	116	355	0.0797441	3	5.81E-05
poi-10-2	2	1.33	27	3	58	76	0.0297054	0	0
poi-10-2	2	1.33	27	3	116	355	0.0829609	2	3.94E-05
poi-10-3	1	0.67	14	1	59	0	0.0215896	0	0
poi-10-3	1	0.67	14	1	119	243	0.0410233	0	0
poi-10-3	1	0.67	14	2	59	0	0.0220847	0	0
poi-10-3	1	0.67	14	2	119	243	0.043257	0	0
poi-10-3	1	0.67	14	3	59	0	0.0229405	0	0
poi-10-3	1	0.67	14	3	119	243	0.044996	0	0
poi-10-3	1	0.67	28	1	59	0	0.0219501	0	0
poi-10-3	1	0.67	28	1	119	243	0.0501702	0	0
poi-10-3	1	0.67	28	2	59	0	0.0229423	0	0
poi-10-3	1	0.67	28	2	119	243	0.0597871	0	0
poi-10-3	1	0.67	28	3	59	0	0.0238362	0	0
poi-10-3	1	0.67	28	3	119	243	0.0647815	0	0
poi-10-3	1	1	14	1	59	0	0.0214679	0	0
poi-10-3	1	1	14	1	119	243	0.0645008	0	0
poi-10-3	1	1	14	2	59	0	0.0222657	0	0
poi-10-3	1	1	14	2	119	243	0.0744056	0	0
poi-10-3	1	1	14	3	59	0	0.0229456	0	0
poi-10-3	1	1	14	3	119	243	0.0780548	0	0
poi-10-3	1	1	28	1	59	0	0.0219621	0	0
poi-10-3	1	1	28	1	119	243	0.0760535	0	0
poi-10-3	1	1	28	2	59	0	0.0228923	0	0
poi-10-3	1	1	28	2	119	243	0.0870145	0	0
poi-10-3	1	1	28	3	59	0	0.0239128	0	0
poi-10-3	1	1	28	3	119	243	0.0910821	0	0
poi-10-3	1	1.33	14	1	59	0	0.0214515	0	0
poi-10-3	1	1.33	14	1	119	275	0.0649025	0	0
poi-10-3	1	1.33	14	2	59	0	0.0220786	0	0
poi-10-3	1	1.33	14	2	119	295	0.0769036	7	0.0001213
poi-10-3	1	1.33	14	3	59	0	0.0230188	0	0
poi-10-3	1	1.33	14	3	119	295	0.0808243	6	0.0001095
poi-10-3	1	1.33	28	1	59	0	0.0221604	0	0
poi-10-3	1	1.33	28	1	119	295	0.0737316	0	0
poi-10-3	1	1.33	28	2	59	0	0.0230589	0	0
poi-10-3	1	1.33	28	2	119	301	0.0815907	48	0.000826
poi-10-3	1	1.33	28	3	59	0	0.023976	0	0
poi-10-3	1	1.33	28	3	119	301	0.0858498	11	0.0002173
poi-10-3	2	0.67	14	1	59	0	0.0215297	0	0
poi-10-3	2	0.67	14	1	119	243	0.0409505	0	0
poi-10-3	2	0.67	14	2	59	0	0.0221089	0	0
poi-10-3	2	0.67	14	2	119	243	0.0435309	0	0
poi-10-3	2	0.67	14	3	59	0	0.0229812	0	0
poi-10-3	2	0.67	14	3	119	243	0.0448692	0	0
poi-10-3	2	0.67	28	1	59	0	0.021993	0	0
poi-10-3	2	0.67	28	1	119	243	0.0508371	0	0
poi-10-3	2	0.67	28	2	59	0	0.0228328	0	0
poi-10-3	2	0.67	28	2	119	243	0.0593501	0	0
poi-10-3	2	0.67	28	3	59	0	0.0238728	0	0
poi-10-3	2	0.67	28	3	119	243	0.065389	0	0
poi-10-3	2	1	14	1	59	0	0.021466	0	0
poi-10-3	2	1	14	1	119	243	0.0649246	0	0
poi-10-3	2	1	14	2	59	0	0.0220441	0	0
poi-10-3	2	1	14	2	119	243	0.0735702	0	0
poi-10-3	2	1	14	3	59	0	0.0230914	0	0
poi-10-3	2	1	14	3	119	243	0.0777566	0	0
poi-10-3	2	1	28	1	59	0	0.0221419	0	0
poi-10-3	2	1	28	1	119	243	0.0767883	0	0
poi-10-3	2	1	28	2	59	0	0.0228806	0	0
poi-10-3	2	1	28	2	119	243	0.0845382	0	0
poi-10-3	2	1	28	3	59	0	0.0238583	0	0
poi-10-3	2	1	28	3	119	243	0.08731	0	0
poi-10-3	2	1.33	14	1	59	0	0.0215021	0	0
poi-10-3	2	1.33	14	1	119	295	0.0660266	8	0.0001211
poi-10-3	2	1.33	14	2	59	0	0.0223921	0	0
poi-10-3	2	1.33	14	2	119	295	0.0808444	0	0
poi-10-3	2	1.33	14	3	59	0	0.022982	0	0
poi-10-3	2	1.33	14	3	119	295	0.0852962	0	0
poi-10-3	2	1.33	28	1	59	0	0.0217894	0	0
poi-10-3	2	1.33	28	1	119	295	0.0708596	0	0
poi-10-3	2	1.33	28	2	59	0	0.0226826	0	0
poi-10-3	2	1.33	28	2	119	301	0.082191	1	2.46E-05
poi-10-3	2	1.33	28	3	59	0	0.0236492	0	0
poi-10-3	2	1.33	28	3	119	301	0.0873599	41	0.0008432
poi-10-4	1	0.67	13	1	59	163	0.0209624	0	0
poi-10-4	1	0.67	13	1	118	324	0.0366681	0	0
poi-10-4	1	0.67	13	2	59	163	0.021359	0	0
poi-10-4	1	0.67	13	2	118	324	0.0370198	0	0
poi-10-4	1	0.67	13	3	59	163	0.0219698	0	0
poi-10-4	1	0.67	13	3	118	324	0.0377348	0	0
poi-10-4	1	0.67	26	1	59	173	0.03174	0	0
poi-10-4	1	0.67	26	1	118	340	0.0512385	2	3.18E-05
poi-10-4	1	0.67	26	2	59	173	0.0336364	0	0
poi-10-4	1	0.67	26	2	118	340	0.0546941	73	0.0008701
poi-10-4	1	0.67	26	3	59	173	0.0352531	0	0
poi-10-4	1	0.67	26	3	118	340	0.0564659	14	0.0001638
poi-10-4	1	1	13	1	59	163	0.0229615	0	0
poi-10-4	1	1	13	1	118	324	0.0615277	0	0
poi-10-4	1	1	13	2	59	163	0.0236981	0	0
poi-10-4	1	1	13	2	118	324	0.0625592	0	0
poi-10-4	1	1	13	3	59	163	0.0241915	0	0
poi-10-4	1	1	13	3	118	324	0.0637387	0	0
poi-10-4	1	1	26	1	59	179	0.0297565	0	0
poi-10-4	1	1	26	1	118	358	0.0662771	15	0.0001992
poi-10-4	1	1	26	2	59	179	0.0317681	0	0
poi-10-4	1	1	26	2	118	358	0.0714456	17	0.0002521
poi-10-4	1	1	26	3	59	179	0.0343247	0	0
poi-10-4	1	1	26	3	118	358	0.077109	10	0.0001679
poi-10-4	1	1.33	13	1	59	163	0.0226947	0	0
poi-10-4	1	1.33	13	1	118	324	0.0615967	0	0
poi-10-4	1	1.33	13	2	59	163	0.0236835	0	0
poi-10-4	1	1.33	13	2	118	324	0.062424	0	0
poi-10-4	1	1.33	13	3	59	163	0.0243166	0	0
poi-10-4	1	1.33	13	3	118	324	0.0638742	0	0
poi-10-4	1	1.33	26	1	59	184	0.0288584	0	0
poi-10-4	1	1.33	26	1	118	399	0.0929859	0	0
poi-10-4	1	1.33	26	2	59	184	0.0312117	0	0
poi-10-4	1	1.33	26	2	118	399	0.0937043	0	0
poi-10-4	1	1.33	26	3	59	184	0.0332764	0	0
poi-10-4	1	1.33	26	3	118	399	0.1000169	0	0
poi-10-4	2	0.67	13	1	59	163	0.0209396	0	0
poi-10-4	2	0.67	13	1	118	324	0.0365826	0	0
poi-10-4	2	0.67	13	2	59	163	0.0212978	0	0
poi-10-4	2	0.67	13	2	118	324	0.0371948	0	0
poi-10-4	2	0.67	13	3	59	163	0.0218611	0	0
poi-10-4	2	0.67	13	3	118	324	0.038233	0	0
poi-10-4	2	0.67	26	1	59	173	0.0323909	0	0
poi-10-4	2	0.67	26	1	118	340	0.0518695	12	0.0001418
poi-10-4	2	0.67	26	2	59	173	0.0341817	0	0
poi-10-4	2	0.67	26	2	118	340	0.0548931	29	0.0003232
poi-10-4	2	0.67	26	3	59	173	0.0361388	0	0
poi-10-4	2	0.67	26	3	118	340	0.057944	39	0.0004575
poi-10-4	2	1	13	1	59	163	0.0231187	0	0
poi-10-4	2	1	13	1	118	324	0.0622294	0	0
poi-10-4	2	1	13	2	59	163	0.023869	0	0
poi-10-4	2	1	13	2	118	324	0.0632073	0	0
poi-10-4	2	1	13	3	59	163	0.0243841	0	0
poi-10-4	2	1	13	3	118	324	0.0636669	0	0
poi-10-4	2	1	26	1	59	179	0.0301893	0	0
poi-10-4	2	1	26	1	118	358	0.0653037	3	5.22E-05
poi-10-4	2	1	26	2	59	179	0.0325218	0	0
poi-10-4	2	1	26	2	118	358	0.0708908	1	2.37E-05
poi-10-4	2	1	26	3	59	179	0.0352843	0	0
poi-10-4	2	1	26	3	118	358	0.0767284	2	3.16E-05
poi-10-4	2	1.33	13	1	59	163	0.0232935	0	0
poi-10-4	2	1.33	13	1	118	324	0.0621257	0	0
poi-10-4	2	1.33	13	2	59	163	0.0239054	0	0
poi-10-4	2	1.33	13	2	118	324	0.0630638	0	0
poi-10-4	2	1.33	13	3	59	163	0.0244085	0	0
poi-10-4	2	1.33	13	3	118	324	0.0641277	0	0
poi-10-4	2	1.33	26	1	59	184	0.0295361	0	0
poi-10-4	2	1.33	26	1	118	399	0.0831002	0	0
poi-10-4	2	1.33	26	2	59	184	0.0318593	0	0
poi-10-4	2	1.33	26	2	118	399	0.094295	0	0
poi-10-4	2	1.33	26	3	59	184	0.0343316	0	0
poi-10-4	2	1.33	26	3	118	399	0.1004046	0	0
poi-10-5	1	0.67	14	1	52	109	0.028916	6	3.93E-05
poi-10-5	1	0.67	14	1	104	215	0.0362835	0	0
poi-10-5	1	0.67	14	2	52	109	0.0289752	1	6.6E-06
poi-10-5	1	0.67	14	2	104	215	0.0369359	0	0
poi-10-5	1	0.67	14	3	52	109	0.0295716	2	1.33E-05
poi-10-5	1	0.67	14	3	104	215	0.0374278	0	0
poi-10-5	1	0.67	28	1	52	109	0.0312084	5	3.42E-05
poi-10-5	1	0.67	28	1	104	215	0.0479608	0	0
poi-10-5	1	0.67	28	2	52	109	0.0320588	5	9.76E-05
poi-10-5	1	0.67	28	2	104	215	0.0534263	0	0
poi-10-5	1	0.67	28	3	52	109	0.0327436	2	1.49E-05
poi-10-5	1	0.67	28	3	104	215	0.0569102	0	0
poi-10-5	1	1	14	1	52	109	0.0352239	7	5.69E-05
poi-10-5	1	1	14	1	104	215	0.0625044	0	0
poi-10-5	1	1	14	2	52	109	0.0360896	1	6.8E-06
poi-10-5	1	1	14	2	104	215	0.0642005	0	0
poi-10-5	1	1	14	3	52	109	0.0370367	1	6.7E-06
poi-10-5	1	1	14	3	104	215	0.0655601	0	0
poi-10-5	1	1	28	1	52	109	0.0383933	1	7.1E-06
poi-10-5	1	1	28	1	104	215	0.065095	0	0
poi-10-5	1	1	28	2	52	109	0.0408742	1	7.4E-06
poi-10-5	1	1	28	2	104	222	0.0775516	10	0.0001711
poi-10-5	1	1	28	3	52	109	0.0435367	4	4.08E-05
poi-10-5	1	1	28	3	104	222	0.0808168	6	0.0001201
poi-10-5	1	1.33	14	1	52	126	0.0342338	0	0
poi-10-5	1	1.33	14	1	104	235	0.0622746	0	0
poi-10-5	1	1.33	14	2	52	126	0.035163	0	0
poi-10-5	1	1.33	14	2	104	235	0.063428	0	0
poi-10-5	1	1.33	14	3	52	126	0.0360207	0	0
poi-10-5	1	1.33	14	3	104	235	0.0648876	0	0
poi-10-5	1	1.33	28	1	52	126	0.0384628	0	0
poi-10-5	1	1.33	28	1	104	256	0.0652452	0	0
poi-10-5	1	1.33	28	2	52	126	0.0409533	0	0
poi-10-5	1	1.33	28	2	104	264	0.0707788	13	0.0001952
poi-10-5	1	1.33	28	3	52	126	0.0432654	0	0
poi-10-5	1	1.33	28	3	104	264	0.0763177	28	0.0003829
poi-10-5	2	0.67	14	1	52	109	0.0286056	1	6.6E-06
poi-10-5	2	0.67	14	1	104	215	0.0361653	0	0
poi-10-5	2	0.67	14	2	52	109	0.0290907	1	6.6E-06
poi-10-5	2	0.67	14	2	104	215	0.0371202	0	0
poi-10-5	2	0.67	14	3	52	109	0.0297354	5	3.25E-05
poi-10-5	2	0.67	14	3	104	215	0.0375266	0	0
poi-10-5	2	0.67	28	1	52	109	0.0309882	4	2.74E-05
poi-10-5	2	0.67	28	1	104	215	0.0479713	0	0
poi-10-5	2	0.67	28	2	52	109	0.032008	3	2.25E-05
poi-10-5	2	0.67	28	2	104	215	0.053738	0	0
poi-10-5	2	0.67	28	3	52	109	0.0327693	1	7.4E-06
poi-10-5	2	0.67	28	3	104	215	0.0571934	0	0
poi-10-5	2	1	14	1	52	109	0.0349499	4	3.37E-05
poi-10-5	2	1	14	1	104	215	0.0628363	0	0
poi-10-5	2	1	14	2	52	109	0.0357927	1	6.9E-06
poi-10-5	2	1	14	2	104	215	0.0642354	0	0
poi-10-5	2	1	14	3	52	109	0.036962	3	2.58E-05
poi-10-5	2	1	14	3	104	215	0.0657649	0	0
poi-10-5	2	1	28	1	52	109	0.0386759	2	1.96E-05
poi-10-5	2	1	28	1	104	215	0.0681859	0	0
poi-10-5	2	1	28	2	52	109	0.0410888	1	7.1E-06
poi-10-5	2	1	28	2	104	222	0.0729466	2	3.2E-05
poi-10-5	2	1	28	3	52	109	0.0437902	8	8.28E-05
poi-10-5	2	1	28	3	104	222	0.0786391	32	0.0006127
poi-10-5	2	1.33	14	1	52	126	0.0341149	0	0
poi-10-5	2	1.33	14	1	104	235	0.0618992	0	0
poi-10-5	2	1.33	14	2	52	126	0.0350572	0	0
poi-10-5	2	1.33	14	2	104	235	0.0635456	0	0
poi-10-5	2	1.33	14	3	52	126	0.0361705	0	0
poi-10-5	2	1.33	14	3	104	235	0.0650113	0	0
poi-10-5	2	1.33	28	1	52	126	0.0383856	0	0
poi-10-5	2	1.33	28	1	104	256	0.0699275	0	0
poi-10-5	2	1.33	28	2	52	126	0.0412582	0	0
poi-10-5	2	1.33	28	2	104	264	0.0784761	125	0.0019787
poi-10-5	2	1.33	28	3	52	126	0.04348	0	0
poi-10-5	2	1.33	28	3	104	264	0.0813961	33	0.0004639
poi-20-1	1	0.67	14	1	79	301	0.084484	0	0
poi-20-1	1	0.67	14	1	159	634	0.1234255	0	0
poi-20-1	1	0.67	14	2	79	301	0.0862682	0	0
poi-20-1	1	0.67	14	2	159	634	0.1267385	0	0
poi-20-1	1	0.67	14	3	79	301	0.0881311	0	0
poi-20-1	1	0.67	14	3	159	634	0.1286174	0	0
poi-20-1	1	0.67	28	1	79	301	0.1297931	0	0
poi-20-1	1	0.67	28	1	159	650	0.2837422	1897	0.0765133
poi-20-1	1	0.67	28	2	79	353	0.1622846	370	0.0113682
poi-20-1	1	0.67	28	2	159	673	0.3876904	2734	0.1333762
poi-20-1	1	0.67	28	3	79	363	0.1724819	26	0.0009704
poi-20-1	1	0.67	28	3	159	709	0.3124635	557	0.0270299
poi-20-1	1	1	14	1	79	301	0.1070714	0	0
poi-20-1	1	1	14	1	159	634	0.2297618	0	0
poi-20-1	1	1	14	2	79	301	0.1091312	0	0
poi-20-1	1	1	14	2	159	644	0.3207854	2415	0.1043127
poi-20-1	1	1	14	3	79	301	0.1117363	0	0
poi-20-1	1	1	14	3	159	644	0.3618254	3354	0.145576
poi-20-1	1	1	28	1	79	336	0.1181455	77	0.0019352
poi-20-1	1	1	28	1	159	724	0.3133344	911	0.0486662
poi-20-1	1	1	28	2	79	406	0.1343753	20	0.0005915
poi-20-1	1	1	28	2	159	765	0.2727681	110	0.0060065
poi-20-1	1	1	28	3	79	427	0.1442589	47	0.0014517
poi-20-1	1	1	28	3	159	772	0.2828099	79	0.0045898
poi-20-1	1	1.33	14	1	79	352	0.1103131	0	0
poi-20-1	1	1.33	14	1	159	713	0.4616878	5265	0.234351
poi-20-1	1	1.33	14	2	79	352	0.1123817	0	0
poi-20-1	1	1.33	14	2	159	742	0.2019308	116	0.0046793
poi-20-1	1	1.33	14	3	79	352	0.1156142	0	0
poi-20-1	1	1.33	14	3	159	742	0.2050156	198	0.0076937
poi-20-1	1	1.33	28	1	79	372	0.1195802	2	5.19E-05
poi-20-1	1	1.33	28	1	159	847	0.572126	5170	0.2909018
poi-20-1	1	1.33	28	2	79	457	0.130887	7	0.0001909
poi-20-1	1	1.33	28	2	159	912	0.4612714	3302	0.1846828
poi-20-1	1	1.33	28	3	79	525	0.1480234	191	0.0054969
poi-20-1	1	1.33	28	3	159	983	0.6215854	5781	0.3327636
poi-20-1	2	0.67	14	1	79	301	0.0858268	0	0
poi-20-1	2	0.67	14	1	159	634	0.1236379	0	0
poi-20-1	2	0.67	14	2	79	301	0.085887	0	0
poi-20-1	2	0.67	14	2	159	634	0.1253466	0	0
poi-20-1	2	0.67	14	3	79	301	0.088087	0	0
poi-20-1	2	0.67	14	3	159	634	0.127577	0	0
poi-20-1	2	0.67	28	1	79	317	0.1263293	6	0.0001637
poi-20-1	2	0.67	28	1	159	685	0.2696819	811	0.0340189
poi-20-1	2	0.67	28	2	79	363	0.1578045	35	0.0011452
poi-20-1	2	0.67	28	2	159	733	0.2981663	21	0.0009966
poi-20-1	2	0.67	28	3	79	363	0.1881452	28	0.0009554
poi-20-1	2	0.67	28	3	159	735	0.342092	195	0.0093833
poi-20-1	2	1	14	1	79	301	0.1058792	0	0
poi-20-1	2	1	14	1	159	647	0.410339	4093	0.1840154
poi-20-1	2	1	14	2	79	301	0.1078375	0	0
poi-20-1	2	1	14	2	159	684	0.2270655	254	0.0107029
poi-20-1	2	1	14	3	79	301	0.110921	0	0
poi-20-1	2	1	14	3	159	684	0.3641417	3392	0.1468268
poi-20-1	2	1	28	1	79	365	0.1484969	1047	0.0261758
poi-20-1	2	1	28	1	159	806	0.3153006	1646	0.0780433
poi-20-1	2	1	28	2	79	443	0.2341876	2923	0.086812
poi-20-1	2	1	28	2	159	884	0.2624588	611	0.0288671
poi-20-1	2	1	28	3	79	447	0.1690514	205	0.006911
poi-20-1	2	1	28	3	159	884	0.3082152	1127	0.0554118
poi-20-1	2	1.33	14	1	79	352	0.1106195	0	0
poi-20-1	2	1.33	14	1	159	727	0.3354597	2677	0.1162225
poi-20-1	2	1.33	14	2	79	352	0.1094028	0	0
poi-20-1	2	1.33	14	2	159	754	0.3163387	3217	0.1221865
poi-20-1	2	1.33	14	3	79	352	0.1144233	0	0
poi-20-1	2	1.33	14	3	159	762	0.4079071	5284	0.2098735
poi-20-1	2	1.33	28	1	79	438	0.1714685	1474	0.039242
poi-20-1	2	1.33	28	1	159	964	0.3776378	2517	0.1272161
poi-20-1	2	1.33	28	2	79	538	0.1687401	300	0.0100096
poi-20-1	2	1.33	28	2	159	1039	0.3083162	1217	0.0604376
poi-20-1	2	1.33	28	3	79	561	0.2722666	2307	0.0859998
poi-20-1	2	1.33	28	3	159	1070	0.2637513	202	0.0105569
poi-20-2	1	0.67	13	1	80	291	0.0752879	0	0
poi-20-2	1	0.67	13	1	160	679	0.1253192	281	0.0060614
poi-20-2	1	0.67	13	2	80	291	0.0772312	0	0
poi-20-2	1	0.67	13	2	160	699	0.1252453	157	0.003294
poi-20-2	1	0.67	13	3	80	291	0.078655	0	0
poi-20-2	1	0.67	13	3	160	699	0.1398921	718	0.0163307
poi-20-2	1	0.67	26	1	80	335	0.1452021	2	8.08E-05
poi-20-2	1	0.67	26	1	160	744	0.4375129	4139	0.20001
poi-20-2	1	0.67	26	2	80	335	0.1593246	1	3.62E-05
poi-20-2	1	0.67	26	2	160	760	0.7237401	7321	0.4303328
poi-20-2	1	0.67	26	3	80	335	0.1725566	2	7.71E-05
poi-20-2	1	0.67	26	3	160	760	0.3521752	508	0.0312554
poi-20-2	1	1	13	1	80	291	0.1134777	0	0
poi-20-2	1	1	13	1	160	701	0.2032882	58	0.0023267
poi-20-2	1	1	13	2	80	291	0.115566	0	0
poi-20-2	1	1	13	2	160	713	0.2010764	30	0.0012019
poi-20-2	1	1	13	3	80	291	0.1174045	0	0
poi-20-2	1	1	13	3	160	713	0.2064145	43	0.0016852
poi-20-2	1	1	26	1	80	359	0.1722205	1002	0.0291646
poi-20-2	1	1	26	1	160	824	0.2928162	1204	0.0571052
poi-20-2	1	1	26	2	80	359	0.1699221	0	0
poi-20-2	1	1	26	2	160	864	0.2677007	489	0.0235365
poi-20-2	1	1	26	3	80	366	0.3076393	3287	0.1228679
poi-20-2	1	1	26	3	160	864	0.2528351	59	0.0030506
poi-20-2	1	1.33	13	1	80	306	0.1135394	0	0
poi-20-2	1	1.33	13	1	160	732	0.2011335	59	0.0022994
poi-20-2	1	1.33	13	2	80	306	0.1145657	0	0
poi-20-2	1	1.33	13	2	160	747	0.1997597	54	0.0020595
poi-20-2	1	1.33	13	3	80	306	0.1163763	0	0
poi-20-2	1	1.33	13	3	160	747	0.2056464	95	0.0036066
poi-20-2	1	1.33	26	1	80	438	0.3668893	6377	0.2032044
poi-20-2	1	1.33	26	1	160	972	0.5925976	7207	0.349851
poi-20-2	1	1.33	26	2	80	441	0.4185306	6104	0.2379881
poi-20-2	1	1.33	26	2	160	1040	0.2607931	240	0.0118476
poi-20-2	1	1.33	26	3	80	441	0.3714762	4046	0.1715478
poi-20-2	1	1.33	26	3	160	1040	0.3334535	1578	0.0813363
poi-20-2	2	0.67	13	1	80	291	0.0770673	0	0
poi-20-2	2	0.67	13	1	160	696	0.1232332	6	0.0001522
poi-20-2	2	0.67	13	2	80	291	0.0779732	0	0
poi-20-2	2	0.67	13	2	160	699	0.1317225	303	0.0067415
poi-20-2	2	0.67	13	3	80	291	0.0794622	0	0
poi-20-2	2	0.67	13	3	160	699	0.1363592	436	0.0098796
poi-20-2	2	0.67	26	1	80	335	0.1347259	4	0.0001129
poi-20-2	2	0.67	26	1	160	769	0.2547995	251	0.0120811
poi-20-2	2	0.67	26	2	80	335	0.1533109	2	8.71E-05
poi-20-2	2	0.67	26	2	160	791	0.7580208	8590	0.4791445
poi-20-2	2	0.67	26	3	80	335	0.1672422	3	0.0001113
poi-20-2	2	0.67	26	3	160	791	0.5496516	4189	0.2479535
poi-20-2	2	1	13	1	80	291	0.1125355	0	0
poi-20-2	2	1	13	1	160	716	0.2083084	50	0.0018925
poi-20-2	2	1	13	2	80	291	0.1151072	0	0
poi-20-2	2	1	13	2	160	716	0.208573	3	0.0001141
poi-20-2	2	1	13	3	80	291	0.1180829	0	0
poi-20-2	2	1	13	3	160	716	0.2122643	26	0.0010661
poi-20-2	2	1	26	1	80	359	0.1510864	2	5.9E-05
poi-20-2	2	1	26	1	160	902	0.2497451	845	0.0359889
poi-20-2	2	1	26	2	80	465	0.2942807	3423	0.1217225
poi-20-2	2	1	26	2	160	927	0.2747392	1135	0.0509025
poi-20-2	2	1	26	3	80	465	0.3048012	3112	0.1192659
poi-20-2	2	1	26	3	160	927	0.2389222	123	0.0058378
poi-20-2	2	1.33	13	1	80	306	0.1137236	0	0
poi-20-2	2	1.33	13	1	160	750	0.2140229	324	0.0129216
poi-20-2	2	1.33	13	2	80	306	0.1145218	0	0
poi-20-2	2	1.33	13	2	160	750	0.2072947	29	0.0011776
poi-20-2	2	1.33	13	3	80	306	0.1166639	0	0
poi-20-2	2	1.33	13	3	160	750	0.2210514	370	0.0145824
poi-20-2	2	1.33	26	1	80	438	0.1649914	9	0.0003353
poi-20-2	2	1.33	26	1	160	1065	0.3308047	2764	0.1172658
poi-20-2	2	1.33	26	2	80	441	0.2668354	3029	0.1015719
poi-20-2	2	1.33	26	2	160	1099	0.3020593	1451	0.0670413
poi-20-2	2	1.33	26	3	80	441	0.3010098	3740	0.1292459
poi-20-2	2	1.33	26	3	160	1101	0.3041729	1321	0.063237
poi-20-3	1	0.67	15	1	85	336	0.087498	0	0
poi-20-3	1	0.67	15	1	171	743	0.122548	24	0.0005807
poi-20-3	1	0.67	15	2	85	336	0.088194	0	0
poi-20-3	1	0.67	15	2	171	743	0.1268659	100	0.0021983
poi-20-3	1	0.67	15	3	85	336	0.0903638	0	0
poi-20-3	1	0.67	15	3	171	743	0.1257706	11	0.0002203
poi-20-3	1	0.67	31	1	85	336	0.128209	0	0
poi-20-3	1	0.67	31	1	171	769	0.2026418	84	0.0033406
poi-20-3	1	0.67	31	2	85	336	0.1442006	0	0
poi-20-3	1	0.67	31	2	171	769	0.2457716	19	0.0007848
poi-20-3	1	0.67	31	3	85	336	0.1564755	0	0
poi-20-3	1	0.67	31	3	171	769	0.2736524	3	0.0001614
poi-20-3	1	1	15	1	85	336	0.1187867	0	0
poi-20-3	1	1	15	1	171	773	0.2103019	19	0.0008273
poi-20-3	1	1	15	2	85	336	0.1255855	0	0
poi-20-3	1	1	15	2	171	773	0.2144741	8	0.0004189
poi-20-3	1	1	15	3	85	336	0.1297715	0	0
poi-20-3	1	1	15	3	171	773	0.2165208	50	0.0022078
poi-20-3	1	1	31	1	85	336	0.1182815	0	0
poi-20-3	1	1	31	1	171	812	0.2618413	144	0.0074403
poi-20-3	1	1	31	2	85	372	0.1383961	13	0.0004148
poi-20-3	1	1	31	2	171	859	0.2931635	819	0.041111
poi-20-3	1	1	31	3	85	431	0.1608057	135	0.0045549
poi-20-3	1	1	31	3	171	906	0.2717445	52	0.0029125
poi-20-3	1	1.33	15	1	85	375	0.1255617	0	0
poi-20-3	1	1.33	15	1	171	832	0.2258304	303	0.0129753
poi-20-3	1	1.33	15	2	85	375	0.1268988	0	0
poi-20-3	1	1.33	15	2	171	840	0.2313427	449	0.0190261
poi-20-3	1	1.33	15	3	85	375	0.1313068	0	0
poi-20-3	1	1.33	15	3	171	840	0.2265746	259	0.0114125
poi-20-3	1	1.33	31	1	85	419	0.1376536	0	0
poi-20-3	1	1.33	31	1	171	948	0.302955	602	0.0324727
poi-20-3	1	1.33	31	2	85	441	0.1520858	156	0.0049013
poi-20-3	1	1.33	31	2	171	1038	0.4000815	2570	0.1356312
poi-20-3	1	1.33	31	3	85	540	0.1813477	714	0.0239589
poi-20-3	1	1.33	31	3	171	1115	0.5186494	4281	0.240502
poi-20-3	2	0.67	15	1	85	336	0.0880796	0	0
poi-20-3	2	0.67	15	1	171	755	0.1304819	257	0.0055715
poi-20-3	2	0.67	15	2	85	336	0.0879806	0	0
poi-20-3	2	0.67	15	2	171	755	0.1272721	61	0.0013461
poi-20-3	2	0.67	15	3	85	336	0.0901769	0	0
poi-20-3	2	0.67	15	3	171	755	0.1319838	142	0.0032705
poi-20-3	2	0.67	31	1	85	336	0.1262817	0	0
poi-20-3	2	0.67	31	1	171	769	0.2296248	61	0.0024208
poi-20-3	2	0.67	31	2	85	336	0.1432872	0	0
poi-20-3	2	0.67	31	2	171	769	0.2804388	131	0.0058204
poi-20-3	2	0.67	31	3	85	336	0.1562839	0	0
poi-20-3	2	0.67	31	3	171	801	0.3981568	1824	0.1042403
poi-20-3	2	1	15	1	85	336	0.1165707	0	0
poi-20-3	2	1	15	1	171	773	0.2148248	216	0.0081931
poi-20-3	2	1	15	2	85	336	0.1166657	0	0
poi-20-3	2	1	15	2	171	773	0.2067416	35	0.0013388
poi-20-3	2	1	15	3	85	336	0.121615	0	0
poi-20-3	2	1	15	3	171	773	0.2104776	12	0.0004557
poi-20-3	2	1	31	1	85	372	0.1139707	30	0.0007352
poi-20-3	2	1	31	1	171	859	0.2508241	644	0.0293247
poi-20-3	2	1	31	2	85	475	0.1385215	4	9.19E-05
poi-20-3	2	1	31	2	171	975	0.2963369	1470	0.0672318
poi-20-3	2	1	31	3	85	483	0.153076	3	9.57E-05
poi-20-3	2	1	31	3	171	999	0.2434021	15	0.0007836
poi-20-3	2	1.33	15	1	85	375	0.1256351	0	0
poi-20-3	2	1.33	15	1	171	833	0.261369	1178	0.0492118
poi-20-3	2	1.33	15	2	85	375	0.1265681	0	0
poi-20-3	2	1.33	15	2	171	841	0.210565	25	0.0011286
poi-20-3	2	1.33	15	3	85	375	0.1299546	0	0
poi-20-3	2	1.33	15	3	171	841	0.218689	167	0.0072197
poi-20-3	2	1.33	31	1	85	441	0.1292696	166	0.0045646
poi-20-3	2	1.33	31	1	171	1023	0.3238477	2106	0.0950786
poi-20-3	2	1.33	31	2	85	598	0.1493734	106	0.0034922
poi-20-3	2	1.33	31	2	171	1178	0.2532966	341	0.0165964
poi-20-3	2	1.33	31	3	85	608	0.1703099	141	0.0050313
poi-20-3	2	1.33	31	3	171	1246	0.6583009	8062	0.4063867
poi-20-4	1	0.67	13	1	78	412	0.0918301	0	0
poi-20-4	1	0.67	13	1	157	797	0.1325344	20	0.0005163
poi-20-4	1	0.67	13	2	78	412	0.0926518	0	0
poi-20-4	1	0.67	13	2	157	797	0.1355551	17	0.0005096
poi-20-4	1	0.67	13	3	78	412	0.0944953	0	0
poi-20-4	1	0.67	13	3	157	797	0.1367172	13	0.0003732
poi-20-4	1	0.67	26	1	78	412	0.1380821	0	0
poi-20-4	1	0.67	26	1	157	797	0.2242423	2	0.0001015
poi-20-4	1	0.67	26	2	78	412	0.1547071	0	0
poi-20-4	1	0.67	26	2	157	819	0.3608872	1383	0.0767249
poi-20-4	1	0.67	26	3	78	452	0.232195	1863	0.0633096
poi-20-4	1	0.67	26	3	157	827	0.3666628	768	0.048194
poi-20-4	1	1	13	1	78	412	0.1235504	0	0
poi-20-4	1	1	13	1	157	811	0.237642	7	0.0002757
poi-20-4	1	1	13	2	78	412	0.1267674	0	0
poi-20-4	1	1	13	2	157	811	0.2413109	9	0.0004944
poi-20-4	1	1	13	3	78	412	0.129513	0	0
poi-20-4	1	1	13	3	157	811	0.2448707	7	0.0003874
poi-20-4	1	1	26	1	78	429	0.1493315	146	0.0045078
poi-20-4	1	1	26	1	157	841	0.2625763	97	0.004724
poi-20-4	1	1	26	2	78	469	0.1701208	24	0.0008844
poi-20-4	1	1	26	2	157	898	0.4773966	4279	0.2192721
poi-20-4	1	1	26	3	78	511	0.2172001	836	0.0325493
poi-20-4	1	1	26	3	157	917	0.2861963	402	0.0212174
poi-20-4	1	1.33	13	1	78	466	0.1254799	0	0
poi-20-4	1	1.33	13	1	157	865	0.2343239	16	0.0007831
poi-20-4	1	1.33	13	2	78	479	0.1307395	6	0.0001747
poi-20-4	1	1.33	13	2	157	892	0.2343976	4	0.000238
poi-20-4	1	1.33	13	3	78	479	0.1345718	1	2.67E-05
poi-20-4	1	1.33	13	3	157	892	0.2376625	9	0.0003694
poi-20-4	1	1.33	26	1	78	510	0.4791671	7729	0.29218
poi-20-4	1	1.33	26	1	157	1014	0.3976408	2349	0.1276642
poi-20-4	1	1.33	26	2	78	538	0.162158	10	0.0003442
poi-20-4	1	1.33	26	2	157	1045	0.2970881	352	0.0194592
poi-20-4	1	1.33	26	3	78	585	0.1872318	669	0.0232335
poi-20-4	1	1.33	26	3	157	1070	0.3022577	445	0.0248234
poi-20-4	2	0.67	13	1	78	412	0.0915753	0	0
poi-20-4	2	0.67	13	1	157	797	0.1326638	13	0.0002814
poi-20-4	2	0.67	13	2	78	412	0.0929134	0	0
poi-20-4	2	0.67	13	2	157	797	0.1343236	2	5.81E-05
poi-20-4	2	0.67	13	3	78	412	0.0943361	0	0
poi-20-4	2	0.67	13	3	157	797	0.1377743	12	0.0002857
poi-20-4	2	0.67	26	1	78	412	0.1323042	0	0
poi-20-4	2	0.67	26	1	157	863	0.4047527	3518	0.1647384
poi-20-4	2	0.67	26	2	78	412	0.1494808	0	0
poi-20-4	2	0.67	26	2	157	903	0.3477571	1312	0.0689024
poi-20-4	2	0.67	26	3	78	412	0.1661367	0	0
poi-20-4	2	0.67	26	3	157	903	0.3195176	277	0.0151953
poi-20-4	2	1	13	1	78	412	0.1216723	0	0
poi-20-4	2	1	13	1	157	811	0.2280494	4	0.0001778
poi-20-4	2	1	13	2	78	412	0.1239928	0	0
poi-20-4	2	1	13	2	157	811	0.2323185	1	7.58E-05
poi-20-4	2	1	13	3	78	412	0.1267899	0	0
poi-20-4	2	1	13	3	157	811	0.2350584	3	0.0001153
poi-20-4	2	1	26	1	78	478	0.1410433	52	0.0014444
poi-20-4	2	1	26	1	157	961	0.2961194	1593	0.0710551
poi-20-4	2	1	26	2	78	520	0.1845107	45	0.0018925
poi-20-4	2	1	26	2	157	998	0.2952402	1516	0.0683782
poi-20-4	2	1	26	3	78	520	0.2052652	26	0.0011598
poi-20-4	2	1	26	3	157	998	0.2569405	376	0.0177325
poi-20-4	2	1.33	13	1	78	466	0.1245859	0	0
poi-20-4	2	1.33	13	1	157	865	0.2304795	4	0.0001955
poi-20-4	2	1.33	13	2	78	479	0.1316921	1	2.54E-05
poi-20-4	2	1.33	13	2	157	892	0.2294489	7	0.0003116
poi-20-4	2	1.33	13	3	78	479	0.1352251	2	5.22E-05
poi-20-4	2	1.33	13	3	157	892	0.2313388	6	0.0002293
poi-20-4	2	1.33	26	1	78	550	0.1783647	3	0.0001427
poi-20-4	2	1.33	26	1	157	1064	0.2351139	161	0.007346
poi-20-4	2	1.33	26	2	78	594	0.1655142	9	0.0002909
poi-20-4	2	1.33	26	2	157	1139	0.2979088	1243	0.0590662
poi-20-4	2	1.33	26	3	78	609	0.2330832	1039	0.0399913
poi-20-4	2	1.33	26	3	157	1170	0.2868819	657	0.0340155
poi-20-5	1	0.67	13	1	74	303	0.1037078	34	0.0008465
poi-20-5	1	0.67	13	1	149	726	0.1603774	1154	0.0291542
poi-20-5	1	0.67	13	2	74	303	0.1048827	4	7.82E-05
poi-20-5	1	0.67	13	2	149	726	0.1429129	336	0.0084629
poi-20-5	1	0.67	13	3	74	303	0.1090266	8	0.0002395
poi-20-5	1	0.67	13	3	149	726	0.1558387	721	0.0186577
poi-20-5	1	0.67	26	1	74	308	0.143456	32	0.0009672
poi-20-5	1	0.67	26	1	149	739	0.2095979	254	0.0081577
poi-20-5	1	0.67	26	2	74	334	0.1611548	6	0.0003075
poi-20-5	1	0.67	26	2	149	763	0.2311336	73	0.0025703
poi-20-5	1	0.67	26	3	74	334	0.1700056	37	0.0013449
poi-20-5	1	0.67	26	3	149	763	0.2623053	310	0.0125717
poi-20-5	1	1	13	1	74	333	0.1040334	8	0.0001682
poi-20-5	1	1	13	1	149	739	0.2334353	187	0.00785
poi-20-5	1	1	13	2	74	333	0.1123407	5	0.0001024
poi-20-5	1	1	13	2	149	762	0.225175	11	0.0005165
poi-20-5	1	1	13	3	74	333	0.1137433	8	0.0001744
poi-20-5	1	1	13	3	149	762	0.2454777	357	0.0161336
poi-20-5	1	1	26	1	74	341	0.1299444	9	0.0002516
poi-20-5	1	1	26	1	149	824	0.251595	227	0.0107898
poi-20-5	1	1	26	2	74	380	0.1454582	2	5.16E-05
poi-20-5	1	1	26	2	149	851	0.4438915	4028	0.1982824
poi-20-5	1	1	26	3	74	380	0.1541781	15	0.0006003
poi-20-5	1	1	26	3	149	851	0.4848708	4566	0.2315805
poi-20-5	1	1.33	13	1	74	361	0.1148308	21	0.0004625
poi-20-5	1	1.33	13	1	149	799	0.2356389	275	0.0115383
poi-20-5	1	1.33	13	2	74	361	0.1205656	18	0.0004594
poi-20-5	1	1.33	13	2	149	843	0.2277828	4	0.0002104
poi-20-5	1	1.33	13	3	74	361	0.1210161	11	0.0002735
poi-20-5	1	1.33	13	3	149	855	0.2330259	73	0.0032811
poi-20-5	1	1.33	26	1	74	405	0.2065732	2600	0.071175
poi-20-5	1	1.33	26	1	149	963	0.2827908	342	0.0186264
poi-20-5	1	1.33	26	2	74	456	0.1983086	1261	0.0394469
poi-20-5	1	1.33	26	2	149	996	0.4276439	3287	0.1697911
poi-20-5	1	1.33	26	3	74	479	0.1714161	27	0.0010834
poi-20-5	1	1.33	26	3	149	997	0.3641546	1861	0.098554
poi-20-5	2	0.67	13	1	74	303	0.0997813	15	0.0003191
poi-20-5	2	0.67	13	1	149	726	0.1548555	954	0.0242815
poi-20-5	2	0.67	13	2	74	303	0.1040864	63	0.0013746
poi-20-5	2	0.67	13	2	149	726	0.1510469	679	0.0173373
poi-20-5	2	0.67	13	3	74	303	0.1072436	25	0.0005157
poi-20-5	2	0.67	13	3	149	726	0.225075	3309	0.0886855
poi-20-5	2	0.67	26	1	74	341	0.1444269	39	0.0012004
poi-20-5	2	0.67	26	1	149	785	0.2395168	154	0.005472
poi-20-5	2	0.67	26	2	74	387	0.1715215	34	0.0012303
poi-20-5	2	0.67	26	2	149	785	0.2739773	116	0.0042782
poi-20-5	2	0.67	26	3	74	425	0.1836351	4	0.0001536
poi-20-5	2	0.67	26	3	149	785	0.2991607	233	0.0091361
poi-20-5	2	1	13	1	74	333	0.1103644	9	0.0002376
poi-20-5	2	1	13	1	149	762	0.3629422	3027	0.1356205
poi-20-5	2	1	13	2	74	333	0.1154678	15	0.0005455
poi-20-5	2	1	13	2	149	762	0.2284163	54	0.0021254
poi-20-5	2	1	13	3	74	333	0.1193892	4	9.34E-05
poi-20-5	2	1	13	3	149	762	0.2344947	11	0.0004284
poi-20-5	2	1	26	1	74	390	0.1315846	11	0.0003974
poi-20-5	2	1	26	1	149	868	0.2121878	75	0.0030583
poi-20-5	2	1	26	2	74	460	0.1547751	7	0.000204
poi-20-5	2	1	26	2	149	902	0.2502098	783	0.0339986
poi-20-5	2	1	26	3	74	517	0.1655504	26	0.000882
poi-20-5	2	1	26	3	149	902	0.2649796	776	0.0361736
poi-20-5	2	1.33	13	1	74	361	0.1258951	71	0.0019348
poi-20-5	2	1.33	13	1	149	843	0.285869	1348	0.0598664
poi-20-5	2	1.33	13	2	74	361	0.1356923	5	0.0003017
poi-20-5	2	1.33	13	2	149	855	0.2361198	91	0.0041969
poi-20-5	2	1.33	13	3	74	361	0.1405084	14	0.0004913
poi-20-5	2	1.33	13	3	149	855	0.2455264	140	0.0069176
poi-20-5	2	1.33	26	1	74	456	0.1381208	31	0.0010028
poi-20-5	2	1.33	26	1	149	1014	0.4915089	6529	0.278458
poi-20-5	2	1.33	26	2	74	528	0.1697258	3	8.03E-05
poi-20-5	2	1.33	26	2	149	1071	0.2889455	1378	0.062753
poi-20-5	2	1.33	26	3	74	603	0.1824905	62	0.0023039
poi-20-5	2	1.33	26	3	149	1088	0.3032714	1090	0.0544511
poi-30-1	1	0.67	13	1	85	463	0.2642914	0	0
poi-30-1	1	0.67	13	1	171	1062	0.3969283	63	0.0030398
poi-30-1	1	0.67	13	2	85	463	0.2831425	0	0
poi-30-1	1	0.67	13	2	171	1062	0.4434866	357	0.0235118
poi-30-1	1	0.67	13	3	85	463	0.3017294	0	0
poi-30-1	1	0.67	13	3	171	1062	0.4354968	115	0.006624
poi-30-1	1	0.67	26	1	85	496	0.4259012	365	0.0278299
poi-30-1	1	0.67	26	1	171	1087	0.8398533	2368	0.2628492
poi-30-1	1	0.67	26	2	85	559	0.7678112	2971	0.2813702
poi-30-1	1	0.67	26	2	171	1113	0.872254	1277	0.163257
poi-30-1	1	0.67	26	3	85	568	1.1216242	4452	0.5244783
poi-30-1	1	0.67	26	3	171	1111	1.3426942	3411	0.5297733
poi-30-1	1	1	13	1	85	494	0.340715	306	0.0203214
poi-30-1	1	1	13	1	171	1093	0.5540571	293	0.0255073
poi-30-1	1	1	13	2	85	500	0.4161984	1367	0.0908727
poi-30-1	1	1	13	2	171	1110	0.5986083	1132	0.1090016
poi-30-1	1	1	13	3	85	540	0.612487	4388	0.2893683
poi-30-1	1	1	13	3	171	1110	0.6747481	2061	0.1938911
poi-30-1	1	1	26	1	85	557	0.5040318	1290	0.1040564
poi-30-1	1	1	26	1	171	1191	0.9828977	3275	0.380588
poi-30-1	1	1	26	2	85	673	0.5176798	1177	0.0987651
poi-30-1	1	1	26	2	171	1211	1.1418744	5871	0.6151518
poi-30-1	1	1	26	3	85	677	0.5455967	622	0.0595216
poi-30-1	1	1	26	3	171	1282	0.7488845	2277	0.2344684
poi-30-1	1	1.33	13	1	85	568	0.3505554	112	0.0079161
poi-30-1	1	1.33	13	1	171	1215	0.7422231	1942	0.2062357
poi-30-1	1	1.33	13	2	85	585	0.5070379	1957	0.1450462
poi-30-1	1	1.33	13	2	171	1226	0.5706365	774	0.0691479
poi-30-1	1	1.33	13	3	85	609	0.477932	1522	0.1141459
poi-30-1	1	1.33	13	3	171	1247	0.5142004	137	0.0111513
poi-30-1	1	1.33	26	1	85	655	0.7108013	2818	0.2547576
poi-30-1	1	1.33	26	1	171	1368	1.1745085	4664	0.5651584
poi-30-1	1	1.33	26	2	85	821	1.1102462	6623	0.6311347
poi-30-1	1	1.33	26	2	171	1479	1.2169535	6486	0.6872165
poi-30-1	1	1.33	26	3	85	865	0.7967394	2625	0.2766096
poi-30-1	1	1.33	26	3	171	1572	0.8273719	2876	0.302253
poi-30-1	2	0.67	13	1	85	463	0.2551125	0	0
poi-30-1	2	0.67	13	1	171	1071	0.5210592	1573	0.117971
poi-30-1	2	0.67	13	2	85	463	0.2746117	0	0
poi-30-1	2	0.67	13	2	171	1073	0.5476866	1646	0.1296343
poi-30-1	2	0.67	13	3	85	463	0.2902222	0	0
poi-30-1	2	0.67	13	3	171	1073	0.4681136	567	0.0414661
poi-30-1	2	0.67	26	1	85	590	0.4203141	197	0.0142755
poi-30-1	2	0.67	26	1	171	1184	0.9184121	2720	0.3113603
poi-30-1	2	0.67	26	2	85	597	0.5591262	475	0.0417511
poi-30-1	2	0.67	26	2	171	1231	0.8180387	700	0.0881742
poi-30-1	2	0.67	26	3	85	626	0.9018406	2363	0.2825506
poi-30-1	2	0.67	26	3	171	1231	0.9194192	599	0.0828204
poi-30-1	2	1	13	1	85	557	0.4130468	1918	0.1161736
poi-30-1	2	1	13	1	171	1119	0.5274503	28	0.0021514
poi-30-1	2	1	13	2	85	557	0.3494087	692	0.0440441
poi-30-1	2	1	13	2	171	1123	0.5171546	118	0.0094074
poi-30-1	2	1	13	3	85	561	0.3509562	653	0.0416008
poi-30-1	2	1	13	3	171	1123	0.5078699	53	0.0041839
poi-30-1	2	1	26	1	85	677	0.3581429	6	0.0004205
poi-30-1	2	1	26	1	171	1367	0.5565925	649	0.0565011
poi-30-1	2	1	26	2	85	758	0.400627	18	0.0014768
poi-30-1	2	1	26	2	171	1417	0.4755534	99	0.0077383
poi-30-1	2	1	26	3	85	808	0.9051543	4627	0.4319793
poi-30-1	2	1	26	3	171	1417	0.4965908	255	0.0221046
poi-30-1	2	1.33	13	1	85	634	0.3313565	126	0.0084602
poi-30-1	2	1.33	13	1	171	1251	0.5341584	158	0.0122303
poi-30-1	2	1.33	13	2	85	656	0.6335402	4007	0.2839604
poi-30-1	2	1.33	13	2	171	1270	0.6070197	1018	0.1009384
poi-30-1	2	1.33	13	3	85	680	0.4110316	642	0.0477645
poi-30-1	2	1.33	13	3	171	1285	0.7219962	2146	0.2096509
poi-30-1	2	1.33	26	1	85	836	1.1028668	9880	0.7316791
poi-30-1	2	1.33	26	1	171	1591	0.9140791	4212	0.4169612
poi-30-1	2	1.33	26	2	85	912	0.7653459	4069	0.344112
poi-30-1	2	1.33	26	2	171	1702	1.2706536	8492	0.7932308
poi-30-1	2	1.33	26	3	85	989	1.043089	5335	0.5381478
poi-30-1	2	1.33	26	3	171	1732	0.7627488	2984	0.2807259
poi-30-2	1	0.67	12	1	95	641	0.2264931	1171	0.0433034
poi-30-2	1	0.67	12	1	190	1162	0.6301101	4170	0.2857443
poi-30-2	1	0.67	12	2	95	641	0.3019741	3305	0.1197095
poi-30-2	1	0.67	12	2	190	1164	0.3835895	680	0.0436703
poi-30-2	1	0.67	12	3	95	641	0.2444267	993	0.0411766
poi-30-2	1	0.67	12	3	190	1199	0.3558149	183	0.0086859
poi-30-2	1	0.67	25	1	95	654	0.328441	120	0.0076768
poi-30-2	1	0.67	25	1	190	1229	0.730428	600	0.0707347
poi-30-2	1	0.67	25	2	95	667	0.5454844	1626	0.1324782
poi-30-2	1	0.67	25	2	190	1263	0.8477013	408	0.0549207
poi-30-2	1	0.67	25	3	95	683	0.8994183	4013	0.3980208
poi-30-2	1	0.67	25	3	190	1257	1.2297398	2110	0.3571164
poi-30-2	1	1	12	1	95	657	0.2342808	4	0.0002513
poi-30-2	1	1	12	1	190	1201	0.8213669	2084	0.236564
poi-30-2	1	1	12	2	95	680	0.2407186	21	0.0009924
poi-30-2	1	1	12	2	190	1255	0.6347058	668	0.0562856
poi-30-2	1	1	12	3	95	680	0.2470096	104	0.0049071
poi-30-2	1	1	12	3	190	1255	0.6376595	545	0.0521691
poi-30-2	1	1	25	1	95	701	0.3635414	550	0.0364539
poi-30-2	1	1	25	1	190	1325	0.67506	267	0.0280489
poi-30-2	1	1	25	2	95	768	0.3400627	8	0.0004685
poi-30-2	1	1	25	2	190	1387	0.5584592	271	0.0251137
poi-30-2	1	1	25	3	95	840	0.4894429	1305	0.1017502
poi-30-2	1	1	25	3	190	1387	0.5302705	297	0.0271629
poi-30-2	1	1.33	12	1	95	755	0.2368516	31	0.0014741
poi-30-2	1	1.33	12	1	190	1311	0.6233271	339	0.028755
poi-30-2	1	1.33	12	2	95	778	0.2448548	61	0.002906
poi-30-2	1	1.33	12	2	190	1366	0.6867783	1142	0.1163195
poi-30-2	1	1.33	12	3	95	785	0.3517614	2123	0.1042969
poi-30-2	1	1.33	12	3	190	1366	0.5748297	34	0.002507
poi-30-2	1	1.33	25	1	95	829	0.44995	1227	0.0889602
poi-30-2	1	1.33	25	1	190	1496	0.7400189	465	0.0585997
poi-30-2	1	1.33	25	2	95	935	0.5906161	3119	0.2289038
poi-30-2	1	1.33	25	2	190	1653	0.8705124	3059	0.3283416
poi-30-2	1	1.33	25	3	95	1030	0.6785084	2973	0.2535266
poi-30-2	1	1.33	25	3	190	1701	1.0337009	5126	0.5190428
poi-30-2	2	0.67	12	1	95	654	0.1911319	46	0.0017214
poi-30-2	2	0.67	12	1	190	1179	0.36214	398	0.0235048
poi-30-2	2	0.67	12	2	95	654	0.1865832	5	0.0002219
poi-30-2	2	0.67	12	2	190	1209	0.5448909	2969	0.1977584
poi-30-2	2	0.67	12	3	95	654	0.1915344	29	0.0010459
poi-30-2	2	0.67	12	3	190	1179	0.3552346	123	0.0055409
poi-30-2	2	0.67	25	1	95	805	0.6848971	3978	0.3025864
poi-30-2	2	0.67	25	1	190	1281	0.9361154	2042	0.2681525
poi-30-2	2	0.67	25	2	95	890	0.606672	1469	0.1336662
poi-30-2	2	0.67	25	2	190	1279	1.2896103	3828	0.5556736
poi-30-2	2	0.67	25	3	95	902	0.5939209	118	0.0144248
poi-30-2	2	0.67	25	3	190	1273	0.9282768	957	0.1395557
poi-30-2	2	1	12	1	95	680	0.2374424	55	0.0025381
poi-30-2	2	1	12	1	190	1268	0.7994343	1931	0.2140072
poi-30-2	2	1	12	2	95	680	0.2350688	1	4.82E-05
poi-30-2	2	1	12	2	190	1268	0.5829664	131	0.0109121
poi-30-2	2	1	12	3	95	680	0.2388021	11	0.000603
poi-30-2	2	1	12	3	190	1268	0.5907965	131	0.0105599
poi-30-2	2	1	25	1	95	917	0.3101047	98	0.0058828
poi-30-2	2	1	25	1	190	1410	0.5515047	47	0.0035394
poi-30-2	2	1	25	2	95	1067	0.3600694	546	0.0355637
poi-30-2	2	1	25	2	190	1410	0.4733606	28	0.0023478
poi-30-2	2	1	25	3	95	1067	0.3335054	44	0.00322
poi-30-2	2	1	25	3	190	1410	0.4753688	5	0.0007573
poi-30-2	2	1.33	12	1	95	785	0.2648492	423	0.0206619
poi-30-2	2	1.33	12	1	190	1366	0.6207084	257	0.024882
poi-30-2	2	1.33	12	2	95	785	0.2581714	368	0.0177843
poi-30-2	2	1.33	12	2	190	1366	0.75886	1758	0.1800396
poi-30-2	2	1.33	12	3	95	785	0.2492934	72	0.0036744
poi-30-2	2	1.33	12	3	190	1366	0.6076778	248	0.0241601
poi-30-2	2	1.33	25	1	95	1078	0.4584821	2271	0.1414172
poi-30-2	2	1.33	25	1	190	1680	0.5858948	341	0.0303689
poi-30-2	2	1.33	25	2	95	1282	0.5727997	3474	0.2345692
poi-30-2	2	1.33	25	2	190	1740	0.7446987	2686	0.2617692
poi-30-2	2	1.33	25	3	95	1302	0.5473802	2797	0.1958608
poi-30-2	2	1.33	25	3	190	1771	0.6217435	1368	0.1264506
poi-30-3	1	0.67	12	1	86	441	0.2438077	1260	0.0493507
poi-30-3	1	0.67	12	1	172	1140	0.4617854	1467	0.0970965
poi-30-3	1	0.67	12	2	86	452	0.2574403	1309	0.0534441
poi-30-3	1	0.67	12	2	172	1148	0.7377786	4664	0.3554268
poi-30-3	1	0.67	12	3	86	466	0.3575942	3520	0.1472974
poi-30-3	1	0.67	12	3	172	1156	0.510117	1642	0.1221905
poi-30-3	1	0.67	24	1	86	531	0.3118327	541	0.0306639
poi-30-3	1	0.67	24	1	172	1277	1.0567513	3171	0.402165
poi-30-3	1	0.67	24	2	86	540	0.3591716	123	0.0085088
poi-30-3	1	0.67	24	2	172	1298	1.2967717	2935	0.4740386
poi-30-3	1	0.67	24	3	86	545	0.4192481	207	0.0162335
poi-30-3	1	0.67	24	3	172	1300	1.4191234	2577	0.4732213
poi-30-3	1	1	12	1	86	487	0.2692743	420	0.0212722
poi-30-3	1	1	12	1	172	1188	0.5438667	196	0.0165751
poi-30-3	1	1	12	2	86	487	0.2468543	49	0.0024459
poi-30-3	1	1	12	2	172	1215	0.8217594	2961	0.29761
poi-30-3	1	1	12	3	86	487	0.2630775	145	0.0076146
poi-30-3	1	1	12	3	172	1215	0.6448166	1203	0.1202047
poi-30-3	1	1	24	1	86	613	0.3185729	86	0.0055951
poi-30-3	1	1	24	1	172	1368	0.9984987	3586	0.4166265
poi-30-3	1	1	24	2	86	627	0.3199754	13	0.0010118
poi-30-3	1	1	24	2	172	1442	0.5239617	254	0.0238834
poi-30-3	1	1	24	3	86	627	0.3662981	16	0.0012125
poi-30-3	1	1	24	3	172	1449	0.6087343	1328	0.1257444
poi-30-3	1	1.33	12	1	86	519	0.2877282	371	0.0203546
poi-30-3	1	1.33	12	1	172	1300	0.7089334	1856	0.1898613
poi-30-3	1	1.33	12	2	86	521	0.2752992	50	0.0028638
poi-30-3	1	1.33	12	2	172	1317	0.8497741	3253	0.328693
poi-30-3	1	1.33	12	3	86	521	0.2896394	90	0.0054427
poi-30-3	1	1.33	12	3	172	1333	0.8078589	2845	0.289337
poi-30-3	1	1.33	24	1	86	718	0.4402617	1111	0.0806023
poi-30-3	1	1.33	24	1	172	1569	0.6581268	565	0.0598477
poi-30-3	1	1.33	24	2	86	779	0.3705788	194	0.0140931
poi-30-3	1	1.33	24	2	172	1757	0.8631913	3585	0.3582639
poi-30-3	1	1.33	24	3	86	802	0.5049421	1560	0.1197513
poi-30-3	1	1.33	24	3	172	1803	0.5358041	465	0.0431468
poi-30-3	2	0.67	12	1	86	460	0.3505595	3966	0.1550854
poi-30-3	2	0.67	12	1	172	1165	0.4210464	599	0.0426212
poi-30-3	2	0.67	12	2	86	466	0.239442	853	0.034618
poi-30-3	2	0.67	12	2	172	1166	0.4667342	1017	0.0750551
poi-30-3	2	0.67	12	3	86	466	0.2860847	1804	0.0758234
poi-30-3	2	0.67	12	3	172	1165	0.6996875	3888	0.3040084
poi-30-3	2	0.67	24	1	86	601	0.7065158	6257	0.3994961
poi-30-3	2	0.67	24	1	172	1310	0.8782577	492	0.0705796
poi-30-3	2	0.67	24	2	86	607	0.4068411	243	0.0198677
poi-30-3	2	0.67	24	2	172	1330	1.2039588	1647	0.2853127
poi-30-3	2	0.67	24	3	86	607	0.441214	8	0.0006614
poi-30-3	2	0.67	24	3	172	1328	0.9956271	168	0.0285422
poi-30-3	2	1	12	1	86	487	0.2391485	145	0.006892
poi-30-3	2	1	12	1	172	1225	0.5397706	93	0.0069864
poi-30-3	2	1	12	2	86	506	0.3049972	1726	0.079104
poi-30-3	2	1	12	2	172	1225	0.7462127	2157	0.2213936
poi-30-3	2	1	12	3	86	506	0.2488886	349	0.0163928
poi-30-3	2	1	12	3	172	1225	0.5273077	164	0.0138055
poi-30-3	2	1	24	1	86	711	0.3055762	177	0.0102585
poi-30-3	2	1	24	1	172	1449	0.5391915	492	0.0409749
poi-30-3	2	1	24	2	86	720	0.3314511	215	0.0135958
poi-30-3	2	1	24	2	172	1449	0.440764	9	0.000823
poi-30-3	2	1	24	3	86	720	0.3321077	39	0.0025209
poi-30-3	2	1	24	3	172	1449	0.4525144	1	6.63E-05
poi-30-3	2	1.33	12	1	86	519	0.252534	226	0.0112766
poi-30-3	2	1.33	12	1	172	1341	0.702166	2026	0.1902022
poi-30-3	2	1.33	12	2	86	586	0.2682625	399	0.0215385
poi-30-3	2	1.33	12	2	172	1345	0.7346692	2322	0.2305044
poi-30-3	2	1.33	12	3	86	586	0.3222936	1320	0.0701203
poi-30-3	2	1.33	12	3	172	1345	0.898549	4109	0.4019468
poi-30-3	2	1.33	24	1	86	828	0.4993081	3331	0.1990799
poi-30-3	2	1.33	24	1	172	1739	0.9765585	5020	0.4847972
poi-30-3	2	1.33	24	2	86	889	0.3642422	482	0.0312199
poi-30-3	2	1.33	24	2	172	1802	0.6271972	2370	0.1979322
poi-30-3	2	1.33	24	3	86	902	0.4337722	1432	0.096372
poi-30-3	2	1.33	24	3	172	1822	0.5092776	565	0.0489509
poi-30-4	1	0.67	11	1	91	772	0.2777116	92	0.0046189
poi-30-4	1	0.67	11	1	183	1211	0.530869	2288	0.1638609
poi-30-4	1	0.67	11	2	91	798	0.6970048	7215	0.4129485
poi-30-4	1	0.67	11	2	183	1211	0.395795	397	0.0228652
poi-30-4	1	0.67	11	3	91	798	0.6223793	5533	0.326633
poi-30-4	1	0.67	11	3	183	1211	0.4027367	340	0.0218365
poi-30-4	1	0.67	23	1	91	852	0.4727997	386	0.0282757
poi-30-4	1	0.67	23	1	183	1215	0.7116581	1135	0.1240308
poi-30-4	1	0.67	23	2	91	871	1.0137565	3793	0.4369901
poi-30-4	1	0.67	23	2	183	1215	0.702708	143	0.0124453
poi-30-4	1	0.67	23	3	91	887	0.8077753	423	0.0588588
poi-30-4	1	0.67	23	3	183	1215	0.8300029	106	0.0110658
poi-30-4	1	1	11	1	91	842	0.395578	2167	0.1214837
poi-30-4	1	1	11	1	183	1226	0.5569569	15	0.0012307
poi-30-4	1	1	11	2	91	842	0.3104184	679	0.0371099
poi-30-4	1	1	11	2	183	1226	0.5260691	37	0.0028167
poi-30-4	1	1	11	3	91	842	0.3049562	404	0.023437
poi-30-4	1	1	11	3	183	1226	0.5139553	7	0.0006983
poi-30-4	1	1	23	1	91	870	0.5752229	3062	0.2195101
poi-30-4	1	1	23	1	183	1226	0.6796184	14	0.0017607
poi-30-4	1	1	23	2	91	940	0.5300175	1881	0.1468015
poi-30-4	1	1	23	2	183	1226	0.6223341	5	0.0004786
poi-30-4	1	1	23	3	91	1017	0.6450298	2342	0.2061245
poi-30-4	1	1	23	3	183	1272	1.22382	5689	0.6549706
poi-30-4	1	1.33	11	1	91	911	0.3735399	1641	0.091859
poi-30-4	1	1.33	11	1	183	1395	1.0630433	4469	0.4948536
poi-30-4	1	1.33	11	2	91	916	0.4002476	1917	0.111176
poi-30-4	1	1.33	11	2	183	1425	0.9931569	4400	0.4575891
poi-30-4	1	1.33	11	3	91	937	0.5326877	4000	0.2360195
poi-30-4	1	1.33	11	3	183	1427	0.5319896	79	0.0067155
poi-30-4	1	1.33	23	1	91	993	0.6441837	3656	0.2732526
poi-30-4	1	1.33	23	1	183	1470	1.1171421	3076	0.4180592
poi-30-4	1	1.33	23	2	91	1108	0.462358	603	0.0501872
poi-30-4	1	1.33	23	2	183	1529	0.8913829	2067	0.2602656
poi-30-4	1	1.33	23	3	91	1236	1.0004381	5425	0.5193981
poi-30-4	1	1.33	23	3	183	1562	0.6845958	610	0.0727153
poi-30-4	2	0.67	11	1	91	798	0.381771	2291	0.1188508
poi-30-4	2	0.67	11	1	183	1215	0.3956772	583	0.0332414
poi-30-4	2	0.67	11	2	91	799	0.289964	232	0.0120192
poi-30-4	2	0.67	11	2	183	1215	0.4689423	1495	0.1048144
poi-30-4	2	0.67	11	3	91	813	0.3730324	1502	0.083643
poi-30-4	2	0.67	11	3	183	1215	0.4592775	1187	0.0842718
poi-30-4	2	0.67	23	1	91	958	0.8733472	3152	0.3332281
poi-30-4	2	0.67	23	1	183	1215	0.6008064	130	0.0096335
poi-30-4	2	0.67	23	2	91	978	0.6988533	12	0.0016664
poi-30-4	2	0.67	23	2	183	1217	0.8606795	1287	0.172747
poi-30-4	2	0.67	23	3	91	978	0.7695272	19	0.0029056
poi-30-4	2	0.67	23	3	183	1219	0.88132	481	0.0685258
poi-30-4	2	1	11	1	91	863	0.2644849	38	0.002062
poi-30-4	2	1	11	1	183	1226	0.5707289	10	0.0008238
poi-30-4	2	1	11	2	91	863	0.2982017	501	0.0273151
poi-30-4	2	1	11	2	183	1226	0.5388384	2	0.0001507
poi-30-4	2	1	11	3	91	863	0.4024724	2147	0.1195323
poi-30-4	2	1	11	3	183	1226	0.5428624	5	0.0004359
poi-30-4	2	1	23	1	91	1074	0.6290254	3852	0.2727803
poi-30-4	2	1	23	1	183	1285	0.6690836	375	0.0444695
poi-30-4	2	1	23	2	91	1092	0.3832679	94	0.0076161
poi-30-4	2	1	23	2	183	1298	0.6018114	192	0.0176939
poi-30-4	2	1	23	3	91	1092	0.4301911	35	0.0034584
poi-30-4	2	1	23	3	183	1298	0.5578391	117	0.0115606
poi-30-4	2	1.33	11	1	91	942	0.4207931	2761	0.1488604
poi-30-4	2	1.33	11	1	183	1401	1.0425184	4403	0.4871228
poi-30-4	2	1.33	11	2	91	952	0.2881933	54	0.0032741
poi-30-4	2	1.33	11	2	183	1425	0.5850969	594	0.055451
poi-30-4	2	1.33	11	3	91	952	0.3142032	283	0.0169553
poi-30-4	2	1.33	11	3	183	1431	0.5318509	9	0.0007728
poi-30-4	2	1.33	23	1	91	1245	0.4457476	637	0.0503783
poi-30-4	2	1.33	23	1	183	1504	0.8680884	2100	0.2470972
poi-30-4	2	1.33	23	2	91	1352	0.8745905	5531	0.45817
poi-30-4	2	1.33	23	2	183	1586	1.0222835	3852	0.4431757
poi-30-4	2	1.33	23	3	91	1389	0.7550994	3535	0.3134579
poi-30-4	2	1.33	23	3	183	1624	1.5771971	9251	1.0349329
poi-30-5	1	0.67	13	1	82	422	0.1751091	281	0.0094758
poi-30-5	1	0.67	13	1	164	1199	0.4440294	892	0.0599643
poi-30-5	1	0.67	13	2	82	441	0.1804966	8	0.0002485
poi-30-5	1	0.67	13	2	164	1199	0.4226546	465	0.0293949
poi-30-5	1	0.67	13	3	82	441	0.1909839	8	0.0002514
poi-30-5	1	0.67	13	3	164	1199	0.465894	881	0.0649148
poi-30-5	1	0.67	26	1	82	454	0.2913475	1301	0.0611081
poi-30-5	1	0.67	26	1	164	1233	0.6453372	489	0.0428303
poi-30-5	1	0.67	26	2	82	496	0.2741651	35	0.0020958
poi-30-5	1	0.67	26	2	164	1266	0.7321641	207	0.0170843
poi-30-5	1	0.67	26	3	82	529	0.3192734	53	0.0030434
poi-30-5	1	0.67	26	3	164	1283	1.7505376	5973	0.9475177
poi-30-5	1	1	13	1	82	457	0.3648885	4088	0.1653385
poi-30-5	1	1	13	1	164	1254	0.8001027	2935	0.2945387
poi-30-5	1	1	13	2	82	494	0.2200598	6	0.0002666
poi-30-5	1	1	13	2	164	1254	0.568238	764	0.072271
poi-30-5	1	1	13	3	82	494	0.2272934	41	0.0019567
poi-30-5	1	1	13	3	164	1254	0.5152391	155	0.0134916
poi-30-5	1	1	26	1	82	499	0.2231462	52	0.002276
poi-30-5	1	1	26	1	164	1318	0.6130097	654	0.0667952
poi-30-5	1	1	26	2	82	562	0.2510674	68	0.0034491
poi-30-5	1	1	26	2	164	1397	0.9631841	4908	0.4759559
poi-30-5	1	1	26	3	82	612	0.2737866	84	0.0045935
poi-30-5	1	1	26	3	164	1419	0.5461103	615	0.0594185
poi-30-5	1	1.33	13	1	82	480	0.2390232	50	0.002523
poi-30-5	1	1.33	13	1	164	1408	0.9788672	5038	0.4856958
poi-30-5	1	1.33	13	2	82	563	0.2429329	17	0.0009151
poi-30-5	1	1.33	13	2	164	1432	0.5177404	308	0.0277831
poi-30-5	1	1.33	13	3	82	564	0.2537298	21	0.0012074
poi-30-5	1	1.33	13	3	164	1443	1.1636515	6843	0.668807
poi-30-5	1	1.33	26	1	82	589	0.2734252	267	0.014214
poi-30-5	1	1.33	26	1	164	1499	0.6317562	1001	0.0976003
poi-30-5	1	1.33	26	2	82	649	0.2674813	215	0.011067
poi-30-5	1	1.33	26	2	164	1671	0.9571479	4570	0.4535189
poi-30-5	1	1.33	26	3	82	715	0.2728116	13	0.0008847
poi-30-5	1	1.33	26	3	164	1733	0.9399634	4536	0.4469335
poi-30-5	2	0.67	13	1	82	472	0.1881279	39	0.0017186
poi-30-5	2	0.67	13	1	164	1211	0.5997124	2949	0.2194618
poi-30-5	2	0.67	13	2	82	487	0.2041905	174	0.0070792
poi-30-5	2	0.67	13	2	164	1211	0.5739353	2433	0.1840556
poi-30-5	2	0.67	13	3	82	487	0.2024526	66	0.0028882
poi-30-5	2	0.67	13	3	164	1211	0.6270343	2927	0.2300104
poi-30-5	2	0.67	26	1	82	500	0.2677505	17	0.0009119
poi-30-5	2	0.67	26	1	164	1328	0.9000994	2230	0.2679501
poi-30-5	2	0.67	26	2	82	529	0.5899706	3651	0.2488691
poi-30-5	2	0.67	26	2	164	1357	0.7539529	158	0.0173292
poi-30-5	2	0.67	26	3	82	529	0.3892205	48	0.0032983
poi-30-5	2	0.67	26	3	164	1371	0.8043593	94	0.0132095
poi-30-5	2	1	13	1	82	525	0.2025571	176	0.0065669
poi-30-5	2	1	13	1	164	1268	0.5085806	48	0.0035108
poi-30-5	2	1	13	2	82	562	0.2072461	100	0.0043208
poi-30-5	2	1	13	2	164	1268	0.5028244	46	0.0032712
poi-30-5	2	1	13	3	82	562	0.2093777	93	0.0039744
poi-30-5	2	1	13	3	164	1268	0.513368	52	0.0036935
poi-30-5	2	1	26	1	82	575	0.2340583	26	0.0012621
poi-30-5	2	1	26	1	164	1457	0.6840148	2036	0.1955739
poi-30-5	2	1	26	2	82	612	0.2616883	2	0.0002252
poi-30-5	2	1	26	2	164	1469	0.4351176	28	0.0023342
poi-30-5	2	1	26	3	82	633	0.2897077	18	0.0010706
poi-30-5	2	1	26	3	164	1469	0.43576	1	0.0001337
poi-30-5	2	1.33	13	1	82	594	0.2243254	40	0.0017555
poi-30-5	2	1.33	13	1	164	1414	0.8145075	3753	0.3442493
poi-30-5	2	1.33	13	2	82	633	0.2286295	18	0.0009052
poi-30-5	2	1.33	13	2	164	1439	0.9074028	4663	0.4298886
poi-30-5	2	1.33	13	3	82	633	0.2353626	55	0.0026692
poi-30-5	2	1.33	13	3	164	1462	1.1151376	6619	0.6313249
poi-30-5	2	1.33	26	1	82	672	0.2583292	214	0.0106469
poi-30-5	2	1.33	26	1	164	1685	0.6651006	1872	0.1754622
poi-30-5	2	1.33	26	2	82	741	0.2721477	23	0.0013456
poi-30-5	2	1.33	26	2	164	1781	0.695508	2824	0.2480664
poi-30-5	2	1.33	26	3	82	761	0.4430975	1447	0.1001866
poi-30-5	2	1.33	26	3	164	1836	1.3618732	10332	0.9149611
poi-40-1	1	0.67	12	1	101	1042	0.513195	0	0
poi-40-1	1	0.67	12	1	202	1594	0.9762632	685	0.1087649
poi-40-1	1	0.67	12	2	101	1042	0.5534706	0	0
poi-40-1	1	0.67	12	2	202	1606	0.9546197	446	0.0685521
poi-40-1	1	0.67	12	3	101	1042	0.5669595	0	0
poi-40-1	1	0.67	12	3	202	1606	1.8549907	5453	0.9524169
poi-40-1	1	0.67	24	1	101	1083	0.7978025	48	0.0060743
poi-40-1	1	0.67	24	1	202	1667	2.5056729	4656	1.1840019
poi-40-1	1	0.67	24	2	101	1116	1.1141223	179	0.0309766
poi-40-1	1	0.67	24	2	202	1730	2.5068514	2873	0.8914598
poi-40-1	1	0.67	24	3	101	1143	1.2844206	479	0.1043733
poi-40-1	1	0.67	24	3	202	1737	2.1070502	833	0.2487661
poi-40-1	1	1	12	1	101	1079	0.6127905	305	0.0342806
poi-40-1	1	1	12	1	202	1619	1.2451682	45	0.0075293
poi-40-1	1	1	12	2	101	1084	0.5154983	42	0.0043026
poi-40-1	1	1	12	2	202	1706	1.5969592	2315	0.4870389
poi-40-1	1	1	12	3	101	1084	0.5307271	109	0.0114873
poi-40-1	1	1	12	3	202	1668	1.7632792	3359	0.6638001
poi-40-1	1	1	24	1	101	1144	1.0024408	2315	0.3174116
poi-40-1	1	1	24	1	202	1754	2.939144	6867	1.6669724
poi-40-1	1	1	24	2	101	1218	0.6530324	231	0.0299764
poi-40-1	1	1	24	2	202	1829	2.841455	8900	1.8056223
poi-40-1	1	1	24	3	101	1259	0.8992889	1690	0.2263531
poi-40-1	1	1	24	3	202	1865	1.1869765	1036	0.1949935
poi-40-1	1	1.34	12	1	101	1250	0.5654927	31	0.0031452
poi-40-1	1	1.34	12	1	202	1869	1.7423895	2755	0.6135169
poi-40-1	1	1.34	12	2	101	1279	0.6616918	1361	0.1418705
poi-40-1	1	1.34	12	2	202	1947	1.9023877	3852	0.8189128
poi-40-1	1	1.34	12	3	101	1296	1.0343538	4775	0.506664
poi-40-1	1	1.34	12	3	202	1949	1.7336184	3198	0.6623236
poi-40-1	1	1.34	24	1	101	1293	1.1414514	3042	0.4243784
poi-40-1	1	1.34	24	1	202	1996	1.3458659	398	0.0765008
poi-40-1	1	1.34	24	2	101	1514	0.9369394	2304	0.2961336
poi-40-1	1	1.34	24	2	202	2190	2.4436451	7038	1.416961
poi-40-1	1	1.34	24	3	101	1541	0.9157955	1543	0.2160958
poi-40-1	1	1.34	24	3	202	2297	1.722388	3718	0.7173836
poi-40-1	2	0.67	12	1	101	1054	0.5136744	159	0.0140617
poi-40-1	2	0.67	12	1	202	1633	1.2046675	2123	0.3412542
poi-40-1	2	0.67	12	2	101	1054	0.5223818	51	0.005154
poi-40-1	2	0.67	12	2	202	1628	1.0934927	1440	0.2137883
poi-40-1	2	0.67	12	3	101	1054	0.5605627	184	0.0176987
poi-40-1	2	0.67	12	3	202	1634	1.8129578	5298	0.911212
poi-40-1	2	0.67	24	1	101	1170	0.8982093	84	0.0112965
poi-40-1	2	0.67	24	1	202	1730	3.7937378	9152	2.4335247
poi-40-1	2	0.67	24	2	101	1199	1.108731	1	0.0001708
poi-40-1	2	0.67	24	2	202	1743	2.5301442	3286	0.9758887
poi-40-1	2	0.67	24	3	101	1199	1.2311436	12	0.002247
poi-40-1	2	0.67	24	3	202	1763	3.9364976	6633	2.229665
poi-40-1	2	1	12	1	101	1167	0.5307526	38	0.0034395
poi-40-1	2	1	12	1	202	1706	1.430928	1002	0.2056
poi-40-1	2	1	12	2	101	1167	0.4989928	19	0.0018313
poi-40-1	2	1	12	2	202	1719	1.5844666	2352	0.4918903
poi-40-1	2	1	12	3	101	1167	0.5173279	239	0.0218141
poi-40-1	2	1	12	3	202	1734	1.5546391	1977	0.419953
poi-40-1	2	1	24	1	101	1336	0.6286818	64	0.0076539
poi-40-1	2	1	24	1	202	1865	1.4658771	1542	0.3278463
poi-40-1	2	1	24	2	101	1370	1.165735	5090	0.588584
poi-40-1	2	1	24	2	202	1893	0.9913523	57	0.0077044
poi-40-1	2	1	24	3	101	1398	0.634232	169	0.0209303
poi-40-1	2	1	24	3	202	1893	0.9882503	125	0.017385
poi-40-1	2	1.34	12	1	101	1370	0.7973046	2523	0.271082
poi-40-1	2	1.34	12	1	202	1928	1.7032188	2641	0.5661403
poi-40-1	2	1.34	12	2	101	1399	0.5734604	727	0.0699909
poi-40-1	2	1.34	12	2	202	1997	1.7226108	3201	0.652181
poi-40-1	2	1.34	12	3	101	1399	0.5634316	734	0.0716705
poi-40-1	2	1.34	12	3	202	2008	1.1958241	716	0.1260951
poi-40-1	2	1.34	24	1	101	1578	0.8510501	1768	0.2171034
poi-40-1	2	1.34	24	1	202	2177	1.1928994	492	0.0912031
poi-40-1	2	1.34	24	2	101	1677	1.0019949	3502	0.4154905
poi-40-1	2	1.34	24	2	202	2355	0.9901012	77	0.0108494
poi-40-1	2	1.34	24	3	101	1765	1.3343998	5493	0.6983045
poi-40-1	2	1.34	24	3	202	2362	1.4908254	2756	0.5227076
poi-40-2	1	0.67	12	1	97	838	0.642067	2147	0.1888533
poi-40-2	1	0.67	12	1	194	1660	1.2761074	3319	0.4915231
poi-40-2	1	0.67	12	2	97	846	0.5585869	890	0.0807231
poi-40-2	1	0.67	12	2	194	1660	1.245958	2638	0.4102697
poi-40-2	1	0.67	12	3	97	846	0.4858107	53	0.0044845
poi-40-2	1	0.67	12	3	194	1660	1.114591	1747	0.2754144
poi-40-2	1	0.67	24	1	97	894	0.6866466	50	0.0061971
poi-40-2	1	0.67	24	1	194	1694	1.4849572	512	0.1138098
poi-40-2	1	0.67	24	2	97	918	0.8535296	30	0.0045279
poi-40-2	1	0.67	24	2	194	1700	1.8997854	909	0.2562879
poi-40-2	1	0.67	24	3	97	918	1.0230023	336	0.0554191
poi-40-2	1	0.67	24	3	194	1704	2.2379391	1080	0.3824682
poi-40-2	1	1	12	1	97	886	0.5261776	367	0.0351045
poi-40-2	1	1	12	1	194	1699	1.0977061	212	0.0273197
poi-40-2	1	1	12	2	97	898	0.4764473	68	0.0062704
poi-40-2	1	1	12	2	194	1699	1.1428145	897	0.1572087
poi-40-2	1	1	12	3	97	898	0.5180715	396	0.0385856
poi-40-2	1	1	12	3	194	1702	1.6198188	3750	0.683117
poi-40-2	1	1	24	1	97	941	0.9884132	3345	0.3947172
poi-40-2	1	1	24	1	194	1765	1.5561399	841	0.2172435
poi-40-2	1	1	24	2	97	999	0.6166262	455	0.0514437
poi-40-2	1	1	24	2	194	1827	1.0379056	49	0.0076322
poi-40-2	1	1	24	3	97	1090	0.7176776	1060	0.1239403
poi-40-2	1	1	24	3	194	1839	0.9951755	218	0.0330097
poi-40-2	1	1.34	12	1	97	980	0.532971	386	0.0376991
poi-40-2	1	1.34	12	1	194	1939	2.3450969	6044	1.2740086
poi-40-2	1	1.34	12	2	97	1090	0.7728725	3123	0.2974555
poi-40-2	1	1.34	12	2	194	1985	1.7068433	3943	0.7249624
poi-40-2	1	1.34	12	3	97	1090	0.6116229	1332	0.1303977
poi-40-2	1	1.34	12	3	194	2001	1.0025185	338	0.0481323
poi-40-2	1	1.34	24	1	97	1089	1.1400501	4149	0.5172081
poi-40-2	1	1.34	24	1	194	2114	1.8400373	1817	0.4811945
poi-40-2	1	1.34	24	2	97	1261	0.7832446	1678	0.1985649
poi-40-2	1	1.34	24	2	194	2210	1.9972495	4576	0.9452246
poi-40-2	1	1.34	24	3	97	1282	0.761748	1173	0.1444462
poi-40-2	1	1.34	24	3	194	2290	1.4247612	2436	0.4576333
poi-40-2	2	0.67	12	1	97	846	0.7232003	3043	0.2711435
poi-40-2	2	0.67	12	1	194	1659	0.8103507	97	0.0076666
poi-40-2	2	0.67	12	2	97	846	0.5537784	996	0.0914837
poi-40-2	2	0.67	12	2	194	1668	0.8833053	525	0.0647602
poi-40-2	2	0.67	12	3	97	846	0.4907729	119	0.008593
poi-40-2	2	0.67	12	3	194	1668	1.1877409	2261	0.3472118
poi-40-2	2	0.67	24	1	97	943	1.4227599	4216	0.6422113
poi-40-2	2	0.67	24	1	194	1737	2.5430671	5022	1.2638431
poi-40-2	2	0.67	24	2	97	978	1.7117014	4533	0.8069672
poi-40-2	2	0.67	24	2	194	1733	1.7302246	952	0.2593446
poi-40-2	2	0.67	24	3	97	978	1.1992839	1180	0.214731
poi-40-2	2	0.67	24	3	194	1739	2.3425659	2343	0.7307166
poi-40-2	2	1	12	1	97	946	0.4733076	99	0.0080284
poi-40-2	2	1	12	1	194	1736	1.3005001	1588	0.3058813
poi-40-2	2	1	12	2	97	953	0.4475046	224	0.0191678
poi-40-2	2	1	12	2	194	1736	1.0356702	404	0.061148
poi-40-2	2	1	12	3	97	953	0.4355886	2	0.0001675
poi-40-2	2	1	12	3	194	1736	1.058579	538	0.0909784
poi-40-2	2	1	24	1	97	1140	0.6187407	410	0.0481877
poi-40-2	2	1	24	1	194	1872	1.3525809	1374	0.2506534
poi-40-2	2	1	24	2	97	1240	0.6686965	1355	0.142712
poi-40-2	2	1	24	2	194	1950	1.1211205	1051	0.1816128
poi-40-2	2	1	24	3	97	1412	1.7116712	10647	1.1652745
poi-40-2	2	1	24	3	194	1950	0.9296748	68	0.0094004
poi-40-2	2	1.34	12	1	97	1146	0.4838092	328	0.0281569
poi-40-2	2	1.34	12	1	194	1991	1.7800966	3976	0.7856286
poi-40-2	2	1.34	12	2	97	1183	0.8850332	5874	0.4754051
poi-40-2	2	1.34	12	2	194	2038	1.2804993	1887	0.3363656
poi-40-2	2	1.34	12	3	97	1183	0.5752086	1670	0.1449517
poi-40-2	2	1.34	12	3	194	2043	0.9675235	195	0.0229248
poi-40-2	2	1.34	24	1	97	1379	0.5940865	135	0.0157179
poi-40-2	2	1.34	24	1	194	2214	1.2538571	832	0.1683773
poi-40-2	2	1.34	24	2	97	1509	0.6837919	1352	0.1449607
poi-40-2	2	1.34	24	2	194	2399	1.1149047	844	0.1473072
poi-40-2	2	1.34	24	3	97	1767	0.6012713	270	0.031259
poi-40-2	2	1.34	24	3	194	2413	0.9701207	133	0.0175518
poi-40-3	1	0.67	13	1	97	684	0.4343886	1754	0.1106882
poi-40-3	1	0.67	13	1	195	1469	0.8498032	414	0.0504016
poi-40-3	1	0.67	13	2	97	684	0.3990826	962	0.0646299
poi-40-3	1	0.67	13	2	195	1470	1.7076567	5830	0.9045613
poi-40-3	1	0.67	13	3	97	684	0.3609181	119	0.007909
poi-40-3	1	0.67	13	3	195	1469	0.8687947	435	0.0572124
poi-40-3	1	0.67	27	1	97	782	0.504757	13	0.0013219
poi-40-3	1	0.67	27	1	195	1538	1.7625554	1816	0.4516264
poi-40-3	1	0.67	27	2	97	818	0.6584748	192	0.0235344
poi-40-3	1	0.67	27	2	195	1584	2.0992255	1387	0.4271891
poi-40-3	1	0.67	27	3	97	842	1.4704031	5011	0.7356595
poi-40-3	1	0.67	27	3	195	1589	2.0165001	230	0.0613375
poi-40-3	1	1	13	1	97	723	0.3798479	80	0.0061734
poi-40-3	1	1	13	1	195	1506	1.7527869	3570	0.7220616
poi-40-3	1	1	13	2	97	723	0.3932482	167	0.013222
poi-40-3	1	1	13	2	195	1570	1.6190386	3657	0.6705679
poi-40-3	1	1	13	3	97	727	0.6435534	3281	0.2534216
poi-40-3	1	1	13	3	195	1537	1.0900263	754	0.1242023
poi-40-3	1	1	27	1	97	851	0.4987698	497	0.045766
poi-40-3	1	1	27	1	195	1593	2.7612255	7675	1.6633467
poi-40-3	1	1	27	2	97	933	1.2397094	8017	0.7634468
poi-40-3	1	1	27	2	195	1711	1.5009104	3624	0.6190104
poi-40-3	1	1	27	3	97	971	0.5635511	451	0.0464982
poi-40-3	1	1	27	3	195	1788	1.2318665	2206	0.3725803
poi-40-3	1	1.34	13	1	97	796	0.4455751	778	0.0583849
poi-40-3	1	1.34	13	1	195	1689	1.4889184	2279	0.457853
poi-40-3	1	1.34	13	2	97	817	0.6843072	3846	0.2978133
poi-40-3	1	1.34	13	2	195	1740	0.9609379	17	0.0020386
poi-40-3	1	1.34	13	3	97	819	0.4723864	1184	0.0901186
poi-40-3	1	1.34	13	3	195	1793	0.9538841	76	0.0091182
poi-40-3	1	1.34	27	1	97	981	0.5526159	591	0.0592569
poi-40-3	1	1.34	27	1	195	1828	2.0631666	4304	0.9406182
poi-40-3	1	1.34	27	2	97	1090	0.7628385	2544	0.2589138
poi-40-3	1	1.34	27	2	195	2072	1.4420844	3157	0.5488739
poi-40-3	1	1.34	27	3	97	1232	0.7604096	1954	0.2142642
poi-40-3	1	1.34	27	3	195	2196	2.1840044	7731	1.3220563
poi-40-3	2	0.67	13	1	97	714	0.3757805	500	0.0337898
poi-40-3	2	0.67	13	1	195	1499	0.7898699	40	0.0038154
poi-40-3	2	0.67	13	2	97	714	0.3604837	3	0.0001754
poi-40-3	2	0.67	13	2	195	1499	0.8195089	181	0.0197954
poi-40-3	2	0.67	13	3	97	714	0.4183806	671	0.0479169
poi-40-3	2	0.67	13	3	195	1501	0.9217077	822	0.1244358
poi-40-3	2	0.67	27	1	97	907	1.0042558	2803	0.3570705
poi-40-3	2	0.67	27	1	195	1670	1.3886479	211	0.044063
poi-40-3	2	0.67	27	2	97	993	0.8286805	222	0.0335713
poi-40-3	2	0.67	27	2	195	1690	1.9318852	1227	0.3682802
poi-40-3	2	0.67	27	3	97	1059	0.9053237	342	0.0603972
poi-40-3	2	0.67	27	3	195	1695	1.7437419	95	0.0238729
poi-40-3	2	1	13	1	97	802	0.3990976	683	0.0483201
poi-40-3	2	1	13	1	195	1578	1.1115523	687	0.1199339
poi-40-3	2	1	13	2	97	812	0.3941819	364	0.0276271
poi-40-3	2	1	13	2	195	1616	1.6919923	3895	0.7380801
poi-40-3	2	1	13	3	97	812	0.3845694	217	0.0168608
poi-40-3	2	1	13	3	195	1609	1.681792	3899	0.7362608
poi-40-3	2	1	27	1	97	1071	0.9168359	5337	0.4728092
poi-40-3	2	1	27	1	195	1840	1.1064468	692	0.1203964
poi-40-3	2	1	27	2	97	1222	0.8801135	4650	0.4235113
poi-40-3	2	1	27	2	195	1868	0.8555124	86	0.011379
poi-40-3	2	1	27	3	97	1324	1.0031269	5322	0.5158927
poi-40-3	2	1	27	3	195	1899	0.9098445	626	0.0959872
poi-40-3	2	1.34	13	1	97	880	0.3902533	411	0.0293173
poi-40-3	2	1.34	13	1	195	1808	1.1085557	750	0.1382305
poi-40-3	2	1.34	13	2	97	923	0.4432675	873	0.0660819
poi-40-3	2	1.34	13	2	195	1834	1.2814192	1993	0.3513993
poi-40-3	2	1.34	13	3	97	923	0.4778528	1164	0.091113
poi-40-3	2	1.34	13	3	195	1838	1.3688758	2490	0.4306199
poi-40-3	2	1.34	27	1	97	1240	0.589649	1511	0.1373836
poi-40-3	2	1.34	27	1	195	2145	1.0327783	181	0.0255837
poi-40-3	2	1.34	27	2	97	1501	0.9734281	5445	0.5046723
poi-40-3	2	1.34	27	2	195	2313	1.4688692	3640	0.6083443
poi-40-3	2	1.34	27	3	97	1632	0.8070471	2963	0.2999736
poi-40-3	2	1.34	27	3	195	2334	1.7251554	5312	0.883811
poi-40-4	1	0.67	13	1	103	600	0.4596182	1057	0.0808681
poi-40-4	1	0.67	13	1	207	1547	1.0337906	1530	0.2259421
poi-40-4	1	0.67	13	2	103	600	0.3972128	33	0.0023191
poi-40-4	1	0.67	13	2	207	1577	0.9405945	584	0.0807973
poi-40-4	1	0.67	13	3	103	600	0.4163721	99	0.0070845
poi-40-4	1	0.67	13	3	207	1586	1.1584157	1735	0.2850586
poi-40-4	1	0.67	27	1	103	630	0.6963513	2342	0.2228889
poi-40-4	1	0.67	27	1	207	1604	1.7780848	1810	0.4537435
poi-40-4	1	0.67	27	2	103	685	1.0071971	3828	0.4352327
poi-40-4	1	0.67	27	2	207	1658	4.3126703	8218	2.6577249
poi-40-4	1	0.67	27	3	103	715	0.7128267	652	0.0788339
poi-40-4	1	0.67	27	3	207	1661	1.884404	35	0.0084434
poi-40-4	1	1	13	1	103	635	0.4547247	736	0.0616817
poi-40-4	1	1	13	1	207	1603	1.4863225	2067	0.418952
poi-40-4	1	1	13	2	103	635	0.467107	516	0.044116
poi-40-4	1	1	13	2	207	1644	1.052191	683	0.1071304
poi-40-4	1	1	13	3	103	635	0.4837852	532	0.0456561
poi-40-4	1	1	13	3	207	1648	1.25436	1762	0.3073066
poi-40-4	1	1	27	1	103	698	0.5187618	661	0.0594046
poi-40-4	1	1	27	1	207	1700	1.7178973	2017	0.4721972
poi-40-4	1	1	27	2	103	830	0.4959675	156	0.0145614
poi-40-4	1	1	27	2	207	1843	1.1198357	753	0.1293784
poi-40-4	1	1	27	3	103	876	0.8899764	3670	0.3769282
poi-40-4	1	1	27	3	207	1948	1.7047781	4328	0.7787063
poi-40-4	1	1.34	13	1	103	691	0.4660154	510	0.0427312
poi-40-4	1	1.34	13	1	207	1846	2.7393592	7499	1.6326968
poi-40-4	1	1.34	13	2	103	736	0.6532553	2323	0.2062125
poi-40-4	1	1.34	13	2	207	1950	1.1633706	999	0.1848414
poi-40-4	1	1.34	13	3	103	736	0.6357981	2038	0.1872235
poi-40-4	1	1.34	13	3	207	2001	0.9821975	131	0.0175802
poi-40-4	1	1.34	27	1	103	830	1.1343904	6738	0.6483056
poi-40-4	1	1.34	27	1	207	1921	1.6717569	1535	0.3846129
poi-40-4	1	1.34	27	2	103	982	0.8216066	3080	0.3132579
poi-40-4	1	1.34	27	2	207	2202	1.3781347	1860	0.3619148
poi-40-4	1	1.34	27	3	103	1067	1.0241324	4410	0.4826754
poi-40-4	1	1.34	27	3	207	2337	1.6252389	3485	0.6623694
poi-40-4	2	0.67	13	1	103	623	0.4653802	1199	0.0873395
poi-40-4	2	0.67	13	1	207	1593	0.8594869	415	0.0495905
poi-40-4	2	0.67	13	2	103	641	0.4176535	335	0.0233243
poi-40-4	2	0.67	13	2	207	1597	0.8512183	133	0.0144783
poi-40-4	2	0.67	13	3	103	641	0.4371888	576	0.0427569
poi-40-4	2	0.67	13	3	207	1597	0.8657786	254	0.0273028
poi-40-4	2	0.67	27	1	103	727	0.8448041	2740	0.2965929
poi-40-4	2	0.67	27	1	207	1709	1.8800047	1658	0.4442152
poi-40-4	2	0.67	27	2	103	818	0.6749105	458	0.0534371
poi-40-4	2	0.67	27	2	207	1728	3.7014681	6074	2.0210499
poi-40-4	2	0.67	27	3	103	820	0.9892378	2463	0.3248896
poi-40-4	2	0.67	27	3	207	1745	4.3674114	6996	2.5351684
poi-40-4	2	1	13	1	103	682	0.4793325	1282	0.0969153
poi-40-4	2	1	13	1	207	1648	1.0750664	254	0.0393045
poi-40-4	2	1	13	2	103	709	0.4011272	26	0.0020246
poi-40-4	2	1	13	2	207	1663	1.5508652	3003	0.5797063
poi-40-4	2	1	13	3	103	709	0.4106264	31	0.0023921
poi-40-4	2	1	13	3	207	1663	1.571113	3092	0.5960636
poi-40-4	2	1	27	1	103	864	0.5069917	704	0.0649064
poi-40-4	2	1	27	1	207	1864	1.7223977	3754	0.716732
poi-40-4	2	1	27	2	103	1025	0.4643939	86	0.0084441
poi-40-4	2	1	27	2	207	1948	0.9084737	57	0.0076503
poi-40-4	2	1	27	3	103	1033	0.7878406	3340	0.3160634
poi-40-4	2	1	27	3	207	1948	0.8985433	28	0.0040449
poi-40-4	2	1.34	13	1	103	738	0.5428222	1499	0.1248544
poi-40-4	2	1.34	13	1	207	1947	2.0587048	5316	1.0522646
poi-40-4	2	1.34	13	2	103	798	0.6258813	2288	0.1987683
poi-40-4	2	1.34	13	2	207	1983	1.3853308	2569	0.4551974
poi-40-4	2	1.34	13	3	103	802	0.488348	392	0.034942
poi-40-4	2	1.34	13	3	207	2002	1.5102846	3178	0.5805129
poi-40-4	2	1.34	27	1	103	1020	1.04423	6516	0.58822
poi-40-4	2	1.34	27	1	207	2218	1.2626649	1314	0.2434486
poi-40-4	2	1.34	27	2	103	1276	0.7354305	2572	0.2507889
poi-40-4	2	1.34	27	2	207	2410	1.8237596	5006	0.9025509
poi-40-4	2	1.34	27	3	103	1276	0.5483619	283	0.0287424
poi-40-4	2	1.34	27	3	207	2456	2.3974831	8064	1.4720152
poi-40-5	1	0.67	12	1	105	834	0.8238067	4336	0.3818173
poi-40-5	1	0.67	12	1	211	1642	0.7532959	218	0.0188493
poi-40-5	1	0.67	12	2	105	847	0.63468	1658	0.1571473
poi-40-5	1	0.67	12	2	211	1627	0.7574145	123	0.0104383
poi-40-5	1	0.67	12	3	105	901	0.5260883	498	0.0438349
poi-40-5	1	0.67	12	3	211	1650	0.7376188	132	0.0116412
poi-40-5	1	0.67	25	1	105	917	1.6098037	7092	0.9405052
poi-40-5	1	0.67	25	1	211	1670	2.1349924	2487	0.6821055
poi-40-5	1	0.67	25	2	105	971	1.0603844	1588	0.2505846
poi-40-5	1	0.67	25	2	211	1674	1.6794929	98	0.0181871
poi-40-5	1	0.67	25	3	105	945	0.9868269	346	0.0613812
poi-40-5	1	0.67	25	3	211	1705	2.5026431	2096	0.6879054
poi-40-5	1	1	12	1	105	882	0.6859338	5194	0.3465392
poi-40-5	1	1	12	1	211	1665	0.6385844	14	0.002203
poi-40-5	1	1	12	2	105	819	0.7688809	5337	0.3984848
poi-40-5	1	1	12	2	211	1627	0.8929476	2023	0.2576039
poi-40-5	1	1	12	3	105	950	0.9488146	7082	0.5577209
poi-40-5	1	1	12	3	211	1667	0.6409181	72	0.0097789
poi-40-5	1	1	25	1	105	999	0.8396356	3809	0.3633892
poi-40-5	1	1	25	1	211	1721	1.1368073	1004	0.1851843
poi-40-5	1	1	25	2	105	1081	0.7566499	1779	0.1987147
poi-40-5	1	1	25	2	211	1841	0.9839172	981	0.1565688
poi-40-5	1	1	25	3	105	1119	0.8123677	2305	0.2550901
poi-40-5	1	1	25	3	211	1874	0.9431567	627	0.0965648
poi-40-5	1	1.34	12	1	105	983	0.9336184	8631	0.5901742
poi-40-5	1	1.34	12	1	211	1810	0.6287596	170	0.0198871
poi-40-5	1	1.34	12	2	105	1044	0.850142	5469	0.444766
poi-40-5	1	1.34	12	2	211	1877	1.3389787	4780	0.6551798
poi-40-5	1	1.34	12	3	105	950	0.4369086	333	0.0277871
poi-40-5	1	1.34	12	3	211	1898	0.6574376	91	0.0121297
poi-40-5	1	1.34	25	1	105	1133	1.4565319	10184	0.9823168
poi-40-5	1	1.34	25	1	211	2009	1.4975752	2572	0.5034643
poi-40-5	1	1.34	25	2	105	1314	0.8230192	2008	0.2354391
poi-40-5	1	1.34	25	2	211	2184	1.7629323	5256	0.8945925
poi-40-5	1	1.34	25	3	105	1400	1.4830932	7820	0.9039652
poi-40-5	1	1.34	25	3	211	2289	0.8951946	114	0.017834
poi-40-5	2	0.67	12	1	105	874	0.8084918	4159	0.3643457
poi-40-5	2	0.67	12	1	211	1642	0.7268076	106	0.0096252
poi-40-5	2	0.67	12	2	105	943	0.6003747	1643	0.1453788
poi-40-5	2	0.67	12	2	211	1650	0.7211317	155	0.0139001
poi-40-5	2	0.67	12	3	105	938	0.8650835	4095	0.386579
poi-40-5	2	0.67	12	3	211	1650	1.0486832	2244	0.3192469
poi-40-5	2	0.67	25	1	105	1079	2.1278989	7513	1.2713096
poi-40-5	2	0.67	25	1	211	1726	2.46771	4015	1.0596816
poi-40-5	2	0.67	25	2	105	1160	1.9583311	4725	0.9478146
poi-40-5	2	0.67	25	2	211	1737	2.2265297	2219	0.6543193
poi-40-5	2	0.67	25	3	105	1186	1.2921305	965	0.1997091
poi-40-5	2	0.67	25	3	211	1742	1.7520941	340	0.0778042
poi-40-5	2	1	12	1	105	999	0.3475442	29	0.0017553
poi-40-5	2	1	12	1	211	1685	0.9940101	3016	0.370098
poi-40-5	2	1	12	2	105	999	0.3819766	317	0.0224406
poi-40-5	2	1	12	2	211	1691	0.6279307	18	0.0033558
poi-40-5	2	1	12	3	105	1027	0.4977732	1877	0.1375799
poi-40-5	2	1	12	3	211	1685	0.6436988	29	0.0043225
poi-40-5	2	1	25	1	105	1246	0.5789093	1293	0.1193044
poi-40-5	2	1	25	1	211	1887	0.9133719	677	0.10033
poi-40-5	2	1	25	2	105	1412	0.6657193	1694	0.1689561
poi-40-5	2	1	25	2	211	1897	0.8204563	53	0.0071183
poi-40-5	2	1	25	3	105	1481	0.7334122	1875	0.2008346
poi-40-5	2	1	25	3	211	1897	0.8635791	51	0.0066523
poi-40-5	2	1.34	12	1	105	1114	0.3701658	147	0.0106112
poi-40-5	2	1.34	12	1	211	1860	0.6603179	141	0.0153989
poi-40-5	2	1.34	12	2	105	1158	0.6040203	3059	0.2300655
poi-40-5	2	1.34	12	2	211	1937	0.6506511	28	0.0041507
poi-40-5	2	1.34	12	3	105	1189	0.5926803	2944	0.2176204
poi-40-5	2	1.34	12	3	211	1933	0.6956827	393	0.0487435
poi-40-5	2	1.34	25	1	105	1435	1.4977923	11177	1.0361525
poi-40-5	2	1.34	25	1	211	2249	1.4445792	4249	0.6547355
poi-40-5	2	1.34	25	2	105	1740	1.4116222	8926	0.904941
poi-40-5	2	1.34	25	2	211	2320	0.9968374	1114	0.1741935
poi-40-5	2	1.34	25	3	105	1837	0.9707783	3924	0.4266992
poi-40-5	2	1.34	25	3	211	2366	1.5645318	4192	0.7069667
poi-50-1	1	0.67	12	1	108	972	0.6925239	56	0.0062581
poi-50-1	1	0.67	12	1	217	1924	2.2581129	2767	0.7717246
poi-50-1	1	0.67	12	2	108	991	0.7361709	218	0.02556
poi-50-1	1	0.67	12	2	217	1953	2.48866	3138	0.9316454
poi-50-1	1	0.67	12	3	108	991	0.7436775	80	0.0100309
poi-50-1	1	0.67	12	3	217	1916	1.7333327	572	0.1566763
poi-50-1	1	0.67	25	1	108	1033	0.9696285	298	0.0489539
poi-50-1	1	0.67	25	1	217	2038	3.0151364	1204	0.5296982
poi-50-1	1	0.67	25	2	108	1052	1.1789306	340	0.063427
poi-50-1	1	0.67	25	2	217	2068	5.8098346	4234	2.6301493
poi-50-1	1	0.67	25	3	108	1069	1.2947046	320	0.0663559
poi-50-1	1	0.67	25	3	217	2146	3.6730268	67	0.0259814
poi-50-1	1	1	12	1	108	997	0.6620223	122	0.0151201
poi-50-1	1	1	12	1	217	1972	1.7340775	208	0.0450612
poi-50-1	1	1	12	2	108	1026	0.6802463	390	0.0478467
poi-50-1	1	1	12	2	217	2048	5.1692528	11544	3.6022386
poi-50-1	1	1	12	3	108	1026	0.7283374	743	0.0951246
poi-50-1	1	1	12	3	217	2060	2.7462177	3965	1.2085355
poi-50-1	1	1	25	1	108	1097	0.8323636	679	0.0945896
poi-50-1	1	1	25	1	217	2125	2.6760286	1438	0.5716568
poi-50-1	1	1	25	2	108	1136	1.194645	3468	0.4961455
poi-50-1	1	1	25	2	217	2299	2.9934138	4302	1.3566988
poi-50-1	1	1	25	3	108	1171	1.7692282	6746	1.0189698
poi-50-1	1	1	25	3	217	2387	2.3142805	2663	0.7894944
poi-50-1	1	1.34	12	1	108	1146	0.7229259	442	0.055945
poi-50-1	1	1.34	12	1	217	2275	1.9417157	769	0.2430964
poi-50-1	1	1.34	12	2	108	1185	0.717726	610	0.0769769
poi-50-1	1	1.34	12	2	217	2407	2.543003	3268	0.9879084
poi-50-1	1	1.34	12	3	108	1185	1.0465274	3166	0.4115284
poi-50-1	1	1.34	12	3	217	2455	2.021592	1792	0.4880396
poi-50-1	1	1.34	25	1	108	1225	1.0634206	2025	0.3107101
poi-50-1	1	1.34	25	1	217	2403	3.8393915	4034	1.7022506
poi-50-1	1	1.34	25	2	108	1334	1.0611117	2341	0.3395971
poi-50-1	1	1.34	25	2	217	2782	2.435106	2494	0.7812016
poi-50-1	1	1.34	25	3	108	1437	1.219304	2985	0.4535161
poi-50-1	1	1.34	25	3	217	2953	2.3525713	2637	0.7916806
poi-50-1	2	0.67	12	1	108	1016	0.828333	835	0.1161187
poi-50-1	2	0.67	12	1	217	1993	1.5109106	83	0.0152231
poi-50-1	2	0.67	12	2	108	1016	0.7885096	478	0.0663964
poi-50-1	2	0.67	12	2	217	2001	2.3713058	2921	0.8420556
poi-50-1	2	0.67	12	3	108	1016	0.8769744	1044	0.1474844
poi-50-1	2	0.67	12	3	217	2045	4.0100074	8258	2.4678288
poi-50-1	2	0.67	25	1	108	1156	1.6042027	1349	0.3342968
poi-50-1	2	0.67	25	1	217	2193	2.9131795	258	0.1016583
poi-50-1	2	0.67	25	2	108	1223	1.5170284	39	0.0101605
poi-50-1	2	0.67	25	2	217	2209	6.2230274	5302	3.1363655
poi-50-1	2	0.67	25	3	108	1291	1.78968	432	0.1418397
poi-50-1	2	0.67	25	3	217	2204	3.6690796	782	0.4206384
poi-50-1	2	1	12	1	108	1074	0.6586724	98	0.011036
poi-50-1	2	1	12	1	217	2212	3.4248675	5732	1.8019804
poi-50-1	2	1	12	2	108	1074	0.6427104	143	0.0159941
poi-50-1	2	1	12	2	217	2234	1.8974278	1342	0.3618341
poi-50-1	2	1	12	3	108	1074	0.6518127	196	0.0241642
poi-50-1	2	1	12	3	217	2234	2.3276318	2717	0.7915527
poi-50-1	2	1	25	1	108	1335	0.8260765	531	0.0778609
poi-50-1	2	1	25	1	217	2431	2.7781605	2852	0.967696
poi-50-1	2	1	25	2	108	1549	0.9575847	1841	0.2530267
poi-50-1	2	1	25	2	217	2431	1.5339982	16	0.0031014
poi-50-1	2	1	25	3	108	1617	0.9991712	1980	0.2811693
poi-50-1	2	1	25	3	217	2431	1.4645787	13	0.0026022
poi-50-1	2	1.34	12	1	108	1249	0.7028427	314	0.0387839
poi-50-1	2	1.34	12	1	217	2568	1.8585749	966	0.2748996
poi-50-1	2	1.34	12	2	108	1270	0.6727367	336	0.039828
poi-50-1	2	1.34	12	2	217	2639	2.0188508	1919	0.5305281
poi-50-1	2	1.34	12	3	108	1277	0.825936	1477	0.1901671
poi-50-1	2	1.34	12	3	217	2656	3.7533581	7821	2.2571043
poi-50-1	2	1.34	25	1	108	1585	1.0491346	2001	0.2946746
poi-50-1	2	1.34	25	1	217	2907	1.8704421	197	0.0522115
poi-50-1	2	1.34	25	2	108	1910	0.8934613	1322	0.1859834
poi-50-1	2	1.34	25	2	217	3040	1.7973797	916	0.2478211
poi-50-1	2	1.34	25	3	108	1992	0.7180827	10	0.0017353
poi-50-1	2	1.34	25	3	217	3057	1.8830481	1251	0.3508755
poi-50-2	1	0.67	12	1	112	1443	1.0287918	247	0.0388309
poi-50-2	1	0.67	12	1	225	2071	1.8117474	787	0.2221048
poi-50-2	1	0.67	12	2	112	1459	1.166258	293	0.0534849
poi-50-2	1	0.67	12	2	225	2076	2.5991558	2993	0.9466878
poi-50-2	1	0.67	12	3	112	1479	1.1785488	97	0.0143496
poi-50-2	1	0.67	12	3	225	2115	1.8238767	545	0.1468191
poi-50-2	1	0.67	24	1	112	1479	1.590306	718	0.1957138
poi-50-2	1	0.67	24	1	225	2101	3.2962082	1230	0.6243831
poi-50-2	1	0.67	24	2	112	1517	2.1508802	1142	0.3754902
poi-50-2	1	0.67	24	2	225	2163	3.5120092	399	0.2143699
poi-50-2	1	0.67	24	3	112	1534	2.3891282	786	0.299576
poi-50-2	1	0.67	24	3	225	2172	5.9290894	2946	2.1660502
poi-50-2	1	1	12	1	112	1529	1.4928703	2635	0.5151457
poi-50-2	1	1	12	1	225	2141	2.4988791	889	0.338321
poi-50-2	1	1	12	2	112	1529	0.8457694	144	0.0212042
poi-50-2	1	1	12	2	225	2182	2.8133632	2693	0.9222601
poi-50-2	1	1	12	3	112	1564	0.8276434	206	0.030634
poi-50-2	1	1	12	3	225	2172	1.9985537	607	0.165013
poi-50-2	1	1	24	1	112	1529	1.195035	188	0.0392689
poi-50-2	1	1	24	1	225	2178	4.756328	5098	2.3459983
poi-50-2	1	1	24	2	112	1624	1.5968703	3156	0.6093688
poi-50-2	1	1	24	2	225	2269	4.8081781	8250	2.9730984
poi-50-2	1	1	24	3	112	1665	1.2901745	1486	0.2978439
poi-50-2	1	1	24	3	225	2329	3.5302279	5381	1.799693
poi-50-2	1	1.34	12	1	112	1783	1.0134508	204	0.031904
poi-50-2	1	1.34	12	1	225	2492	2.7174417	1552	0.6019032
poi-50-2	1	1.34	12	2	112	1852	0.9107232	458	0.069847
poi-50-2	1	1.34	12	2	225	2571	1.8338885	193	0.0343827
poi-50-2	1	1.34	12	3	112	1887	0.8944419	734	0.1127248
poi-50-2	1	1.34	12	3	225	2565	1.9830166	510	0.1514604
poi-50-2	1	1.34	24	1	112	1800	1.8149753	2716	0.631479
poi-50-2	1	1.34	24	1	225	2531	4.5517024	4474	2.1323859
poi-50-2	1	1.34	24	2	112	1984	1.040101	246	0.0479656
poi-50-2	1	1.34	24	2	225	2714	2.2392877	1159	0.3749053
poi-50-2	1	1.34	24	3	112	2065	1.3688675	1842	0.3721114
poi-50-2	1	1.34	24	3	225	2808	2.3801069	1936	0.6586272
poi-50-2	2	0.67	12	1	112	1460	1.4857001	2487	0.4857475
poi-50-2	2	0.67	12	1	225	2121	1.6956689	680	0.1699687
poi-50-2	2	0.67	12	2	112	1480	1.089019	89	0.0142084
poi-50-2	2	0.67	12	2	225	2093	1.5676333	59	0.0099698
poi-50-2	2	0.67	12	3	112	1479	1.1155388	65	0.0104224
poi-50-2	2	0.67	12	3	225	2094	1.5974423	79	0.0127509
poi-50-2	2	0.67	24	1	112	1623	1.8846856	349	0.1032768
poi-50-2	2	0.67	24	1	225	2226	2.5707042	143	0.0415454
poi-50-2	2	0.67	24	2	112	1670	3.8861422	3978	1.7061374
poi-50-2	2	0.67	24	2	225	2227	3.5917779	1457	0.722372
poi-50-2	2	0.67	24	3	112	1694	3.6761711	2776	1.26903
poi-50-2	2	0.67	24	3	225	2224	4.2764703	1879	1.1318571
poi-50-2	2	1	12	1	112	1584	1.0265836	506	0.0830256
poi-50-2	2	1	12	1	225	2255	3.5831511	3718	1.4755373
poi-50-2	2	1	12	2	112	1629	1.260282	2644	0.4355446
poi-50-2	2	1	12	2	225	2255	1.9209188	20	0.0034669
poi-50-2	2	1	12	3	112	1624	0.8326172	416	0.055733
poi-50-2	2	1	12	3	225	2255	1.9398888	211	0.0557281
poi-50-2	2	1	24	1	112	1792	2.0002521	4212	0.9162606
poi-50-2	2	1	24	1	225	2342	2.1935209	194	0.0469675
poi-50-2	2	1	24	2	112	2000	2.8835387	10315	1.9386229
poi-50-2	2	1	24	2	225	2390	1.9663254	802	0.2419236
poi-50-2	2	1	24	3	112	2019	1.0406281	600	0.1071146
poi-50-2	2	1	24	3	225	2390	1.6609624	46	0.0103078
poi-50-2	2	1.34	12	1	112	1855	1.0229263	824	0.1231025
poi-50-2	2	1.34	12	1	225	2528	2.0936984	312	0.1019486
poi-50-2	2	1.34	12	2	112	1940	0.9757294	791	0.1223844
poi-50-2	2	1.34	12	2	225	2685	3.2921071	3964	1.4355468
poi-50-2	2	1.34	12	3	112	1971	1.4747769	3922	0.6637203
poi-50-2	2	1.34	12	3	225	2707	1.9113922	8	0.0017478
poi-50-2	2	1.34	24	1	112	2108	2.4822541	6365	1.3824012
poi-50-2	2	1.34	24	1	225	2735	2.7294783	1912	0.7285927
poi-50-2	2	1.34	24	2	112	2405	1.1496655	1109	0.1978321
poi-50-2	2	1.34	24	2	225	2902	2.9949142	3630	1.2153698
poi-50-2	2	1.34	24	3	112	2473	0.9665104	162	0.0281273
poi-50-2	2	1.34	24	3	225	2946	1.8703662	512	0.130376
poi-50-3	1	0.67	13	1	109	1070	0.9255011	469	0.0642233
poi-50-3	1	0.67	13	1	218	1996	2.3019727	2249	0.6842339
poi-50-3	1	0.67	13	2	109	1095	1.6164372	3929	0.7048429
poi-50-3	1	0.67	13	2	218	1951	3.8525181	6287	2.1276173
poi-50-3	1	0.67	13	3	109	1095	1.1749205	1301	0.2321213
poi-50-3	1	0.67	13	3	218	1975	3.3383718	4540	1.582222
poi-50-3	1	0.67	26	1	109	1109	1.7237266	2468	0.5564613
poi-50-3	1	0.67	26	1	218	2039	2.9717548	929	0.4051382
poi-50-3	1	0.67	26	2	109	1156	1.6380847	594	0.1569079
poi-50-3	1	0.67	26	2	218	2090	7.7834062	7286	4.5872354
poi-50-3	1	0.67	26	3	109	1196	2.3938004	1987	0.6744674
poi-50-3	1	0.67	26	3	218	2082	3.7081138	65	0.0267743
poi-50-3	1	1	13	1	109	1088	0.8494074	88	0.0136192
poi-50-3	1	1	13	1	218	2087	1.9303429	147	0.0320174
poi-50-3	1	1	13	2	109	1151	1.7113931	6487	0.9622566
poi-50-3	1	1	13	2	218	2076	1.9563805	1254	0.3409613
poi-50-3	1	1	13	3	109	1111	1.0653434	2397	0.3475183
poi-50-3	1	1	13	3	218	2093	3.0162668	4983	1.4770455
poi-50-3	1	1	26	1	109	1179	2.8643595	9291	1.8578659
poi-50-3	1	1	26	1	218	2149	2.4152732	169	0.0548153
poi-50-3	1	1	26	2	109	1240	1.4905855	3468	0.6119728
poi-50-3	1	1	26	2	218	2239	2.1964326	1390	0.4494589
poi-50-3	1	1	26	3	109	1321	1.9369126	5866	1.0472372
poi-50-3	1	1	26	3	218	2297	1.8067514	733	0.2213324
poi-50-3	1	1.34	13	1	109	1279	1.3975209	3195	0.535131
poi-50-3	1	1.34	13	1	218	2308	2.6918755	2026	0.7574335
poi-50-3	1	1.34	13	2	109	1306	0.7713434	144	0.0203304
poi-50-3	1	1.34	13	2	218	2443	3.4096539	5769	1.7971438
poi-50-3	1	1.34	13	3	109	1326	0.835851	692	0.1016211
poi-50-3	1	1.34	13	3	218	2493	1.705801	590	0.1623514
poi-50-3	1	1.34	26	1	109	1291	2.02856	4812	0.9897731
poi-50-3	1	1.34	26	1	218	2336	2.5715764	395	0.149505
poi-50-3	1	1.34	26	2	109	1446	1.8221091	5057	0.9093164
poi-50-3	1	1.34	26	2	218	2689	4.7065255	8376	2.9502884
poi-50-3	1	1.34	26	3	109	1633	2.2194809	7115	1.3048643
poi-50-3	1	1.34	26	3	218	2863	2.1856616	1910	0.5724967
poi-50-3	2	0.67	13	1	109	1095	1.0146509	923	0.1472315
poi-50-3	2	0.67	13	1	218	2019	2.4322358	2806	0.8446518
poi-50-3	2	0.67	13	2	109	1120	1.0284547	687	0.1135378
poi-50-3	2	0.67	13	2	218	2076	3.1753721	4611	1.4835714
poi-50-3	2	0.67	13	3	109	1164	1.4239721	2783	0.4992895
poi-50-3	2	0.67	13	3	218	2038	2.1794363	1221	0.3993427
poi-50-3	2	0.67	26	1	109	1197	1.4440936	86	0.01932
poi-50-3	2	0.67	26	1	218	2155	4.8449537	3782	2.0652863
poi-50-3	2	0.67	26	2	109	1329	2.1607371	719	0.2603709
poi-50-3	2	0.67	26	2	218	2209	5.2507506	3373	2.0579075
poi-50-3	2	0.67	26	3	109	1472	3.9232314	3938	1.7003905
poi-50-3	2	0.67	26	3	218	2196	3.4656848	94	0.0438406
poi-50-3	2	1	13	1	109	1151	0.8662237	394	0.0591072
poi-50-3	2	1	13	1	218	2173	3.8137854	5924	2.0411001
poi-50-3	2	1	13	2	109	1294	1.6323444	6051	0.8863844
poi-50-3	2	1	13	2	218	2203	1.8778604	1026	0.2796155
poi-50-3	2	1	13	3	109	1299	1.4322126	4632	0.6862592
poi-50-3	2	1	13	3	218	2232	2.7432731	3887	1.1859486
poi-50-3	2	1	26	1	109	1359	1.2804379	1751	0.3307809
poi-50-3	2	1	26	1	218	2410	2.5533679	1829	0.653901
poi-50-3	2	1	26	2	109	1671	1.7069389	4965	0.846708
poi-50-3	2	1	26	2	218	2449	1.6554922	350	0.0724423
poi-50-3	2	1	26	3	109	1886	1.4648067	3553	0.6078198
poi-50-3	2	1	26	3	218	2449	1.5245337	8	0.0018514
poi-50-3	2	1.34	13	1	109	1383	0.8216915	91	0.0121541
poi-50-3	2	1.34	13	1	218	2544	4.1917019	7032	2.4214734
poi-50-3	2	1.34	13	2	109	1569	1.0480767	2070	0.2979182
poi-50-3	2	1.34	13	2	218	2605	2.0010474	1434	0.4360568
poi-50-3	2	1.34	13	3	109	1656	1.4257564	5017	0.7143961
poi-50-3	2	1.34	13	3	218	2645	1.7505822	579	0.1609016
poi-50-3	2	1.34	26	1	109	1658	3.6950333	14361	2.7332778
poi-50-3	2	1.34	26	1	218	2849	2.3752315	1198	0.4244482
poi-50-3	2	1.34	26	2	109	2103	0.8864919	100	0.0180926
poi-50-3	2	1.34	26	2	218	3038	4.4028192	8606	2.7578691
poi-50-3	2	1.34	26	3	109	2322	1.2318529	2110	0.3633158
poi-50-3	2	1.34	26	3	218	3085	2.3257465	2387	0.7246832
poi-50-4	1	0.67	13	1	108	805	0.5634073	14	0.0013169
poi-50-4	1	0.67	13	1	216	1681	1.5924414	357	0.0694755
poi-50-4	1	0.67	13	2	108	815	0.6000113	38	0.0037834
poi-50-4	1	0.67	13	2	216	1728	4.7423036	9983	3.1323764
poi-50-4	1	0.67	13	3	108	815	0.5925656	28	0.0056466
poi-50-4	1	0.67	13	3	216	1738	5.4712256	11584	3.8236119
poi-50-4	1	0.67	27	1	108	857	1.0049692	1269	0.1957259
poi-50-4	1	0.67	27	1	216	1829	3.721517	2786	1.2855715
poi-50-4	1	0.67	27	2	108	889	2.0461934	4694	0.9798199
poi-50-4	1	0.67	27	2	216	1926	3.3108644	362	0.1969908
poi-50-4	1	0.67	27	3	108	912	1.4363096	860	0.2006977
poi-50-4	1	0.67	27	3	216	1998	3.7230828	200	0.0806332
poi-50-4	1	1	13	1	108	838	0.5819125	148	0.0165178
poi-50-4	1	1	13	1	216	1748	3.9010447	7103	2.2816395
poi-50-4	1	1	13	2	108	838	0.5765783	0	0
poi-50-4	1	1	13	2	216	1838	1.9667915	1687	0.4774344
poi-50-4	1	1	13	3	108	866	0.6274279	293	0.0344485
poi-50-4	1	1	13	3	216	1829	1.7406618	1007	0.2686502
poi-50-4	1	1	27	1	108	905	0.7906999	657	0.0929013
poi-50-4	1	1	27	1	216	1905	2.7452181	2451	0.8825992
poi-50-4	1	1	27	2	108	1037	0.8188086	912	0.1252094
poi-50-4	1	1	27	2	216	2164	3.5668731	7055	2.0690998
poi-50-4	1	1	27	3	108	1079	1.7821663	6941	1.0330867
poi-50-4	1	1	27	3	216	2232	1.4259878	71	0.0177912
poi-50-4	1	1.34	13	1	108	965	0.6116586	318	0.0373833
poi-50-4	1	1.34	13	1	216	1947	2.6483784	3066	0.9695736
poi-50-4	1	1.34	13	2	108	995	0.6683625	680	0.0805576
poi-50-4	1	1.34	13	2	216	2108	3.6189819	7048	2.1009406
poi-50-4	1	1.34	13	3	108	1008	0.9785082	3072	0.3738755
poi-50-4	1	1.34	13	3	216	2132	2.3923994	3198	0.9001522
poi-50-4	1	1.34	27	1	108	1060	2.5361431	12235	1.8019522
poi-50-4	1	1.34	27	1	216	2202	2.5301546	1547	0.5915918
poi-50-4	1	1.34	27	2	108	1235	1.5011828	5560	0.7923318
poi-50-4	1	1.34	27	2	216	2517	1.8787925	1232	0.3397316
poi-50-4	1	1.34	27	3	108	1353	1.9290929	7670	1.1674519
poi-50-4	1	1.34	27	3	216	2838	3.5364703	7515	2.101492
poi-50-4	2	0.67	13	1	108	823	0.5775519	0	0
poi-50-4	2	0.67	13	1	216	1751	4.3513451	10209	2.9154864
poi-50-4	2	0.67	13	2	108	823	0.5999771	0	0
poi-50-4	2	0.67	13	2	216	1792	3.542064	7181	2.0646494
poi-50-4	2	0.67	13	3	108	823	0.6101562	0	0
poi-50-4	2	0.67	13	3	216	1810	1.7537841	972	0.2501266
poi-50-4	2	0.67	27	1	108	944	2.2162656	5653	1.1695106
poi-50-4	2	0.67	27	1	216	2028	4.0418695	2917	1.4385415
poi-50-4	2	0.67	27	2	108	1063	3.6363238	7739	2.2022278
poi-50-4	2	0.67	27	2	216	2109	4.333804	2218	1.2666678
poi-50-4	2	0.67	27	3	108	1090	1.7780083	586	0.1820805
poi-50-4	2	0.67	27	3	216	2135	5.49604	3430	2.158215
poi-50-4	2	1	13	1	108	889	0.7377759	1338	0.1567416
poi-50-4	2	1	13	1	216	1923	4.3425457	8847	2.7376729
poi-50-4	2	1	13	2	108	912	0.6370823	676	0.0765462
poi-50-4	2	1	13	2	216	1967	3.1321501	5620	1.6309953
poi-50-4	2	1	13	3	108	909	0.7180854	1415	0.1595615
poi-50-4	2	1	13	3	216	2001	3.4159875	6395	1.9049775
poi-50-4	2	1	27	1	108	1133	1.3967852	5055	0.7030883
poi-50-4	2	1	27	1	216	2286	1.6721256	161	0.0399008
poi-50-4	2	1	27	2	108	1358	0.8977936	1635	0.2201174
poi-50-4	2	1	27	2	216	2408	1.7578026	1143	0.3045637
poi-50-4	2	1	27	3	108	1470	0.9614259	1772	0.2527897
poi-50-4	2	1	27	3	216	2408	1.4839891	311	0.0741845
poi-50-4	2	1.34	13	1	108	1038	1.1627528	5003	0.5870782
poi-50-4	2	1.34	13	1	216	2193	2.6453978	3369	1.0501623
poi-50-4	2	1.34	13	2	108	1068	1.4301021	7441	0.8602933
poi-50-4	2	1.34	13	2	216	2341	2.7615146	4327	1.2649874
poi-50-4	2	1.34	13	3	108	1074	1.2793898	6256	0.7226823
poi-50-4	2	1.34	13	3	216	2307	2.5077308	3258	0.9720834
poi-50-4	2	1.34	27	1	108	1309	1.9845731	9263	1.2842521
poi-50-4	2	1.34	27	1	216	2715	1.9362454	943	0.2895098
poi-50-4	2	1.34	27	2	108	1687	1.3492522	4839	0.6610447
poi-50-4	2	1.34	27	2	216	2959	4.2809631	9465	2.7844523
poi-50-4	2	1.34	27	3	108	1859	0.8002555	524	0.0768955
poi-50-4	2	1.34	27	3	216	3011	2.0862343	2191	0.6115009
poi-50-5	1	0.67	11	1	111	1255	1.0308899	548	0.0898076
poi-50-5	1	0.67	11	1	222	2087	2.4427499	2867	0.8476843
poi-50-5	1	0.67	11	2	111	1235	1.3452966	1820	0.3488477
poi-50-5	1	0.67	11	2	222	2091	2.4481697	2176	0.723279
poi-50-5	1	0.67	11	3	111	1255	1.0267315	221	0.0385749
poi-50-5	1	0.67	11	3	222	2069	3.2080075	4508	1.4849812
poi-50-5	1	0.67	23	1	111	1348	2.7094719	3437	1.0851243
poi-50-5	1	0.67	23	1	222	2150	2.8428983	254	0.0868973
poi-50-5	1	0.67	23	2	111	1378	2.0884601	66	0.017689
poi-50-5	1	0.67	23	2	222	2152	3.5458699	142	0.0509101
poi-50-5	1	0.67	23	3	111	1384	2.6934762	448	0.2060902
poi-50-5	1	0.67	23	3	222	2146	4.0442459	294	0.1598854
poi-50-5	1	1	11	1	111	1344	1.1651115	1971	0.3221272
poi-50-5	1	1	11	1	222	2109	3.3257798	3342	1.3022124
poi-50-5	1	1	11	2	111	1331	1.0033237	1528	0.2326103
poi-50-5	1	1	11	2	222	2122	1.7358363	105	0.0212348
poi-50-5	1	1	11	3	111	1335	1.1181366	2415	0.3593315
poi-50-5	1	1	11	3	222	2167	1.9600961	910	0.2815093
poi-50-5	1	1	23	1	111	1373	2.0179639	3681	0.8465691
poi-50-5	1	1	23	1	222	2153	2.63549	708	0.2542917
poi-50-5	1	1	23	2	111	1503	1.7028704	3746	0.7273921
poi-50-5	1	1	23	2	222	2336	1.9400621	478	0.1371728
poi-50-5	1	1	23	3	111	1559	1.1645081	1012	0.1961463
poi-50-5	1	1	23	3	222	2440	1.8381719	601	0.160506
poi-50-5	1	1.34	11	1	111	1519	1.3408877	2888	0.4828891
poi-50-5	1	1.34	11	1	222	2434	2.0761335	515	0.1503006
poi-50-5	1	1.34	11	2	111	1578	0.9590343	1184	0.1794043
poi-50-5	1	1.34	11	2	222	2516	1.8757145	618	0.1767608
poi-50-5	1	1.34	11	3	111	1611	1.8959771	7419	1.1304481
poi-50-5	1	1.34	11	3	222	2519	1.8338896	715	0.184308
poi-50-5	1	1.34	23	1	111	1572	2.061248	3663	0.8777459
poi-50-5	1	1.34	23	1	222	2522	3.1513901	1754	0.7413133
poi-50-5	1	1.34	23	2	111	1783	2.174924	6081	1.1882119
poi-50-5	1	1.34	23	2	222	2779	1.8653047	219	0.0537602
poi-50-5	1	1.34	23	3	111	1935	1.7826078	4134	0.8063129
poi-50-5	1	1.34	23	3	222	3005	1.8704025	719	0.1926862
poi-50-5	2	0.67	11	1	111	1356	0.9381524	15	0.0021582
poi-50-5	2	0.67	11	1	222	2116	2.2181706	2000	0.609447
poi-50-5	2	0.67	11	2	111	1356	0.9556124	9	0.0016043
poi-50-5	2	0.67	11	2	222	2116	1.7661218	498	0.1324656
poi-50-5	2	0.67	11	3	111	1356	0.9831414	5	0.0008739
poi-50-5	2	0.67	11	3	222	2114	2.4522827	2581	0.8159429
poi-50-5	2	0.67	23	1	111	1501	4.5920703	7307	2.7251308
poi-50-5	2	0.67	23	1	222	2202	3.1849464	821	0.3746291
poi-50-5	2	0.67	23	2	111	1571	3.775585	3153	1.4555715
poi-50-5	2	0.67	23	2	222	2211	3.3355455	335	0.1542213
poi-50-5	2	0.67	23	3	111	1588	3.3277126	1531	0.7515534
poi-50-5	2	0.67	23	3	222	2224	3.6265008	405	0.2005164
poi-50-5	2	1	11	1	111	1480	1.1455897	2148	0.3397216
poi-50-5	2	1	11	1	222	2227	3.6855752	4964	1.8004348
poi-50-5	2	1	11	2	111	1465	0.8709649	832	0.1214691
poi-50-5	2	1	11	2	222	2261	3.1978781	4517	1.4873581
poi-50-5	2	1	11	3	111	1486	0.8759864	1053	0.1462401
poi-50-5	2	1	11	3	222	2247	2.1948104	1502	0.4935258
poi-50-5	2	1	23	1	111	1695	1.7200254	3294	0.67077
poi-50-5	2	1	23	1	222	2440	2.0051906	238	0.0563192
poi-50-5	2	1	23	2	111	1874	1.5980067	3546	0.6551187
poi-50-5	2	1	23	2	222	2467	1.6902808	226	0.0522232
poi-50-5	2	1	23	3	111	1911	0.9226275	111	0.0228094
poi-50-5	2	1	23	3	222	2467	1.60225	85	0.0159207
poi-50-5	2	1.34	11	1	111	1688	0.8119283	48	0.0065133
poi-50-5	2	1.34	11	1	222	2483	2.0835469	732	0.2405433
poi-50-5	2	1.34	11	2	111	1719	2.0256878	8806	1.2949954
poi-50-5	2	1.34	11	2	222	2553	4.0275991	7083	2.3545956
poi-50-5	2	1.34	11	3	111	1729	1.036229	2174	0.3075374
poi-50-5	2	1.34	11	3	222	2591	2.1931507	1810	0.5462162
poi-50-5	2	1.34	23	1	111	1995	1.6953636	3142	0.6449583
poi-50-5	2	1.34	23	1	222	2901	2.300383	1127	0.3333387
poi-50-5	2	1.34	23	2	111	2274	2.130368	6359	1.1888802
poi-50-5	2	1.34	23	2	222	3051	2.2092555	1749	0.5227066
poi-50-5	2	1.34	23	3	111	2380	1.5932673	3762	0.6863553
poi-50-5	2	1.34	23	3	222	3107	1.6622876	123	0.0272108
AverageObj: 1019.47, IterToBest: 1323.31, TimeToBest: 0.23
