InstanceName	alpha	beta	L	m	Tmax	ObjValue	CpuTime	IterToBest	TimeToBest
poi-10-1	1	0.67	15	1	59	201	0.023278	0	0
poi-10-1	1	0.67	15	1	118	295	0.0395229	0	0
poi-10-1	1	0.67	15	2	59	201	0.0235336	0	0
poi-10-1	1	0.67	15	2	118	295	0.0406934	0	0
poi-10-1	1	0.67	15	3	59	201	0.0243204	0	0
poi-10-1	1	0.67	15	3	118	295	0.0414283	0	0
poi-10-1	1	0.67	30	1	59	201	0.0249648	0	0
poi-10-1	1	0.67	30	1	118	295	0.0521669	0	0
poi-10-1	1	0.67	30	2	59	201	0.0260804	0	0
poi-10-1	1	0.67	30	2	118	295	0.0550803	0	0
poi-10-1	1	0.67	30	3	59	201	0.0268752	0	0
poi-10-1	1	0.67	30	3	118	295	0.057816	0	0
poi-10-1	1	1	15	1	59	201	0.0319629	0	0
poi-10-1	1	1	15	1	118	295	0.0671537	0	0
poi-10-1	1	1	15	2	59	201	0.0335033	0	0
poi-10-1	1	1	15	2	118	295	0.0687496	0	0
poi-10-1	1	1	15	3	59	201	0.0346921	0	0
poi-10-1	1	1	15	3	118	295	0.0704608	0	0
poi-10-1	1	1	30	1	59	201	0.0353994	0	0
poi-10-1	1	1	30	1	118	295	0.07007	0	0
poi-10-1	1	1	30	2	59	201	0.0388454	0	0
poi-10-1	1	1	30	2	118	295	0.0765005	0	0
poi-10-1	1	1	30	3	59	201	0.0424845	0	0
poi-10-1	1	1	30	3	118	295	0.0824297	0	0
poi-10-1	1	1.33	15	1	59	233	0.0305717	0	0
poi-10-1	1	1.33	15	1	118	327	0.0622676	0	0
poi-10-1	1	1.33	15	2	59	233	0.0314522	0	0
poi-10-1	1	1.33	15	2	118	327	0.0638691	0	0
poi-10-1	1	1.33	15	3	59	233	0.0326334	0	0
poi-10-1	1	1.33	15	3	118	327	0.0653243	0	0
poi-10-1	1	1.33	30	1	59	233	0.0348894	0	0
poi-10-1	1	1.33	30	1	118	347	0.0647138	6	8.93E-05
poi-10-1	1	1.33	30	2	59	233	0.0384137	0	0
poi-10-1	1	1.33	30	2	118	347	0.0693936	8	0.0001224
poi-10-1	1	1.33	30	3	59	233	0.0418365	0	0
poi-10-1	1	1.33	30	3	118	347	0.0746514	3	4.99E-05
poi-10-1	2	0.67	15	1	59	201	0.0231054	0	0
poi-10-1	2	0.67	15	1	118	295	0.0393477	0	0
poi-10-1	2	0.67	15	2	59	201	0.0235693	0	0
poi-10-1	2	0.67	15	2	118	295	0.040528	0	0
poi-10-1	2	0.67	15	3	59	201	0.0243306	0	0
poi-10-1	2	0.67	15	3	118	295	0.0414883	0	0
poi-10-1	2	0.67	30	1	59	201	0.0249792	0	0
poi-10-1	2	0.67	30	1	118	295	0.0522425	0	0
poi-10-1	2	0.67	30	2	59	201	0.0259046	0	0
poi-10-1	2	0.67	30	2	118	295	0.0549857	0	0
poi-10-1	2	0.67	30	3	59	201	0.0268569	0	0
poi-10-1	2	0.67	30	3	118	295	0.0580206	0	0
poi-10-1	2	1	15	1	59	201	0.0304964	0	0
poi-10-1	2	1	15	1	118	295	0.067287	0	0
poi-10-1	2	1	15	2	59	201	0.0319178	0	0
poi-10-1	2	1	15	2	118	295	0.0690442	0	0
poi-10-1	2	1	15	3	59	201	0.0330534	0	0
poi-10-1	2	1	15	3	118	295	0.0709956	0	0
poi-10-1	2	1	30	1	59	201	0.0352676	0	0
poi-10-1	2	1	30	1	118	295	0.0700157	0	0
poi-10-1	2	1	30	2	59	201	0.0389095	0	0
poi-10-1	2	1	30	2	118	295	0.0763742	0	0
poi-10-1	2	1	30	3	59	201	0.0423266	0	0
poi-10-1	2	1	30	3	118	295	0.082128	0	0
poi-10-1	2	1.33	15	1	59	233	0.0303413	0	0
poi-10-1	2	1.33	15	1	118	327	0.0627317	0	0
poi-10-1	2	1.33	15	2	59	233	0.0313201	0	0
poi-10-1	2	1.33	15	2	118	327	0.06447	0	0
poi-10-1	2	1.33	15	3	59	233	0.032969	0	0
poi-10-1	2	1.33	15	3	118	327	0.0653579	0	0
poi-10-1	2	1.33	30	1	59	233	0.0346348	0	0
poi-10-1	2	1.33	30	1	118	347	0.0650065	3	4.43E-05
poi-10-1	2	1.33	30	2	59	233	0.038493	0	0
poi-10-1	2	1.33	30	2	118	347	0.069503	2	3.21E-05
poi-10-1	2	1.33	30	3	59	233	0.0415076	0	0
poi-10-1	2	1.33	30	3	118	347	0.074183	1	1.98E-05
poi-10-2	1	0.67	13	1	58	76	0.0225419	0	0
poi-10-2	1	0.67	13	1	116	296	0.036081	6	4.8E-05
poi-10-2	1	0.67	13	2	58	76	0.0230948	0	0
poi-10-2	1	0.67	13	2	116	296	0.0365764	14	0.0001021
poi-10-2	1	0.67	13	3	58	76	0.0235535	0	0
poi-10-2	1	0.67	13	3	116	296	0.0369893	1	8.5E-06
poi-10-2	1	0.67	27	1	58	76	0.0275726	0	0
poi-10-2	1	0.67	27	1	116	296	0.0474562	6	4.98E-05
poi-10-2	1	0.67	27	2	58	76	0.0287647	0	0
poi-10-2	1	0.67	27	2	116	296	0.0503544	27	0.0002693
poi-10-2	1	0.67	27	3	58	76	0.0297501	0	0
poi-10-2	1	0.67	27	3	116	296	0.0520331	5	5.9E-05
poi-10-2	1	1	13	1	58	76	0.0224204	0	0
poi-10-2	1	1	13	1	116	296	0.0603129	11	0.0001347
poi-10-2	1	1	13	2	58	76	0.0229314	0	0
poi-10-2	1	1	13	2	116	296	0.0613912	14	0.0001663
poi-10-2	1	1	13	3	58	76	0.0236056	0	0
poi-10-2	1	1	13	3	116	296	0.0621916	7	8.7E-05
poi-10-2	1	1	27	1	58	76	0.0274776	0	0
poi-10-2	1	1	27	1	116	296	0.0718681	3	5.33E-05
poi-10-2	1	1	27	2	58	76	0.028638	0	0
poi-10-2	1	1	27	2	116	296	0.0801989	1	2.15E-05
poi-10-2	1	1	27	3	58	76	0.0296331	0	0
poi-10-2	1	1	27	3	116	296	0.0846735	1	2.34E-05
poi-10-2	1	1.33	13	1	58	76	0.0223749	0	0
poi-10-2	1	1.33	13	1	116	313	0.0601418	6	7.33E-05
poi-10-2	1	1.33	13	2	58	76	0.0229954	0	0
poi-10-2	1	1.33	13	2	116	313	0.0613019	5	6.17E-05
poi-10-2	1	1.33	13	3	58	76	0.0235614	0	0
poi-10-2	1	1.33	13	3	116	313	0.0625377	19	0.0002399
poi-10-2	1	1.33	27	1	58	76	0.0273054	0	0
poi-10-2	1	1.33	27	1	116	343	0.0725936	6	0.0001003
poi-10-2	1	1.33	27	2	58	76	0.0284831	0	0
poi-10-2	1	1.33	27	2	116	345	0.0829232	8	0.0001462
poi-10-2	1	1.33	27	3	58	76	0.0296219	0	0
poi-10-2	1	1.33	27	3	116	345	0.0869973	5	0.0001024
poi-10-2	2	0.67	13	1	58	76	0.0225003	0	0
poi-10-2	2	0.67	13	1	116	296	0.0360214	6	0.0001102
poi-10-2	2	0.67	13	2	58	76	0.0229322	0	0
poi-10-2	2	0.67	13	2	116	296	0.0364996	5	3.85E-05
poi-10-2	2	0.67	13	3	58	76	0.0236213	0	0
poi-10-2	2	0.67	13	3	116	296	0.0373425	6	4.62E-05
poi-10-2	2	0.67	27	1	58	76	0.0274382	0	0
poi-10-2	2	0.67	27	1	116	296	0.0476214	4	5.69E-05
poi-10-2	2	0.67	27	2	58	76	0.0286914	0	0
poi-10-2	2	0.67	27	2	116	296	0.0503653	4	6.5E-05
poi-10-2	2	0.67	27	3	58	76	0.0299331	0	0
poi-10-2	2	0.67	27	3	116	296	0.0526063	17	0.0001903
poi-10-2	2	1	13	1	58	76	0.0225564	0	0
poi-10-2	2	1	13	1	116	296	0.0602208	2	3.28E-05
poi-10-2	2	1	13	2	58	76	0.0231625	0	0
poi-10-2	2	1	13	2	116	296	0.0613321	7	8.57E-05
poi-10-2	2	1	13	3	58	76	0.0236139	0	0
poi-10-2	2	1	13	3	116	296	0.0626825	4	5.62E-05
poi-10-2	2	1	27	1	58	76	0.027486	0	0
poi-10-2	2	1	27	1	116	296	0.0675724	13	0.0001896
poi-10-2	2	1	27	2	58	76	0.0285781	0	0
poi-10-2	2	1	27	2	116	296	0.0748765	3	6.07E-05
poi-10-2	2	1	27	3	58	76	0.0300293	0	0
poi-10-2	2	1	27	3	116	296	0.07882	4	7.44E-05
poi-10-2	2	1.33	13	1	58	76	0.0225795	0	0
poi-10-2	2	1.33	13	1	116	313	0.0604315	7	9E-05
poi-10-2	2	1.33	13	2	58	76	0.0232555	0	0
poi-10-2	2	1.33	13	2	116	313	0.0613448	2	3.62E-05
poi-10-2	2	1.33	13	3	58	76	0.0235863	0	0
poi-10-2	2	1.33	13	3	116	313	0.0628862	5	6.67E-05
poi-10-2	2	1.33	27	1	58	76	0.0273807	0	0
poi-10-2	2	1.33	27	1	116	355	0.0706327	1	2.26E-05
poi-10-2	2	1.33	27	2	58	76	0.0288048	0	0
poi-10-2	2	1.33	27	2	116	355	0.0800111	2	4.08E-05
poi-10-2	2	1.33	27	3	58	76	0.0298364	0	0
poi-10-2	2	1.33	27	3	116	355	0.0831409	1	2.11E-05
poi-10-3	1	0.67	14	1	59	0	0.021274	0	0
poi-10-3	1	0.67	14	1	119	243	0.0398111	0	0
poi-10-3	1	0.67	14	2	59	0	0.0222113	0	0
poi-10-3	1	0.67	14	2	119	243	0.0425174	0	0
poi-10-3	1	0.67	14	3	59	0	0.0230622	0	0
poi-10-3	1	0.67	14	3	119	243	0.0437446	0	0
poi-10-3	1	0.67	28	1	59	0	0.0221166	0	0
poi-10-3	1	0.67	28	1	119	243	0.0485275	0	0
poi-10-3	1	0.67	28	2	59	0	0.022832	0	0
poi-10-3	1	0.67	28	2	119	243	0.0577454	0	0
poi-10-3	1	0.67	28	3	59	0	0.0238693	0	0
poi-10-3	1	0.67	28	3	119	243	0.0634563	0	0
poi-10-3	1	1	14	1	59	0	0.021412	0	0
poi-10-3	1	1	14	1	119	243	0.0634279	0	0
poi-10-3	1	1	14	2	59	0	0.0222486	0	0
poi-10-3	1	1	14	2	119	243	0.0728135	0	0
poi-10-3	1	1	14	3	59	0	0.0230493	0	0
poi-10-3	1	1	14	3	119	243	0.077485	0	0
poi-10-3	1	1	28	1	59	0	0.0220238	0	0
poi-10-3	1	1	28	1	119	243	0.0741712	0	0
poi-10-3	1	1	28	2	59	0	0.0227854	0	0
poi-10-3	1	1	28	2	119	243	0.0849361	0	0
poi-10-3	1	1	28	3	59	0	0.0239128	0	0
poi-10-3	1	1	28	3	119	243	0.0896086	0	0
poi-10-3	1	1.33	14	1	59	0	0.0215902	0	0
poi-10-3	1	1.33	14	1	119	275	0.063784	0	0
poi-10-3	1	1.33	14	2	59	0	0.0221952	0	0
poi-10-3	1	1.33	14	2	119	295	0.0761311	27	0.0004454
poi-10-3	1	1.33	14	3	59	0	0.0231035	0	0
poi-10-3	1	1.33	14	3	119	295	0.0790407	7	8.39E-05
poi-10-3	1	1.33	28	1	59	0	0.0220058	0	0
poi-10-3	1	1.33	28	1	119	295	0.071512	0	0
poi-10-3	1	1.33	28	2	59	0	0.022875	0	0
poi-10-3	1	1.33	28	2	119	301	0.0791781	2	4.49E-05
poi-10-3	1	1.33	28	3	59	0	0.0238339	0	0
poi-10-3	1	1.33	28	3	119	301	0.0846331	14	0.0002814
poi-10-3	2	0.67	14	1	59	0	0.0214775	0	0
poi-10-3	2	0.67	14	1	119	243	0.0398035	0	0
poi-10-3	2	0.67	14	2	59	0	0.0221028	0	0
poi-10-3	2	0.67	14	2	119	243	0.0424859	0	0
poi-10-3	2	0.67	14	3	59	0	0.0231749	0	0
poi-10-3	2	0.67	14	3	119	243	0.0438799	0	0
poi-10-3	2	0.67	28	1	59	0	0.0220791	0	0
poi-10-3	2	0.67	28	1	119	243	0.0490543	0	0
poi-10-3	2	0.67	28	2	59	0	0.022802	0	0
poi-10-3	2	0.67	28	2	119	243	0.0576492	0	0
poi-10-3	2	0.67	28	3	59	0	0.0238287	0	0
poi-10-3	2	0.67	28	3	119	243	0.0638326	0	0
poi-10-3	2	1	14	1	59	0	0.0216592	0	0
poi-10-3	2	1	14	1	119	243	0.0633999	0	0
poi-10-3	2	1	14	2	59	0	0.0220976	0	0
poi-10-3	2	1	14	2	119	243	0.071953	0	0
poi-10-3	2	1	14	3	59	0	0.023164	0	0
poi-10-3	2	1	14	3	119	243	0.0760099	0	0
poi-10-3	2	1	28	1	59	0	0.0220298	0	0
poi-10-3	2	1	28	1	119	243	0.0746973	0	0
poi-10-3	2	1	28	2	59	0	0.0230295	0	0
poi-10-3	2	1	28	2	119	243	0.0830867	0	0
poi-10-3	2	1	28	3	59	0	0.0238556	0	0
poi-10-3	2	1	28	3	119	243	0.0852255	0	0
poi-10-3	2	1.33	14	1	59	0	0.0215519	0	0
poi-10-3	2	1.33	14	1	119	295	0.0646856	3	5.14E-05
poi-10-3	2	1.33	14	2	59	0	0.0222794	0	0
poi-10-3	2	1.33	14	2	119	295	0.0798318	0	0
poi-10-3	2	1.33	14	3	59	0	0.0231981	0	0
poi-10-3	2	1.33	14	3	119	295	0.0832166	0	0
poi-10-3	2	1.33	28	1	59	0	0.02224	0	0
poi-10-3	2	1.33	28	1	119	295	0.0716503	0	0
poi-10-3	2	1.33	28	2	59	0	0.0229749	0	0
poi-10-3	2	1.33	28	2	119	301	0.0817421	42	0.0008137
poi-10-3	2	1.33	28	3	59	0	0.023976	0	0
poi-10-3	2	1.33	28	3	119	301	0.0866046	17	0.0003202
poi-10-4	1	0.67	13	1	59	163	0.0214194	0	0
poi-10-4	1	0.67	13	1	118	324	0.0369228	0	0
poi-10-4	1	0.67	13	2	59	163	0.0217766	0	0
poi-10-4	1	0.67	13	2	118	324	0.0376182	0	0
poi-10-4	1	0.67	13	3	59	163	0.0223596	0	0
poi-10-4	1	0.67	13	3	118	324	0.0379665	0	0
poi-10-4	1	0.67	26	1	59	173	0.0327918	0	0
poi-10-4	1	0.67	26	1	118	340	0.0521312	54	0.000648
poi-10-4	1	0.67	26	2	59	173	0.0343362	0	0
poi-10-4	1	0.67	26	2	118	340	0.0547515	19	0.0002191
poi-10-4	1	0.67	26	3	59	173	0.0361559	0	0
poi-10-4	1	0.67	26	3	118	340	0.0581321	75	0.0008652
poi-10-4	1	1	13	1	59	163	0.0236193	0	0
poi-10-4	1	1	13	1	118	324	0.0622395	0	0
poi-10-4	1	1	13	2	59	163	0.0238967	0	0
poi-10-4	1	1	13	2	118	324	0.0629593	0	0
poi-10-4	1	1	13	3	59	163	0.0244328	0	0
poi-10-4	1	1	13	3	118	324	0.0639992	0	0
poi-10-4	1	1	26	1	59	179	0.0301486	0	0
poi-10-4	1	1	26	1	118	358	0.0670698	1	2.18E-05
poi-10-4	1	1	26	2	59	179	0.0329146	0	0
poi-10-4	1	1	26	2	118	358	0.0714815	3	5.18E-05
poi-10-4	1	1	26	3	59	179	0.0352612	0	0
poi-10-4	1	1	26	3	118	358	0.0780602	12	0.0002667
poi-10-4	1	1.33	13	1	59	163	0.0233673	0	0
poi-10-4	1	1.33	13	1	118	324	0.0622118	0	0
poi-10-4	1	1.33	13	2	59	163	0.0241544	0	0
poi-10-4	1	1.33	13	2	118	324	0.0631569	0	0
poi-10-4	1	1.33	13	3	59	163	0.024793	0	0
poi-10-4	1	1.33	13	3	118	324	0.0641616	0	0
poi-10-4	1	1.33	26	1	59	184	0.0293167	0	0
poi-10-4	1	1.33	26	1	118	399	0.0932607	0	0
poi-10-4	1	1.33	26	2	59	184	0.031848	0	0
poi-10-4	1	1.33	26	2	118	399	0.0944653	0	0
poi-10-4	1	1.33	26	3	59	184	0.0339762	0	0
poi-10-4	1	1.33	26	3	118	399	0.1004402	0	0
poi-10-4	2	0.67	13	1	59	163	0.0211432	0	0
poi-10-4	2	0.67	13	1	118	324	0.0367735	0	0
poi-10-4	2	0.67	13	2	59	163	0.021596	0	0
poi-10-4	2	0.67	13	2	118	324	0.0375146	0	0
poi-10-4	2	0.67	13	3	59	163	0.0222481	0	0
poi-10-4	2	0.67	13	3	118	324	0.0378591	0	0
poi-10-4	2	0.67	26	1	59	173	0.0329117	0	0
poi-10-4	2	0.67	26	1	118	340	0.0524775	8	0.0001007
poi-10-4	2	0.67	26	2	59	173	0.0350133	0	0
poi-10-4	2	0.67	26	2	118	340	0.0550294	2	2.97E-05
poi-10-4	2	0.67	26	3	59	173	0.0369715	0	0
poi-10-4	2	0.67	26	3	118	340	0.0581906	6	7.92E-05
poi-10-4	2	1	13	1	59	163	0.023622	0	0
poi-10-4	2	1	13	1	118	324	0.0619805	0	0
poi-10-4	2	1	13	2	59	163	0.0241995	0	0
poi-10-4	2	1	13	2	118	324	0.06303	0	0
poi-10-4	2	1	13	3	59	163	0.0248656	0	0
poi-10-4	2	1	13	3	118	324	0.0642336	0	0
poi-10-4	2	1	26	1	59	179	0.0306243	0	0
poi-10-4	2	1	26	1	118	358	0.06552	2	3.06E-05
poi-10-4	2	1	26	2	59	179	0.0334139	0	0
poi-10-4	2	1	26	2	118	358	0.0718226	13	0.0001856
poi-10-4	2	1	26	3	59	179	0.0361933	0	0
poi-10-4	2	1	26	3	118	358	0.0780367	12	0.0001938
poi-10-4	2	1.33	13	1	59	163	0.0233876	0	0
poi-10-4	2	1.33	13	1	118	324	0.0625172	0	0
poi-10-4	2	1.33	13	2	59	163	0.0241296	0	0
poi-10-4	2	1.33	13	2	118	324	0.0634415	0	0
poi-10-4	2	1.33	13	3	59	163	0.0247493	0	0
poi-10-4	2	1.33	13	3	118	324	0.0644965	0	0
poi-10-4	2	1.33	26	1	59	184	0.0299079	0	0
poi-10-4	2	1.33	26	1	118	399	0.0839958	0	0
poi-10-4	2	1.33	26	2	59	184	0.0322918	0	0
poi-10-4	2	1.33	26	2	118	399	0.0950618	0	0
poi-10-4	2	1.33	26	3	59	184	0.0348899	0	0
poi-10-4	2	1.33	26	3	118	399	0.1023679	0	0
poi-10-5	1	0.67	14	1	52	109	0.0287613	4	2.65E-05
poi-10-5	1	0.67	14	1	104	215	0.0366516	0	0
poi-10-5	1	0.67	14	2	52	109	0.0293456	4	2.6E-05
poi-10-5	1	0.67	14	2	104	215	0.0372922	0	0
poi-10-5	1	0.67	14	3	52	109	0.029908	4	2.6E-05
poi-10-5	1	0.67	14	3	104	215	0.0379756	0	0
poi-10-5	1	0.67	28	1	52	109	0.0311131	1	7E-06
poi-10-5	1	0.67	28	1	104	215	0.0485433	0	0
poi-10-5	1	0.67	28	2	52	109	0.0320421	5	3.48E-05
poi-10-5	1	0.67	28	2	104	215	0.053764	0	0
poi-10-5	1	0.67	28	3	52	109	0.0329509	1	7.3E-06
poi-10-5	1	0.67	28	3	104	215	0.0576237	0	0
poi-10-5	1	1	14	1	52	109	0.0349374	1	6.6E-06
poi-10-5	1	1	14	1	104	215	0.06317	0	0
poi-10-5	1	1	14	2	52	109	0.0355196	1	7.2E-06
poi-10-5	1	1	14	2	104	215	0.0647908	0	0
poi-10-5	1	1	14	3	52	109	0.0370357	9	7.76E-05
poi-10-5	1	1	14	3	104	215	0.0661552	0	0
poi-10-5	1	1	28	1	52	109	0.0384158	6	0.000117
poi-10-5	1	1	28	1	104	215	0.0651898	0	0
poi-10-5	1	1	28	2	52	109	0.0407027	3	2.78E-05
poi-10-5	1	1	28	2	104	222	0.0783662	25	0.0003894
poi-10-5	1	1	28	3	52	109	0.043644	1	7.4E-06
poi-10-5	1	1	28	3	104	222	0.0842337	93	0.00155
poi-10-5	1	1.33	14	1	52	126	0.0343246	0	0
poi-10-5	1	1.33	14	1	104	235	0.0627983	0	0
poi-10-5	1	1.33	14	2	52	126	0.0348481	0	0
poi-10-5	1	1.33	14	2	104	235	0.064303	0	0
poi-10-5	1	1.33	14	3	52	126	0.0359775	0	0
poi-10-5	1	1.33	14	3	104	235	0.0653143	0	0
poi-10-5	1	1.33	28	1	52	126	0.0386918	0	0
poi-10-5	1	1.33	28	1	104	256	0.0657492	0	0
poi-10-5	1	1.33	28	2	52	126	0.0403883	0	0
poi-10-5	1	1.33	28	2	104	264	0.0717968	3	5.04E-05
poi-10-5	1	1.33	28	3	52	126	0.0429815	0	0
poi-10-5	1	1.33	28	3	104	264	0.0778253	95	0.0015198
poi-10-5	2	0.67	14	1	52	109	0.0286867	6	3.86E-05
poi-10-5	2	0.67	14	1	104	215	0.0367303	0	0
poi-10-5	2	0.67	14	2	52	109	0.0291758	2	1.33E-05
poi-10-5	2	0.67	14	2	104	215	0.0373281	0	0
poi-10-5	2	0.67	14	3	52	109	0.0298813	1	6.8E-06
poi-10-5	2	0.67	14	3	104	215	0.0378088	0	0
poi-10-5	2	0.67	28	1	52	109	0.0311255	2	1.44E-05
poi-10-5	2	0.67	28	1	104	215	0.0486096	0	0
poi-10-5	2	0.67	28	2	52	109	0.0320552	2	1.47E-05
poi-10-5	2	0.67	28	2	104	215	0.0542995	0	0
poi-10-5	2	0.67	28	3	52	109	0.032919	3	2.23E-05
poi-10-5	2	0.67	28	3	104	215	0.0574017	0	0
poi-10-5	2	1	14	1	52	109	0.0350683	1	6.7E-06
poi-10-5	2	1	14	1	104	215	0.0631074	0	0
poi-10-5	2	1	14	2	52	109	0.035947	1	6.9E-06
poi-10-5	2	1	14	2	104	215	0.0652016	0	0
poi-10-5	2	1	14	3	52	109	0.0367768	4	3.45E-05
poi-10-5	2	1	14	3	104	215	0.066193	0	0
poi-10-5	2	1	28	1	52	109	0.0384549	1	7.3E-06
poi-10-5	2	1	28	1	104	215	0.0688905	0	0
poi-10-5	2	1	28	2	52	109	0.0409999	2	1.84E-05
poi-10-5	2	1	28	2	104	222	0.073372	1	2.22E-05
poi-10-5	2	1	28	3	52	109	0.0437982	2	1.88E-05
poi-10-5	2	1	28	3	104	222	0.0787937	12	0.0001946
poi-10-5	2	1.33	14	1	52	126	0.0344175	0	0
poi-10-5	2	1.33	14	1	104	235	0.0622173	0	0
poi-10-5	2	1.33	14	2	52	126	0.0352358	0	0
poi-10-5	2	1.33	14	2	104	235	0.0642077	0	0
poi-10-5	2	1.33	14	3	52	126	0.0364062	0	0
poi-10-5	2	1.33	14	3	104	235	0.0654324	0	0
poi-10-5	2	1.33	28	1	52	126	0.038648	0	0
poi-10-5	2	1.33	28	1	104	256	0.0710416	0	0
poi-10-5	2	1.33	28	2	52	126	0.0409991	0	0
poi-10-5	2	1.33	28	2	104	264	0.0773112	32	0.0005744
poi-10-5	2	1.33	28	3	52	126	0.0432961	0	0
poi-10-5	2	1.33	28	3	104	264	0.0822268	20	0.0003287
poi-20-1	1	0.67	14	1	79	301	0.0857373	0	0
poi-20-1	1	0.67	14	1	159	634	0.1242819	0	0
poi-20-1	1	0.67	14	2	79	301	0.0874107	0	0
poi-20-1	1	0.67	14	2	159	634	0.1271451	0	0
poi-20-1	1	0.67	14	3	79	301	0.0894974	0	0
poi-20-1	1	0.67	14	3	159	634	0.1295449	0	0
poi-20-1	1	0.67	28	1	79	301	0.1310861	0	0
poi-20-1	1	0.67	28	1	159	650	0.2838107	1839	0.0764402
poi-20-1	1	0.67	28	2	79	353	0.1558402	105	0.0033304
poi-20-1	1	0.67	28	2	159	676	0.3896799	2724	0.1358561
poi-20-1	1	0.67	28	3	79	363	0.1777823	157	0.0056007
poi-20-1	1	0.67	28	3	159	715	0.3278439	981	0.052127
poi-20-1	1	1	14	1	79	301	0.1055125	0	0
poi-20-1	1	1	14	1	159	644	0.3816142	3320	0.151496
poi-20-1	1	1	14	2	79	301	0.1097119	0	0
poi-20-1	1	1	14	2	159	644	0.3410967	2921	0.1264002
poi-20-1	1	1	14	3	79	301	0.1128458	0	0
poi-20-1	1	1	14	3	159	644	0.3299875	2597	0.1147505
poi-20-1	1	1	28	1	79	336	0.1183018	39	0.0009942
poi-20-1	1	1	28	1	159	724	0.3571995	1797	0.0934789
poi-20-1	1	1	28	2	79	406	0.1348657	4	0.0001215
poi-20-1	1	1	28	2	159	765	0.2863967	398	0.0215741
poi-20-1	1	1	28	3	79	427	0.1467551	1	3.11E-05
poi-20-1	1	1	28	3	159	801	0.5554605	4978	0.2770914
poi-20-1	1	1.33	14	1	79	352	0.1110617	0	0
poi-20-1	1	1.33	14	1	159	713	0.3585112	2972	0.1310866
poi-20-1	1	1.33	14	2	79	352	0.1132902	0	0
poi-20-1	1	1.33	14	2	159	742	0.2305758	882	0.0336077
poi-20-1	1	1.33	14	3	79	352	0.1171025	0	0
poi-20-1	1	1.33	14	3	159	742	0.2713322	1925	0.074574
poi-20-1	1	1.33	28	1	79	372	0.1203656	5	0.0001184
poi-20-1	1	1.33	28	1	159	847	0.5154228	4195	0.2348713
poi-20-1	1	1.33	28	2	79	457	0.1321999	11	0.0002994
poi-20-1	1	1.33	28	2	159	914	0.4702898	3391	0.1889219
poi-20-1	1	1.33	28	3	79	525	0.141724	7	0.0002159
poi-20-1	1	1.33	28	3	159	983	0.5679081	4927	0.2823537
poi-20-1	2	0.67	14	1	79	301	0.0859441	0	0
poi-20-1	2	0.67	14	1	159	634	0.1232099	0	0
poi-20-1	2	0.67	14	2	79	301	0.0866006	0	0
poi-20-1	2	0.67	14	2	159	634	0.1257702	0	0
poi-20-1	2	0.67	14	3	79	301	0.0884468	0	0
poi-20-1	2	0.67	14	3	159	634	0.1282202	0	0
poi-20-1	2	0.67	28	1	79	317	0.1274785	24	0.0007015
poi-20-1	2	0.67	28	1	159	685	0.2644651	859	0.032895
poi-20-1	2	0.67	28	2	79	363	0.1604253	87	0.0031613
poi-20-1	2	0.67	28	2	159	723	0.5281751	3934	0.2293642
poi-20-1	2	0.67	28	3	79	363	0.1909704	30	0.0010383
poi-20-1	2	0.67	28	3	159	735	0.3686417	625	0.0352656
poi-20-1	2	1	14	1	79	301	0.1065692	0	0
poi-20-1	2	1	14	1	159	644	0.3844468	3474	0.1586277
poi-20-1	2	1	14	2	79	301	0.1088206	0	0
poi-20-1	2	1	14	2	159	644	0.3632222	3449	0.1483943
poi-20-1	2	1	14	3	79	301	0.1113712	0	0
poi-20-1	2	1	14	3	159	668	0.2722694	1328	0.0576151
poi-20-1	2	1	28	1	79	365	0.1779502	2228	0.0549975
poi-20-1	2	1	28	1	159	806	0.3510805	2442	0.1146112
poi-20-1	2	1	28	2	79	443	0.2089424	1962	0.0591464
poi-20-1	2	1	28	2	159	884	0.3685342	2870	0.1348883
poi-20-1	2	1	28	3	79	447	0.1674074	140	0.0044952
poi-20-1	2	1	28	3	159	884	0.2653199	534	0.0263353
poi-20-1	2	1.33	14	1	79	352	0.1086603	0	0
poi-20-1	2	1.33	14	1	159	727	0.3298839	2432	0.1054129
poi-20-1	2	1.33	14	2	79	352	0.1091642	0	0
poi-20-1	2	1.33	14	2	159	742	0.2268682	962	0.0351256
poi-20-1	2	1.33	14	3	79	352	0.1133879	0	0
poi-20-1	2	1.33	14	3	159	754	0.2717793	1949	0.0740356
poi-20-1	2	1.33	28	1	79	438	0.1941698	2369	0.062719
poi-20-1	2	1.33	28	1	159	953	0.2897648	829	0.0422162
poi-20-1	2	1.33	28	2	79	538	0.2036453	1389	0.0448531
poi-20-1	2	1.33	28	2	159	1039	0.2505137	113	0.0057765
poi-20-1	2	1.33	28	3	79	561	0.1901571	82	0.0030351
poi-20-1	2	1.33	28	3	159	1071	0.3459283	1829	0.0928246
poi-20-2	1	0.67	13	1	80	291	0.0780633	0	0
poi-20-2	1	0.67	13	1	160	691	0.1442273	1083	0.0239901
poi-20-2	1	0.67	13	2	80	291	0.0777237	0	0
poi-20-2	1	0.67	13	2	160	699	0.1320021	477	0.0107632
poi-20-2	1	0.67	13	3	80	291	0.0791341	0	0
poi-20-2	1	0.67	13	3	160	699	0.1521093	1209	0.0293612
poi-20-2	1	0.67	26	1	80	335	0.1467466	1	3.15E-05
poi-20-2	1	0.67	26	1	160	735	0.375777	2861	0.1358219
poi-20-2	1	0.67	26	2	80	335	0.1607359	5	0.0001533
poi-20-2	1	0.67	26	2	160	760	0.3160809	352	0.0186813
poi-20-2	1	0.67	26	3	80	335	0.1736664	4	0.0002585
poi-20-2	1	0.67	26	3	160	760	0.3272425	47	0.0029354
poi-20-2	1	1	13	1	80	291	0.1144536	0	0
poi-20-2	1	1	13	1	160	701	0.2078807	122	0.0046947
poi-20-2	1	1	13	2	80	291	0.1156337	0	0
poi-20-2	1	1	13	2	160	713	0.2028031	7	0.0003821
poi-20-2	1	1	13	3	80	291	0.1184659	0	0
poi-20-2	1	1	13	3	160	713	0.2067861	12	0.0004617
poi-20-2	1	1	26	1	80	359	0.1755271	1004	0.0298446
poi-20-2	1	1	26	1	160	824	0.3333012	1998	0.0953377
poi-20-2	1	1	26	2	80	359	0.1715464	0	0
poi-20-2	1	1	26	2	160	864	0.2503559	98	0.0048325
poi-20-2	1	1	26	3	80	366	0.3024463	3031	0.1155159
poi-20-2	1	1	26	3	160	864	0.257675	115	0.0057815
poi-20-2	1	1.33	13	1	80	306	0.1146052	0	0
poi-20-2	1	1.33	13	1	160	732	0.2033433	44	0.0017538
poi-20-2	1	1.33	13	2	80	306	0.115549	0	0
poi-20-2	1	1.33	13	2	160	747	0.2004951	7	0.0003348
poi-20-2	1	1.33	13	3	80	306	0.1174009	0	0
poi-20-2	1	1.33	13	3	160	747	0.2072836	102	0.004108
poi-20-2	1	1.33	26	1	80	438	0.3736753	6388	0.2063164
poi-20-2	1	1.33	26	1	160	981	0.276496	665	0.032745
poi-20-2	1	1.33	26	2	80	441	0.3455701	4036	0.1591262
poi-20-2	1	1.33	26	2	160	1031	0.2562632	57	0.0029347
poi-20-2	1	1.33	26	3	80	441	0.2888576	2010	0.0863739
poi-20-2	1	1.33	26	3	160	1040	0.2745097	427	0.0218372
poi-20-2	2	0.67	13	1	80	291	0.0758557	0	0
poi-20-2	2	0.67	13	1	160	696	0.1253718	13	0.0003293
poi-20-2	2	0.67	13	2	80	291	0.0783589	0	0
poi-20-2	2	0.67	13	2	160	699	0.1313392	204	0.0044053
poi-20-2	2	0.67	13	3	80	291	0.0790831	0	0
poi-20-2	2	0.67	13	3	160	699	0.1384708	424	0.0101144
poi-20-2	2	0.67	26	1	80	335	0.1342096	1	3.14E-05
poi-20-2	2	0.67	26	1	160	776	0.311491	1460	0.069167
poi-20-2	2	0.67	26	2	80	335	0.152951	2	7.8E-05
poi-20-2	2	0.67	26	2	160	789	0.5653177	5160	0.2832375
poi-20-2	2	0.67	26	3	80	335	0.1654196	2	5.93E-05
poi-20-2	2	0.67	26	3	160	791	0.6862888	6491	0.3877589
poi-20-2	2	1	13	1	80	291	0.1132361	0	0
poi-20-2	2	1	13	1	160	716	0.2063901	3	0.0001474
poi-20-2	2	1	13	2	80	291	0.1155509	0	0
poi-20-2	2	1	13	2	160	716	0.2093849	3	0.0001116
poi-20-2	2	1	13	3	80	291	0.1171325	0	0
poi-20-2	2	1	13	3	160	716	0.2109613	8	0.0003856
poi-20-2	2	1	26	1	80	359	0.1526408	1	3.82E-05
poi-20-2	2	1	26	1	160	902	0.2252914	384	0.01622
poi-20-2	2	1	26	2	80	465	0.3948278	6312	0.2236829
poi-20-2	2	1	26	2	160	927	0.2496393	601	0.0268927
poi-20-2	2	1	26	3	80	465	0.3650611	4793	0.1789831
poi-20-2	2	1	26	3	160	927	0.2299517	30	0.001439
poi-20-2	2	1.33	13	1	80	306	0.1126227	0	0
poi-20-2	2	1.33	13	1	160	750	0.2056336	78	0.0028464
poi-20-2	2	1.33	13	2	80	306	0.1147962	0	0
poi-20-2	2	1.33	13	2	160	750	0.2043837	12	0.0004937
poi-20-2	2	1.33	13	3	80	306	0.1170287	0	0
poi-20-2	2	1.33	13	3	160	750	0.21012	67	0.0024906
poi-20-2	2	1.33	26	1	80	438	0.169145	100	0.0035373
poi-20-2	2	1.33	26	1	160	1065	0.3688463	3676	0.1571199
poi-20-2	2	1.33	26	2	80	441	0.3410877	5270	0.1760096
poi-20-2	2	1.33	26	2	160	1099	0.5154851	6159	0.2851694
poi-20-2	2	1.33	26	3	80	441	0.304845	3918	0.134489
poi-20-2	2	1.33	26	3	160	1101	0.3512234	2354	0.1126592
poi-20-3	1	0.67	15	1	85	336	0.087119	0	0
poi-20-3	1	0.67	15	1	171	743	0.1231096	27	0.0005502
poi-20-3	1	0.67	15	2	85	336	0.0885497	0	0
poi-20-3	1	0.67	15	2	171	743	0.1310914	279	0.0059722
poi-20-3	1	0.67	15	3	85	336	0.090501	0	0
poi-20-3	1	0.67	15	3	171	743	0.1291183	166	0.0035772
poi-20-3	1	0.67	31	1	85	336	0.1274724	0	0
poi-20-3	1	0.67	31	1	171	769	0.2052418	80	0.0026674
poi-20-3	1	0.67	31	2	85	336	0.1445426	0	0
poi-20-3	1	0.67	31	2	171	769	0.2512875	16	0.0007618
poi-20-3	1	0.67	31	3	85	336	0.1586041	0	0
poi-20-3	1	0.67	31	3	171	769	0.2796792	242	0.0124231
poi-20-3	1	1	15	1	85	336	0.1171735	0	0
poi-20-3	1	1	15	1	171	773	0.214741	33	0.0013568
poi-20-3	1	1	15	2	85	336	0.1284206	0	0
poi-20-3	1	1	15	2	171	773	0.2149332	30	0.0012655
poi-20-3	1	1	15	3	85	336	0.1316684	0	0
poi-20-3	1	1	15	3	171	773	0.2233748	133	0.0057133
poi-20-3	1	1	31	1	85	336	0.1184978	0	0
poi-20-3	1	1	31	1	171	812	0.2610307	79	0.0041865
poi-20-3	1	1	31	2	85	372	0.1370435	6	0.0002027
poi-20-3	1	1	31	2	171	859	0.254717	17	0.0010433
poi-20-3	1	1	31	3	85	431	0.1685191	373	0.0121446
poi-20-3	1	1	31	3	171	890	0.5582319	5258	0.2867216
poi-20-3	1	1.33	15	1	85	375	0.1247988	0	0
poi-20-3	1	1.33	15	1	171	832	0.2528901	909	0.0385836
poi-20-3	1	1.33	15	2	85	375	0.1291787	0	0
poi-20-3	1	1.33	15	2	171	840	0.227553	279	0.0120081
poi-20-3	1	1.33	15	3	85	375	0.1327935	0	0
poi-20-3	1	1.33	15	3	171	840	0.221748	54	0.0023903
poi-20-3	1	1.33	31	1	85	419	0.1417913	0	0
poi-20-3	1	1.33	31	1	171	955	0.3745429	1854	0.1011158
poi-20-3	1	1.33	31	2	85	441	0.1515248	147	0.0044353
poi-20-3	1	1.33	31	2	171	1038	0.3819425	2141	0.1136319
poi-20-3	1	1.33	31	3	85	540	0.1652552	244	0.0081194
poi-20-3	1	1.33	31	3	171	1115	0.3969156	2038	0.1150232
poi-20-3	2	0.67	15	1	85	336	0.0874568	0	0
poi-20-3	2	0.67	15	1	171	755	0.1314097	222	0.0050346
poi-20-3	2	0.67	15	2	85	336	0.0903561	0	0
poi-20-3	2	0.67	15	2	171	755	0.1301965	34	0.0008401
poi-20-3	2	0.67	15	3	85	336	0.0920117	0	0
poi-20-3	2	0.67	15	3	171	755	0.1389005	347	0.0083111
poi-20-3	2	0.67	31	1	85	336	0.1284103	0	0
poi-20-3	2	0.67	31	1	171	769	0.2329553	162	0.0065301
poi-20-3	2	0.67	31	2	85	336	0.1423135	0	0
poi-20-3	2	0.67	31	2	171	769	0.2831775	101	0.004832
poi-20-3	2	0.67	31	3	85	336	0.1561149	0	0
poi-20-3	2	0.67	31	3	171	798	0.3238044	404	0.0235756
poi-20-3	2	1	15	1	85	336	0.1146925	0	0
poi-20-3	2	1	15	1	171	773	0.210386	19	0.0007359
poi-20-3	2	1	15	2	85	336	0.1192977	0	0
poi-20-3	2	1	15	2	171	773	0.2104649	52	0.0021334
poi-20-3	2	1	15	3	85	336	0.1221387	0	0
poi-20-3	2	1	15	3	171	773	0.2130706	9	0.0003776
poi-20-3	2	1	31	1	85	372	0.1143846	7	0.0001579
poi-20-3	2	1	31	1	171	859	0.232807	130	0.0055389
poi-20-3	2	1	31	2	85	475	0.1376692	4	0.0001096
poi-20-3	2	1	31	2	171	947	0.2513319	485	0.0221815
poi-20-3	2	1	31	3	85	483	0.1531094	12	0.0003236
poi-20-3	2	1	31	3	171	999	0.3143632	1439	0.0702142
poi-20-3	2	1.33	15	1	85	375	0.123195	0	0
poi-20-3	2	1.33	15	1	171	833	0.26605	1240	0.0519522
poi-20-3	2	1.33	15	2	85	375	0.1238103	0	0
poi-20-3	2	1.33	15	2	171	841	0.211269	45	0.0019988
poi-20-3	2	1.33	15	3	85	375	0.1301289	0	0
poi-20-3	2	1.33	15	3	171	841	0.2210464	203	0.0086772
poi-20-3	2	1.33	31	1	85	441	0.1294717	141	0.0037746
poi-20-3	2	1.33	31	1	171	1023	0.2396831	223	0.0099842
poi-20-3	2	1.33	31	2	85	598	0.1493699	71	0.0023291
poi-20-3	2	1.33	31	2	171	1178	0.3234405	1882	0.0884461
poi-20-3	2	1.33	31	3	85	608	0.1679862	60	0.0021788
poi-20-3	2	1.33	31	3	171	1246	0.5991176	6871	0.3480026
poi-20-4	1	0.67	13	1	78	412	0.0923348	0	0
poi-20-4	1	0.67	13	1	157	797	0.1340648	16	0.0003342
poi-20-4	1	0.67	13	2	78	412	0.0926316	0	0
poi-20-4	1	0.67	13	2	157	797	0.1363728	25	0.000615
poi-20-4	1	0.67	13	3	78	412	0.0944811	0	0
poi-20-4	1	0.67	13	3	157	797	0.1381828	39	0.0009583
poi-20-4	1	0.67	26	1	78	412	0.1381656	0	0
poi-20-4	1	0.67	26	1	157	797	0.227426	10	0.0003517
poi-20-4	1	0.67	26	2	78	412	0.1544916	0	0
poi-20-4	1	0.67	26	2	157	819	0.413148	2262	0.1280393
poi-20-4	1	0.67	26	3	78	412	0.1703542	0	0
poi-20-4	1	0.67	26	3	157	827	0.3463328	437	0.0270291
poi-20-4	1	1	13	1	78	412	0.1246045	0	0
poi-20-4	1	1	13	1	157	811	0.2386468	8	0.0004424
poi-20-4	1	1	13	2	78	412	0.1264328	0	0
poi-20-4	1	1	13	2	157	811	0.2414755	7	0.0003428
poi-20-4	1	1	13	3	78	412	0.1307754	0	0
poi-20-4	1	1	13	3	157	811	0.2469773	2	0.0001287
poi-20-4	1	1	26	1	78	429	0.1480089	37	0.0012528
poi-20-4	1	1	26	1	157	848	0.3840533	2337	0.1213042
poi-20-4	1	1	26	2	78	469	0.1723044	5	0.0001149
poi-20-4	1	1	26	2	157	898	0.2812709	395	0.0207635
poi-20-4	1	1	26	3	78	511	0.2136032	659	0.0258289
poi-20-4	1	1	26	3	157	917	0.3099084	744	0.0406522
poi-20-4	1	1.33	13	1	78	466	0.125607	0	0
poi-20-4	1	1.33	13	1	157	865	0.2381035	30	0.0013979
poi-20-4	1	1.33	13	2	78	479	0.1318769	1	2.6E-05
poi-20-4	1	1.33	13	2	157	892	0.2380394	26	0.0011688
poi-20-4	1	1.33	13	3	78	479	0.1352108	13	0.0003534
poi-20-4	1	1.33	13	3	157	892	0.2362236	14	0.0007144
poi-20-4	1	1.33	26	1	78	510	0.2818393	2401	0.0945056
poi-20-4	1	1.33	26	1	157	1014	0.3940398	2200	0.1190058
poi-20-4	1	1.33	26	2	78	538	0.1627458	13	0.0005243
poi-20-4	1	1.33	26	2	157	1046	0.4900612	3713	0.2068036
poi-20-4	1	1.33	26	3	78	585	0.2448634	2152	0.0748074
poi-20-4	1	1.33	26	3	157	1071	0.6463851	6544	0.370753
poi-20-4	2	0.67	13	1	78	412	0.0905431	0	0
poi-20-4	2	0.67	13	1	157	797	0.1341315	12	0.0002547
poi-20-4	2	0.67	13	2	78	412	0.0927435	0	0
poi-20-4	2	0.67	13	2	157	797	0.1366532	3	8.58E-05
poi-20-4	2	0.67	13	3	78	412	0.095116	0	0
poi-20-4	2	0.67	13	3	157	797	0.1383636	18	0.0003901
poi-20-4	2	0.67	26	1	78	412	0.1329592	0	0
poi-20-4	2	0.67	26	1	157	879	0.2879952	935	0.0423848
poi-20-4	2	0.67	26	2	78	412	0.1501466	0	0
poi-20-4	2	0.67	26	2	157	895	0.3202995	784	0.0398275
poi-20-4	2	0.67	26	3	78	412	0.1661677	0	0
poi-20-4	2	0.67	26	3	157	903	0.374591	1124	0.0659318
poi-20-4	2	1	13	1	78	412	0.1213919	0	0
poi-20-4	2	1	13	1	157	811	0.2287528	4	0.0001979
poi-20-4	2	1	13	2	78	412	0.1244172	0	0
poi-20-4	2	1	13	2	157	811	0.2328074	1	8.78E-05
poi-20-4	2	1	13	3	78	412	0.1280419	0	0
poi-20-4	2	1	13	3	157	811	0.2356914	4	0.0001727
poi-20-4	2	1	26	1	78	478	0.1448255	198	0.0053993
poi-20-4	2	1	26	1	157	961	0.25515	645	0.0287953
poi-20-4	2	1	26	2	78	520	0.1823325	15	0.0006776
poi-20-4	2	1	26	2	157	998	0.2995938	1541	0.070416
poi-20-4	2	1	26	3	78	520	0.2051897	8	0.0003846
poi-20-4	2	1	26	3	157	998	0.2460645	135	0.0065365
poi-20-4	2	1.33	13	1	78	466	0.1241096	0	0
poi-20-4	2	1.33	13	1	157	865	0.2301646	3	0.000132
poi-20-4	2	1.33	13	2	78	479	0.1311733	5	0.0001309
poi-20-4	2	1.33	13	2	157	892	0.2318204	6	0.0002837
poi-20-4	2	1.33	13	3	78	479	0.1353293	1	0.0001096
poi-20-4	2	1.33	13	3	157	892	0.2339172	15	0.000651
poi-20-4	2	1.33	26	1	78	550	0.1787142	29	0.00117
poi-20-4	2	1.33	26	1	157	1074	0.6149479	8401	0.3840746
poi-20-4	2	1.33	26	2	78	594	0.1694463	70	0.0026983
poi-20-4	2	1.33	26	2	157	1144	0.4853568	5155	0.246355
poi-20-4	2	1.33	26	3	78	609	0.2882752	2411	0.0931379
poi-20-4	2	1.33	26	3	157	1170	0.3071466	1034	0.0528024
poi-20-5	1	0.67	13	1	74	303	0.1005157	27	0.0006027
poi-20-5	1	0.67	13	1	149	726	0.1455612	789	0.0192746
poi-20-5	1	0.67	13	2	74	303	0.1041541	38	0.0007563
poi-20-5	1	0.67	13	2	149	726	0.1923803	2413	0.0614744
poi-20-5	1	0.67	13	3	74	303	0.107181	3	6.74E-05
poi-20-5	1	0.67	13	3	149	726	0.1623186	1189	0.0304009
poi-20-5	1	0.67	26	1	74	308	0.1425859	84	0.0025052
poi-20-5	1	0.67	26	1	149	739	0.2461882	1410	0.0534769
poi-20-5	1	0.67	26	2	74	334	0.1580344	1	3.33E-05
poi-20-5	1	0.67	26	2	149	763	0.2369308	364	0.0145029
poi-20-5	1	0.67	26	3	74	334	0.1674047	60	0.0021311
poi-20-5	1	0.67	26	3	149	763	0.2567798	405	0.0163697
poi-20-5	1	1	13	1	74	333	0.100349	7	0.0001529
poi-20-5	1	1	13	1	149	739	0.2330851	360	0.0151595
poi-20-5	1	1	13	2	74	333	0.1097939	11	0.0003665
poi-20-5	1	1	13	2	149	762	0.2215835	23	0.0009956
poi-20-5	1	1	13	3	74	333	0.1139811	12	0.0003732
poi-20-5	1	1	13	3	149	762	0.2271468	16	0.0007682
poi-20-5	1	1	26	1	74	341	0.1290976	16	0.0004996
poi-20-5	1	1	26	1	149	824	0.2444274	120	0.0057345
poi-20-5	1	1	26	2	74	380	0.1428827	5	0.0001537
poi-20-5	1	1	26	2	149	824	0.2414191	15	0.0007733
poi-20-5	1	1	26	3	74	380	0.1510552	3	8.94E-05
poi-20-5	1	1	26	3	149	851	0.2951664	918	0.0460689
poi-20-5	1	1.33	13	1	74	361	0.1137944	55	0.0013719
poi-20-5	1	1.33	13	1	149	799	0.2513052	797	0.0333024
poi-20-5	1	1.33	13	2	74	361	0.1193374	4	0.0001016
poi-20-5	1	1.33	13	2	149	843	0.2250429	13	0.0006833
poi-20-5	1	1.33	13	3	74	361	0.1196224	16	0.0003897
poi-20-5	1	1.33	13	3	149	855	0.2254131	18	0.0008159
poi-20-5	1	1.33	26	1	74	405	0.1967378	2306	0.0625066
poi-20-5	1	1.33	26	1	149	963	0.3045579	883	0.0456246
poi-20-5	1	1.33	26	2	74	456	0.1955777	1185	0.0371132
poi-20-5	1	1.33	26	2	149	995	0.3947863	2714	0.1381416
poi-20-5	1	1.33	26	3	74	479	0.1763443	226	0.0079332
poi-20-5	1	1.33	26	3	149	997	0.3449369	1570	0.0833527
poi-20-5	2	0.67	13	1	74	303	0.0983507	8	0.0001599
poi-20-5	2	0.67	13	1	149	726	0.1329319	266	0.0061167
poi-20-5	2	0.67	13	2	74	303	0.1015754	22	0.0005084
poi-20-5	2	0.67	13	2	149	726	0.1485955	782	0.0193932
poi-20-5	2	0.67	13	3	74	303	0.1075182	86	0.0019005
poi-20-5	2	0.67	13	3	149	726	0.1519737	769	0.019392
poi-20-5	2	0.67	26	1	74	341	0.1430894	27	0.0008754
poi-20-5	2	0.67	26	1	149	785	0.2395202	246	0.0085267
poi-20-5	2	0.67	26	2	74	387	0.1683559	9	0.0003066
poi-20-5	2	0.67	26	2	149	785	0.2684314	72	0.0028969
poi-20-5	2	0.67	26	3	74	425	0.1811975	12	0.0004581
poi-20-5	2	0.67	26	3	149	785	0.2880864	29	0.0015813
poi-20-5	2	1	13	1	74	333	0.1086846	14	0.0003222
poi-20-5	2	1	13	1	149	762	0.2894292	1557	0.0698901
poi-20-5	2	1	13	2	74	333	0.1142749	12	0.0002722
poi-20-5	2	1	13	2	149	762	0.2245314	15	0.0006561
poi-20-5	2	1	13	3	74	333	0.119116	20	0.000585
poi-20-5	2	1	13	3	149	762	0.2345421	123	0.0052049
poi-20-5	2	1	26	1	74	390	0.1288743	26	0.0007313
poi-20-5	2	1	26	1	149	868	0.2940272	2211	0.0914516
poi-20-5	2	1	26	2	74	460	0.1542689	21	0.0006689
poi-20-5	2	1	26	2	149	902	0.2328074	486	0.0206534
poi-20-5	2	1	26	3	74	517	0.1646362	30	0.0010752
poi-20-5	2	1	26	3	149	902	0.2462675	445	0.0203737
poi-20-5	2	1.33	13	1	74	361	0.1235942	8	0.0002009
poi-20-5	2	1.33	13	1	149	843	0.4722002	5900	0.254521
poi-20-5	2	1.33	13	2	74	361	0.1312775	3	5.86E-05
poi-20-5	2	1.33	13	2	149	855	0.2281047	129	0.0052572
poi-20-5	2	1.33	13	3	74	361	0.1371552	12	0.0003495
poi-20-5	2	1.33	13	3	149	855	0.2288551	58	0.0024366
poi-20-5	2	1.33	26	1	74	456	0.134452	8	0.0002218
poi-20-5	2	1.33	26	1	149	1014	0.4285632	5448	0.2243446
poi-20-5	2	1.33	26	2	74	528	0.164587	6	0.000191
poi-20-5	2	1.33	26	2	149	1077	0.3949437	3988	0.1760451
poi-20-5	2	1.33	26	3	74	603	0.1760723	38	0.0014171
poi-20-5	2	1.33	26	3	149	1088	0.3339929	1931	0.0945164
poi-30-1	1	0.67	13	1	85	463	0.2526426	0	0
poi-30-1	1	0.67	13	1	171	1062	0.4259106	626	0.0392481
poi-30-1	1	0.67	13	2	85	463	0.2769754	0	0
poi-30-1	1	0.67	13	2	171	1062	0.4121635	46	0.0022549
poi-30-1	1	0.67	13	3	85	463	0.2944586	0	0
poi-30-1	1	0.67	13	3	171	1062	0.4349312	229	0.0127841
poi-30-1	1	0.67	26	1	85	496	0.4253741	405	0.0305485
poi-30-1	1	0.67	26	1	171	1095	1.037867	4210	0.4672155
poi-30-1	1	0.67	26	2	85	542	0.9854979	5213	0.5008598
poi-30-1	1	0.67	26	2	171	1115	0.8908731	1497	0.1949952
poi-30-1	1	0.67	26	3	85	568	1.099754	4486	0.5163081
poi-30-1	1	0.67	26	3	171	1118	1.0178714	1518	0.2236109
poi-30-1	1	1	13	1	85	494	0.3309977	322	0.0203931
poi-30-1	1	1	13	1	171	1093	0.5654827	620	0.0590294
poi-30-1	1	1	13	2	85	500	0.3203946	74	0.0048434
poi-30-1	1	1	13	2	171	1110	0.5404858	674	0.0624024
poi-30-1	1	1	13	3	85	540	0.6788419	5308	0.3484666
poi-30-1	1	1	13	3	171	1110	0.4890418	185	0.0140135
poi-30-1	1	1	26	1	85	559	0.5429867	1932	0.1524966
poi-30-1	1	1	26	1	171	1164	1.1534895	4787	0.561326
poi-30-1	1	1	26	2	85	673	0.9540369	6496	0.5405652
poi-30-1	1	1	26	2	171	1234	0.8732889	3503	0.3567821
poi-30-1	1	1	26	3	85	677	0.4976902	212	0.0196213
poi-30-1	1	1	26	3	171	1272	0.8157266	3013	0.3066224
poi-30-1	1	1.33	13	1	85	568	0.415371	1126	0.077611
poi-30-1	1	1.33	13	1	171	1220	0.6641039	1307	0.1312684
poi-30-1	1	1.33	13	2	85	585	0.6590798	4268	0.3042985
poi-30-1	1	1.33	13	2	171	1226	0.6285325	1399	0.1315794
poi-30-1	1	1.33	13	3	85	609	0.3743141	203	0.0147586
poi-30-1	1	1.33	13	3	171	1239	0.996879	5215	0.5018392
poi-30-1	1	1.33	26	1	85	669	0.4980807	583	0.0521698
poi-30-1	1	1.33	26	1	171	1336	0.8317694	1866	0.2236081
poi-30-1	1	1.33	26	2	85	813	0.8701324	4190	0.3996759
poi-30-1	1	1.33	26	2	171	1505	1.4017813	8339	0.8712811
poi-30-1	1	1.33	26	3	85	865	0.6788027	1711	0.1751298
poi-30-1	1	1.33	26	3	171	1585	1.088124	4970	0.5398462
poi-30-1	2	0.67	13	1	85	463	0.2612397	0	0
poi-30-1	2	0.67	13	1	171	1071	0.5241779	1690	0.1228413
poi-30-1	2	0.67	13	2	85	463	0.2705925	0	0
poi-30-1	2	0.67	13	2	171	1073	0.4303178	232	0.0133545
poi-30-1	2	0.67	13	3	85	463	0.2891415	0	0
poi-30-1	2	0.67	13	3	171	1073	0.6578213	2930	0.2349873
poi-30-1	2	0.67	26	1	85	590	0.4288674	259	0.0171681
poi-30-1	2	0.67	26	1	171	1194	0.708786	1022	0.1086578
poi-30-1	2	0.67	26	2	85	619	0.6334578	1241	0.1270753
poi-30-1	2	0.67	26	2	171	1219	0.7869949	559	0.0670734
poi-30-1	2	0.67	26	3	85	619	0.9551345	2939	0.3515152
poi-30-1	2	0.67	26	3	171	1231	0.9172891	773	0.1078687
poi-30-1	2	1	13	1	85	557	0.3786561	1501	0.088112
poi-30-1	2	1	13	1	171	1119	0.5198343	44	0.0033938
poi-30-1	2	1	13	2	85	557	0.3155355	260	0.015998
poi-30-1	2	1	13	2	171	1123	0.528552	284	0.0247521
poi-30-1	2	1	13	3	85	561	0.3191643	224	0.0142247
poi-30-1	2	1	13	3	171	1123	0.512839	219	0.0177022
poi-30-1	2	1	26	1	85	677	0.3551176	5	0.0003999
poi-30-1	2	1	26	1	171	1367	0.8528961	3664	0.3560787
poi-30-1	2	1	26	2	85	758	0.4048852	96	0.0079889
poi-30-1	2	1	26	2	171	1417	0.5939655	1457	0.1301281
poi-30-1	2	1	26	3	85	808	0.4634246	7	0.0007759
poi-30-1	2	1	26	3	171	1417	0.4776417	152	0.0127471
poi-30-1	2	1.33	13	1	85	634	0.3574391	550	0.0369358
poi-30-1	2	1.33	13	1	171	1251	0.5315462	244	0.0204685
poi-30-1	2	1.33	13	2	85	656	0.5371187	2726	0.1912992
poi-30-1	2	1.33	13	2	171	1270	0.6535357	1672	0.1543341
poi-30-1	2	1.33	13	3	85	680	0.5485222	2696	0.1938569
poi-30-1	2	1.33	13	3	171	1274	0.9473578	4422	0.4445
poi-30-1	2	1.33	26	1	85	830	0.4370179	972	0.070551
poi-30-1	2	1.33	26	1	171	1586	0.635373	1564	0.1376808
poi-30-1	2	1.33	26	2	85	912	0.4330528	195	0.0163524
poi-30-1	2	1.33	26	2	171	1717	0.4916147	253	0.0208685
poi-30-1	2	1.33	26	3	85	989	0.7063554	2076	0.2082741
poi-30-1	2	1.33	26	3	171	1734	0.6511143	1924	0.179129
poi-30-2	1	0.67	12	1	95	641	0.1837057	49	0.00183
poi-30-2	1	0.67	12	1	190	1154	0.3488335	207	0.0096096
poi-30-2	1	0.67	12	2	95	639	0.1801571	21	0.0008214
poi-30-2	1	0.67	12	2	190	1199	0.3863796	856	0.051578
poi-30-2	1	0.67	12	3	95	641	0.3154626	2779	0.1124076
poi-30-2	1	0.67	12	3	190	1161	0.3635085	401	0.0222489
poi-30-2	1	0.67	25	1	95	654	0.3189797	47	0.003398
poi-30-2	1	0.67	25	1	190	1228	0.7183698	684	0.0766568
poi-30-2	1	0.67	25	2	95	667	0.5679468	2002	0.161861
poi-30-2	1	0.67	25	2	190	1248	1.0047218	1640	0.2388156
poi-30-2	1	0.67	25	3	95	679	0.6599273	1796	0.1738208
poi-30-2	1	0.67	25	3	190	1251	1.2014104	2172	0.3502432
poi-30-2	1	1	12	1	95	657	0.2310206	23	0.0011252
poi-30-2	1	1	12	1	190	1201	0.9894223	3883	0.4271027
poi-30-2	1	1	12	2	95	680	0.2349661	27	0.0013492
poi-30-2	1	1	12	2	190	1255	0.5806323	195	0.0156185
poi-30-2	1	1	12	3	95	680	0.2401811	12	0.000642
poi-30-2	1	1	12	3	190	1255	0.686848	1077	0.1126917
poi-30-2	1	1	25	1	95	701	0.3333595	148	0.0095656
poi-30-2	1	1	25	1	190	1325	0.6581893	221	0.0226434
poi-30-2	1	1	25	2	95	832	0.422905	1279	0.0854134
poi-30-2	1	1	25	2	190	1369	0.6438764	1277	0.1260593
poi-30-2	1	1	25	3	95	840	0.4606435	1026	0.0783231
poi-30-2	1	1	25	3	190	1387	0.5009491	132	0.0114929
poi-30-2	1	1.33	12	1	95	755	0.2292269	16	0.0008662
poi-30-2	1	1.33	12	1	190	1311	0.6187722	315	0.0323508
poi-30-2	1	1.33	12	2	95	778	0.239664	6	0.0002961
poi-30-2	1	1.33	12	2	190	1356	0.846589	2651	0.2890868
poi-30-2	1	1.33	12	3	95	785	0.275771	696	0.0337772
poi-30-2	1	1.33	12	3	190	1366	1.0038883	3959	0.4349223
poi-30-2	1	1.33	25	1	95	829	0.4903676	1871	0.1344602
poi-30-2	1	1.33	25	1	190	1500	0.8926361	1827	0.2331049
poi-30-2	1	1.33	25	2	95	1007	0.7177069	4931	0.3588634
poi-30-2	1	1.33	25	2	190	1652	0.5577702	257	0.0243889
poi-30-2	1	1.33	25	3	95	1030	0.5383863	1398	0.1176706
poi-30-2	1	1.33	25	3	190	1700	0.8822373	3711	0.3725162
poi-30-2	2	0.67	12	1	95	654	0.1892881	5	0.0001899
poi-30-2	2	0.67	12	1	190	1209	0.6399908	4516	0.3028574
poi-30-2	2	0.67	12	2	95	654	0.1860362	58	0.0020971
poi-30-2	2	0.67	12	2	190	1209	0.3473103	134	0.006408
poi-30-2	2	0.67	12	3	95	654	0.1884204	13	0.0004537
poi-30-2	2	0.67	12	3	190	1209	0.3479821	62	0.0028395
poi-30-2	2	0.67	25	1	95	805	0.4364181	862	0.0641472
poi-30-2	2	0.67	25	1	190	1281	1.1289765	3826	0.4827021
poi-30-2	2	0.67	25	2	95	890	0.4904081	241	0.022512
poi-30-2	2	0.67	25	2	190	1275	1.6135969	6391	0.8955913
poi-30-2	2	0.67	25	3	95	902	0.5879951	119	0.0119797
poi-30-2	2	0.67	25	3	190	1281	1.4720876	4598	0.6972603
poi-30-2	2	1	12	1	95	680	0.2379181	102	0.0048903
poi-30-2	2	1	12	1	190	1268	0.5869761	90	0.0070922
poi-30-2	2	1	12	2	95	680	0.2345068	75	0.0035526
poi-30-2	2	1	12	2	190	1268	0.5944538	358	0.0307197
poi-30-2	2	1	12	3	95	680	0.2364707	23	0.0012043
poi-30-2	2	1	12	3	190	1268	0.5769106	95	0.0072832
poi-30-2	2	1	25	1	95	920	0.3541573	816	0.0499111
poi-30-2	2	1	25	1	190	1410	0.562749	248	0.0238484
poi-30-2	2	1	25	2	95	1067	0.5960631	4237	0.27404
poi-30-2	2	1	25	2	190	1410	0.4686801	47	0.0037519
poi-30-2	2	1	25	3	95	1067	0.3439173	263	0.0169391
poi-30-2	2	1	25	3	190	1410	0.4686582	11	0.0009863
poi-30-2	2	1.33	12	1	95	785	0.2527121	286	0.0139622
poi-30-2	2	1.33	12	1	190	1366	1.1522439	4928	0.5726257
poi-30-2	2	1.33	12	2	95	785	0.2637559	565	0.027782
poi-30-2	2	1.33	12	2	190	1366	0.5863338	276	0.0219128
poi-30-2	2	1.33	12	3	95	785	0.3129239	1409	0.0685395
poi-30-2	2	1.33	12	3	190	1366	0.6077713	422	0.0352741
poi-30-2	2	1.33	25	1	95	1080	0.3989995	1236	0.0793008
poi-30-2	2	1.33	25	1	190	1697	0.5499546	10	0.0010491
poi-30-2	2	1.33	25	2	95	1302	0.4458365	1687	0.1124119
poi-30-2	2	1.33	25	2	190	1746	0.8574515	4021	0.3767636
poi-30-2	2	1.33	25	3	95	1302	0.5593526	3002	0.2095466
poi-30-2	2	1.33	25	3	190	1770	0.7379422	2610	0.2475137
poi-30-3	1	0.67	12	1	86	452	0.4057108	5614	0.2151101
poi-30-3	1	0.67	12	1	172	1127	0.4700917	1660	0.1126969
poi-30-3	1	0.67	12	2	86	460	0.2502465	1216	0.0490307
poi-30-3	1	0.67	12	2	172	1148	0.5593839	2538	0.1832805
poi-30-3	1	0.67	12	3	86	466	0.2614297	1316	0.0541337
poi-30-3	1	0.67	12	3	172	1156	0.7249284	4559	0.3436167
poi-30-3	1	0.67	24	1	86	531	0.2797656	95	0.005207
poi-30-3	1	0.67	24	1	172	1246	0.6567902	270	0.0242781
poi-30-3	1	0.67	24	2	86	540	0.3514474	71	0.0049438
poi-30-3	1	0.67	24	2	172	1300	1.3499306	3414	0.5419569
poi-30-3	1	0.67	24	3	86	545	0.4057052	71	0.0056764
poi-30-3	1	0.67	24	3	172	1300	1.2443127	1883	0.3279882
poi-30-3	1	1	12	1	86	487	0.3512703	2154	0.1058792
poi-30-3	1	1	12	1	172	1188	0.6166949	913	0.0918444
poi-30-3	1	1	12	2	86	487	0.2552272	206	0.0103024
poi-30-3	1	1	12	2	172	1215	0.6179874	1121	0.1068925
poi-30-3	1	1	12	3	86	487	0.2585529	54	0.003133
poi-30-3	1	1	12	3	172	1215	0.6152981	1067	0.1008394
poi-30-3	1	1	24	1	86	613	0.3345342	397	0.0248085
poi-30-3	1	1	24	1	172	1368	1.1710124	5368	0.6040487
poi-30-3	1	1	24	2	86	627	0.332619	309	0.0190001
poi-30-3	1	1	24	2	172	1437	0.5756284	973	0.0912121
poi-30-3	1	1	24	3	86	627	0.359717	4	0.0002709
poi-30-3	1	1	24	3	172	1449	0.6735805	2145	0.2012636
poi-30-3	1	1.33	12	1	86	519	0.2656193	40	0.0021437
poi-30-3	1	1.33	12	1	172	1297	1.3051823	8065	0.8063857
poi-30-3	1	1.33	12	2	86	521	0.287465	443	0.0246724
poi-30-3	1	1.33	12	2	172	1333	0.7753315	2738	0.2683232
poi-30-3	1	1.33	12	3	86	521	0.2803524	59	0.003504
poi-30-3	1	1.33	12	3	172	1329	0.5995382	1112	0.1034378
poi-30-3	1	1.33	24	1	86	718	0.4535492	1426	0.1017519
poi-30-3	1	1.33	24	1	172	1552	0.5903818	149	0.0141315
poi-30-3	1	1.33	24	2	86	764	0.5726466	3200	0.2221142
poi-30-3	1	1.33	24	2	172	1766	1.0145652	5376	0.5230275
poi-30-3	1	1.33	24	3	86	802	0.6016489	2902	0.2194648
poi-30-3	1	1.33	24	3	172	1811	1.1099602	6674	0.6325541
poi-30-3	2	0.67	12	1	86	460	0.2814372	2305	0.088564
poi-30-3	2	0.67	12	1	172	1156	0.4056783	565	0.0349411
poi-30-3	2	0.67	12	2	86	466	0.2824915	2028	0.0816029
poi-30-3	2	0.67	12	2	172	1165	0.4486983	950	0.0695375
poi-30-3	2	0.67	12	3	86	466	0.235027	673	0.0279962
poi-30-3	2	0.67	12	3	172	1166	0.9165035	6936	0.5304229
poi-30-3	2	0.67	24	1	86	601	0.4134648	1492	0.0946852
poi-30-3	2	0.67	24	1	172	1310	0.7536273	40	0.0051686
poi-30-3	2	0.67	24	2	86	607	0.4312844	380	0.0311476
poi-30-3	2	0.67	24	2	172	1330	1.5580441	4304	0.7076891
poi-30-3	2	0.67	24	3	86	607	0.5219913	788	0.071434
poi-30-3	2	0.67	24	3	172	1330	2.5335649	8553	1.5936482
poi-30-3	2	1	12	1	86	487	0.2282193	14	0.0007328
poi-30-3	2	1	12	1	172	1225	0.5231751	34	0.0028518
poi-30-3	2	1	12	2	86	506	0.2324843	172	0.0077276
poi-30-3	2	1	12	2	172	1225	0.5860573	781	0.0757881
poi-30-3	2	1	12	3	86	506	0.2343287	87	0.0044449
poi-30-3	2	1	12	3	172	1225	0.60153	902	0.0848182
poi-30-3	2	1	24	1	86	711	0.3935925	1839	0.1042683
poi-30-3	2	1	24	1	172	1449	0.4912838	64	0.0046598
poi-30-3	2	1	24	2	86	720	0.3169103	94	0.006112
poi-30-3	2	1	24	2	172	1449	0.4305261	3	0.0004224
poi-30-3	2	1	24	3	86	720	0.3288463	10	0.0007911
poi-30-3	2	1	24	3	172	1449	0.4385407	1	8.59E-05
poi-30-3	2	1.33	12	1	86	519	0.2347203	2	8.19E-05
poi-30-3	2	1.33	12	1	172	1332	0.4972794	29	0.0021884
poi-30-3	2	1.33	12	2	86	586	0.3588227	2272	0.1131027
poi-30-3	2	1.33	12	2	172	1347	1.4342124	9368	0.9337914
poi-30-3	2	1.33	12	3	86	586	0.3310109	1466	0.0760241
poi-30-3	2	1.33	12	3	172	1343	0.6295891	1440	0.1354405
poi-30-3	2	1.33	24	1	86	852	0.5409007	3996	0.2402943
poi-30-3	2	1.33	24	1	172	1730	1.3834847	9356	0.8984796
poi-30-3	2	1.33	24	2	86	889	0.3692835	561	0.0370619
poi-30-3	2	1.33	24	2	172	1812	0.4371402	61	0.0043273
poi-30-3	2	1.33	24	3	86	902	0.3611685	261	0.0179966
poi-30-3	2	1.33	24	3	172	1819	0.689718	2590	0.2334793
poi-30-4	1	0.67	11	1	91	798	0.429853	2732	0.1500533
poi-30-4	1	0.67	11	1	183	1211	0.4917923	1789	0.1230347
poi-30-4	1	0.67	11	2	91	798	0.3573672	1148	0.0633183
poi-30-4	1	0.67	11	2	183	1211	0.3867279	181	0.0074138
poi-30-4	1	0.67	11	3	91	798	0.3047003	94	0.0053903
poi-30-4	1	0.67	11	3	183	1211	0.3861396	129	0.0056449
poi-30-4	1	0.67	23	1	91	852	0.4919567	198	0.0159532
poi-30-4	1	0.67	23	1	183	1215	0.7093455	1435	0.1523642
poi-30-4	1	0.67	23	2	91	869	0.6230474	176	0.0189367
poi-30-4	1	0.67	23	2	183	1215	0.8164574	906	0.1244888
poi-30-4	1	0.67	23	3	91	887	0.8139669	757	0.1098081
poi-30-4	1	0.67	23	3	183	1215	0.8554541	192	0.0215189
poi-30-4	1	1	11	1	91	842	0.3289508	893	0.0495529
poi-30-4	1	1	11	1	183	1226	0.5560489	8	0.000827
poi-30-4	1	1	11	2	91	842	0.4165983	2466	0.1373625
poi-30-4	1	1	11	2	183	1226	0.5158029	6	0.0013627
poi-30-4	1	1	11	3	91	842	0.3505663	1206	0.0690255
poi-30-4	1	1	11	3	183	1226	0.51576	6	0.0005445
poi-30-4	1	1	23	1	91	842	0.3568387	16	0.0015013
poi-30-4	1	1	23	1	183	1226	0.6844758	13	0.0018977
poi-30-4	1	1	23	2	91	932	0.4893971	1330	0.1025685
poi-30-4	1	1	23	2	183	1249	1.1523594	4156	0.5248678
poi-30-4	1	1	23	3	91	1007	0.9592186	5751	0.5137939
poi-30-4	1	1	23	3	183	1285	0.7271418	1374	0.1510839
poi-30-4	1	1.33	11	1	91	911	0.8323503	9746	0.5493403
poi-30-4	1	1.33	11	1	183	1395	0.7152974	1351	0.1465754
poi-30-4	1	1.33	11	2	91	916	0.4586156	2847	0.1678701
poi-30-4	1	1.33	11	2	183	1420	0.5397523	77	0.0062051
poi-30-4	1	1.33	11	3	91	916	0.313654	266	0.0158642
poi-30-4	1	1.33	11	3	183	1427	0.5813188	546	0.0504455
poi-30-4	1	1.33	23	1	91	993	0.4398863	836	0.0643516
poi-30-4	1	1.33	23	1	183	1461	0.9691086	2128	0.2845119
poi-30-4	1	1.33	23	2	91	1111	0.5690677	1855	0.1554867
poi-30-4	1	1.33	23	2	183	1532	1.2043499	4465	0.5628436
poi-30-4	1	1.33	23	3	91	1234	0.8288457	3603	0.3466894
poi-30-4	1	1.33	23	3	183	1557	0.653995	260	0.0312549
poi-30-4	2	0.67	11	1	91	798	0.3343438	1350	0.0688645
poi-30-4	2	0.67	11	1	183	1215	0.4350496	1010	0.0682984
poi-30-4	2	0.67	11	2	91	813	0.4694454	3478	0.1921707
poi-30-4	2	0.67	11	2	183	1215	0.3789111	58	0.0023463
poi-30-4	2	0.67	11	3	91	813	0.3124617	472	0.025525
poi-30-4	2	0.67	11	3	183	1215	0.4208181	564	0.0402002
poi-30-4	2	0.67	23	1	91	977	0.5786768	292	0.0307025
poi-30-4	2	0.67	23	1	183	1215	0.7606308	1421	0.163105
poi-30-4	2	0.67	23	2	91	978	0.705692	48	0.0059706
poi-30-4	2	0.67	23	2	183	1215	0.7112968	177	0.0206599
poi-30-4	2	0.67	23	3	91	978	0.7722165	10	0.001503
poi-30-4	2	0.67	23	3	183	1217	1.6283643	5073	0.8150696
poi-30-4	2	1	11	1	91	842	0.2768743	155	0.0086629
poi-30-4	2	1	11	1	183	1226	0.5690579	11	0.0010134
poi-30-4	2	1	11	2	91	863	0.367917	1674	0.0912626
poi-30-4	2	1	11	2	183	1226	0.5406497	3	0.0002787
poi-30-4	2	1	11	3	91	863	0.4092926	2271	0.127648
poi-30-4	2	1	11	3	183	1226	0.5428637	1	8.95E-05
poi-30-4	2	1	23	1	91	1074	0.4987656	1942	0.1397152
poi-30-4	2	1	23	1	183	1285	0.7286157	931	0.1114642
poi-30-4	2	1	23	2	91	1092	0.4410429	781	0.0612678
poi-30-4	2	1	23	2	183	1298	0.6263666	364	0.039488
poi-30-4	2	1	23	3	91	1092	0.432017	30	0.0028085
poi-30-4	2	1	23	3	183	1298	0.5449992	10	0.0011102
poi-30-4	2	1.33	11	1	91	942	0.2955127	410	0.0225937
poi-30-4	2	1.33	11	1	183	1400	0.7391126	1648	0.1812103
poi-30-4	2	1.33	11	2	91	976	0.308111	351	0.0209268
poi-30-4	2	1.33	11	2	183	1425	0.7964363	2541	0.2588423
poi-30-4	2	1.33	11	3	91	958	0.3439295	776	0.0463935
poi-30-4	2	1.33	11	3	183	1431	0.5398818	98	0.0076958
poi-30-4	2	1.33	23	1	91	1265	0.8739818	5973	0.4766291
poi-30-4	2	1.33	23	1	183	1500	1.4503693	6734	0.8326359
poi-30-4	2	1.33	23	2	91	1351	1.0709325	7839	0.6558837
poi-30-4	2	1.33	23	2	183	1576	0.6058126	166	0.0170003
poi-30-4	2	1.33	23	3	91	1393	0.7393102	3180	0.2875295
poi-30-4	2	1.33	23	3	183	1624	1.5786777	9476	1.0303382
poi-30-5	1	0.67	13	1	82	422	0.1671384	143	0.0047767
poi-30-5	1	0.67	13	1	164	1206	0.9722407	7750	0.5895123
poi-30-5	1	0.67	13	2	82	441	0.1778182	7	0.0002162
poi-30-5	1	0.67	13	2	164	1199	0.4044023	216	0.0107436
poi-30-5	1	0.67	13	3	82	441	0.1888965	12	0.0005049
poi-30-5	1	0.67	13	3	164	1199	0.4246307	367	0.0243955
poi-30-5	1	0.67	26	1	82	454	0.2405024	297	0.0138324
poi-30-5	1	0.67	26	1	164	1233	0.8562177	2311	0.2589323
poi-30-5	1	0.67	26	2	82	496	0.2702475	26	0.0014452
poi-30-5	1	0.67	26	2	164	1266	0.7308262	75	0.0067639
poi-30-5	1	0.67	26	3	82	529	0.3189761	162	0.0097406
poi-30-5	1	0.67	26	3	164	1281	1.1092027	2067	0.3123118
poi-30-5	1	1	13	1	82	457	0.3376109	3500	0.1397061
poi-30-5	1	1	13	1	164	1254	0.6979436	1937	0.1970391
poi-30-5	1	1	13	2	82	494	0.2155612	15	0.0006512
poi-30-5	1	1	13	2	164	1254	0.5420341	524	0.0471206
poi-30-5	1	1	13	3	82	494	0.2220438	10	0.0004347
poi-30-5	1	1	13	3	164	1254	0.5754709	756	0.0748361
poi-30-5	1	1	26	1	82	499	0.2650434	1127	0.0491247
poi-30-5	1	1	26	1	164	1318	0.663592	1042	0.1145592
poi-30-5	1	1	26	2	82	562	0.2480484	121	0.0059288
poi-30-5	1	1	26	2	164	1397	0.9211712	4370	0.4293473
poi-30-5	1	1	26	3	82	612	0.2657376	11	0.0007035
poi-30-5	1	1	26	3	164	1419	0.4845333	65	0.0061831
poi-30-5	1	1.33	13	1	82	480	0.2373307	22	0.0013074
poi-30-5	1	1.33	13	1	164	1408	0.8906793	4077	0.3977566
poi-30-5	1	1.33	13	2	82	563	0.2413986	7	0.0004468
poi-30-5	1	1.33	13	2	164	1442	1.1768723	7057	0.6862056
poi-30-5	1	1.33	13	3	82	564	0.2461587	6	0.0002896
poi-30-5	1	1.33	13	3	164	1432	1.5982574	10957	1.100561
poi-30-5	1	1.33	26	1	82	589	0.2681882	227	0.0119611
poi-30-5	1	1.33	26	1	164	1522	0.6041837	688	0.0708767
poi-30-5	1	1.33	26	2	82	649	0.3308559	1234	0.0655984
poi-30-5	1	1.33	26	2	164	1676	0.6013655	1239	0.1182664
poi-30-5	1	1.33	26	3	82	715	0.2853467	80	0.0048119
poi-30-5	1	1.33	26	3	164	1729	0.5194957	468	0.0421033
poi-30-5	2	0.67	13	1	82	472	0.1807204	44	0.0013672
poi-30-5	2	0.67	13	1	164	1211	0.3911328	150	0.0079649
poi-30-5	2	0.67	13	2	82	487	0.1952519	25	0.000858
poi-30-5	2	0.67	13	2	164	1211	0.6719116	3638	0.2801576
poi-30-5	2	0.67	13	3	82	487	0.1999821	114	0.0048219
poi-30-5	2	0.67	13	3	164	1211	0.6643085	3432	0.2645088
poi-30-5	2	0.67	26	1	82	500	0.2663568	50	0.0024317
poi-30-5	2	0.67	26	1	164	1328	0.9064827	2188	0.2675916
poi-30-5	2	0.67	26	2	82	529	0.4149215	1195	0.0796233
poi-30-5	2	0.67	26	2	164	1357	0.7536333	120	0.0131971
poi-30-5	2	0.67	26	3	82	529	0.3843858	97	0.0075067
poi-30-5	2	0.67	26	3	164	1371	0.8123418	118	0.0160892
poi-30-5	2	1	13	1	82	525	0.2015006	271	0.0107385
poi-30-5	2	1	13	1	164	1268	0.5070603	36	0.0026398
poi-30-5	2	1	13	2	82	562	0.2021722	232	0.0089093
poi-30-5	2	1	13	2	164	1268	0.500552	66	0.0052147
poi-30-5	2	1	13	3	82	562	0.2029094	30	0.0013983
poi-30-5	2	1	13	3	164	1268	0.5080174	23	0.0018429
poi-30-5	2	1	26	1	82	575	0.2274649	2	0.000125
poi-30-5	2	1	26	1	164	1447	0.4916327	18	0.001666
poi-30-5	2	1	26	2	82	612	0.2562935	3	0.0001663
poi-30-5	2	1	26	2	164	1477	0.7150467	3230	0.2810136
poi-30-5	2	1	26	3	82	633	0.2856324	10	0.0004411
poi-30-5	2	1	26	3	164	1469	0.4393959	21	0.0018586
poi-30-5	2	1.33	13	1	82	594	0.2210156	62	0.0028577
poi-30-5	2	1.33	13	1	164	1409	0.4860984	190	0.0134357
poi-30-5	2	1.33	13	2	82	633	0.2266996	80	0.0036121
poi-30-5	2	1.33	13	2	164	1446	0.8884041	4391	0.4148243
poi-30-5	2	1.33	13	3	82	633	0.2351381	130	0.006102
poi-30-5	2	1.33	13	3	164	1462	0.6764087	2114	0.1928746
poi-30-5	2	1.33	26	1	82	672	0.2459083	30	0.0014753
poi-30-5	2	1.33	26	1	164	1692	0.6319524	1550	0.1397937
poi-30-5	2	1.33	26	2	82	741	0.2721945	47	0.002797
poi-30-5	2	1.33	26	2	164	1788	0.7795317	3802	0.3334406
poi-30-5	2	1.33	26	3	82	761	0.3432715	62	0.0044701
poi-30-5	2	1.33	26	3	164	1811	1.3540333	10156	0.9071804
poi-40-1	1	0.67	12	1	101	1042	0.514945	0	0
poi-40-1	1	0.67	12	1	202	1598	0.8712711	122	0.0116768
poi-40-1	1	0.67	12	2	101	1042	0.5563027	0	0
poi-40-1	1	0.67	12	2	202	1607	2.2098223	7619	1.3176126
poi-40-1	1	0.67	12	3	101	1042	0.5708549	0	0
poi-40-1	1	0.67	12	3	202	1606	1.2996752	2216	0.3911714
poi-40-1	1	0.67	24	1	101	1083	0.7958546	21	0.0029782
poi-40-1	1	0.67	24	1	202	1677	3.3547966	7700	2.0117713
poi-40-1	1	0.67	24	2	101	1115	1.5303923	2383	0.4900151
poi-40-1	1	0.67	24	2	202	1723	2.796916	3749	1.1679871
poi-40-1	1	0.67	24	3	101	1154	1.7214265	2344	0.5334835
poi-40-1	1	0.67	24	3	202	1737	1.8888776	145	0.0309533
poi-40-1	1	1	12	1	101	1079	0.5902442	158	0.0171705
poi-40-1	1	1	12	1	202	1627	2.9377372	7105	1.7168124
poi-40-1	1	1	12	2	101	1084	0.5850343	717	0.072629
poi-40-1	1	1	12	2	202	1680	3.3533193	10564	2.2933468
poi-40-1	1	1	12	3	101	1084	0.5385388	271	0.0273056
poi-40-1	1	1	12	3	202	1680	1.0991128	49	0.0071978
poi-40-1	1	1	24	1	101	1185	1.130402	3291	0.4444281
poi-40-1	1	1	24	1	202	1745	1.3560828	470	0.106526
poi-40-1	1	1	24	2	101	1256	1.6461733	8199	1.019843
poi-40-1	1	1	24	2	202	1855	1.2905899	1427	0.2698821
poi-40-1	1	1	24	3	101	1290	1.0145939	2519	0.339326
poi-40-1	1	1	24	3	202	1872	2.07085	5624	1.0934165
poi-40-1	1	1.34	12	1	101	1250	0.5607101	16	0.001859
poi-40-1	1	1.34	12	1	202	1846	1.2855987	606	0.1243936
poi-40-1	1	1.34	12	2	101	1279	0.5944254	685	0.0715866
poi-40-1	1	1.34	12	2	202	1944	2.2751018	5901	1.20634
poi-40-1	1	1.34	12	3	101	1296	0.6400605	1339	0.1391964
poi-40-1	1	1.34	12	3	202	1959	2.7183128	8059	1.6576191
poi-40-1	1	1.34	24	1	101	1293	0.7567866	347	0.0470114
poi-40-1	1	1.34	24	1	202	1999	1.3998142	577	0.130792
poi-40-1	1	1.34	24	2	101	1507	1.0368336	3099	0.3936557
poi-40-1	1	1.34	24	2	202	2203	2.3177531	6347	1.285329
poi-40-1	1	1.34	24	3	101	1558	0.8741276	1247	0.1733171
poi-40-1	1	1.34	24	3	202	2250	1.2231846	1266	0.2254464
poi-40-1	2	0.67	12	1	101	1054	0.5181646	196	0.0174505
poi-40-1	2	0.67	12	1	202	1633	1.074551	1283	0.2010763
poi-40-1	2	0.67	12	2	101	1054	0.5308184	5	0.0005793
poi-40-1	2	0.67	12	2	202	1633	1.9579704	6580	1.0945099
poi-40-1	2	0.67	12	3	101	1054	0.5571177	215	0.0199119
poi-40-1	2	0.67	12	3	202	1634	0.9170655	193	0.0234159
poi-40-1	2	0.67	24	1	101	1170	0.8846712	29	0.0040615
poi-40-1	2	0.67	24	1	202	1724	1.4886511	721	0.1405959
poi-40-1	2	0.67	24	2	101	1199	1.1084806	26	0.0044955
poi-40-1	2	0.67	24	2	202	1765	1.6075511	244	0.0630539
poi-40-1	2	0.67	24	3	101	1199	1.210801	7	0.001389
poi-40-1	2	0.67	24	3	202	1765	2.6514992	2737	0.9230914
poi-40-1	2	1	12	1	101	1167	0.5589347	198	0.0194103
poi-40-1	2	1	12	1	202	1706	1.3067379	327	0.0604504
poi-40-1	2	1	12	2	101	1167	0.5189077	511	0.0482727
poi-40-1	2	1	12	2	202	1734	1.5523044	2017	0.43799
poi-40-1	2	1	12	3	101	1167	0.5352435	322	0.031189
poi-40-1	2	1	12	3	202	1734	1.1710221	305	0.0466083
poi-40-1	2	1	24	1	101	1336	1.7546275	9215	1.1327487
poi-40-1	2	1	24	1	202	1873	1.6004497	2441	0.4974098
poi-40-1	2	1	24	2	101	1370	0.66078	708	0.0809343
poi-40-1	2	1	24	2	202	1893	0.995084	38	0.0062117
poi-40-1	2	1	24	3	101	1398	0.6252631	105	0.0127517
poi-40-1	2	1	24	3	202	1893	0.9761766	21	0.002663
poi-40-1	2	1.34	12	1	101	1370	0.7565854	2056	0.2203236
poi-40-1	2	1.34	12	1	202	1925	1.9537813	3572	0.7972265
poi-40-1	2	1.34	12	2	101	1399	0.5064728	10	0.0010353
poi-40-1	2	1.34	12	2	202	1965	2.0871749	5216	1.0605038
poi-40-1	2	1.34	12	3	101	1399	0.6364398	1318	0.1329027
poi-40-1	2	1.34	12	3	202	2012	1.3287569	1351	0.2623525
poi-40-1	2	1.34	24	1	101	1578	1.8660491	9794	1.2334962
poi-40-1	2	1.34	24	1	202	2210	2.9037857	7947	1.7690636
poi-40-1	2	1.34	24	2	101	1682	0.9106371	2817	0.3267806
poi-40-1	2	1.34	24	2	202	2327	1.7544141	4014	0.7610955
poi-40-1	2	1.34	24	3	101	1770	1.3319979	5531	0.7003698
poi-40-1	2	1.34	24	3	202	2376	1.9801423	5229	1.0092415
poi-40-2	1	0.67	12	1	97	838	0.4873969	463	0.0362345
poi-40-2	1	0.67	12	1	194	1660	1.1500623	2520	0.3656611
poi-40-2	1	0.67	12	2	97	846	0.5280236	576	0.0503167
poi-40-2	1	0.67	12	2	194	1660	1.1807871	2412	0.3696409
poi-40-2	1	0.67	12	3	97	846	0.5900008	1061	0.0972603
poi-40-2	1	0.67	12	3	194	1629	0.9012004	423	0.0502709
poi-40-2	1	0.67	24	1	97	894	0.6937034	108	0.0119446
poi-40-2	1	0.67	24	1	194	1705	2.5856624	4443	1.2064768
poi-40-2	1	0.67	24	2	97	918	0.8706263	106	0.0143204
poi-40-2	1	0.67	24	2	194	1700	2.0085687	1120	0.3364485
poi-40-2	1	0.67	24	3	97	918	0.9798358	18	0.0029321
poi-40-2	1	0.67	24	3	194	1700	4.0819413	5907	2.2034064
poi-40-2	1	1	12	1	97	886	0.6276699	1327	0.1320509
poi-40-2	1	1	12	1	194	1699	1.1745891	449	0.0810778
poi-40-2	1	1	12	2	97	903	0.9771156	5306	0.5064004
poi-40-2	1	1	12	2	194	1699	1.0066336	115	0.0144178
poi-40-2	1	1	12	3	97	903	0.5049943	451	0.0447202
poi-40-2	1	1	12	3	194	1716	1.2758678	1674	0.3170466
poi-40-2	1	1	24	1	97	935	0.6541408	552	0.0621711
poi-40-2	1	1	24	1	194	1765	1.3452789	115	0.0193701
poi-40-2	1	1	24	2	97	999	0.5919619	230	0.0259452
poi-40-2	1	1	24	2	194	1830	2.146372	5419	1.1061023
poi-40-2	1	1	24	3	97	999	0.6219904	208	0.0251284
poi-40-2	1	1	24	3	194	1872	1.8618478	4663	0.897118
poi-40-2	1	1.34	12	1	97	983	0.6332596	1333	0.1320805
poi-40-2	1	1.34	12	1	194	1939	1.6605112	2914	0.5965761
poi-40-2	1	1.34	12	2	97	1057	0.750797	3007	0.286874
poi-40-2	1	1.34	12	2	194	1989	1.7022067	3894	0.7344174
poi-40-2	1	1.34	12	3	97	1065	0.591331	1078	0.1052003
poi-40-2	1	1.34	12	3	194	2006	1.2965492	1755	0.3297827
poi-40-2	1	1.34	24	1	97	1082	1.0237896	3226	0.3969082
poi-40-2	1	1.34	24	1	194	2091	1.3783891	136	0.0253251
poi-40-2	1	1.34	24	2	97	1215	0.7037957	982	0.1150691
poi-40-2	1	1.34	24	2	194	2188	1.0613864	156	0.0240053
poi-40-2	1	1.34	24	3	97	1306	2.0140751	11268	1.3958878
poi-40-2	1	1.34	24	3	194	2272	2.2306131	6478	1.2547123
poi-40-2	2	0.67	12	1	97	846	0.8447169	4329	0.3924656
poi-40-2	2	0.67	12	1	194	1657	0.8230885	175	0.0148287
poi-40-2	2	0.67	12	2	97	846	0.5296332	586	0.053322
poi-40-2	2	0.67	12	2	194	1668	1.0867992	1906	0.2849171
poi-40-2	2	0.67	12	3	97	846	0.4942119	179	0.0146227
poi-40-2	2	0.67	12	3	194	1668	0.8555429	126	0.0129481
poi-40-2	2	0.67	24	1	97	969	1.5896602	5303	0.8116183
poi-40-2	2	0.67	24	1	194	1737	2.4168746	4697	1.1438423
poi-40-2	2	0.67	24	2	97	978	1.0194906	726	0.1198883
poi-40-2	2	0.67	24	2	194	1726	1.5017453	152	0.028813
poi-40-2	2	0.67	24	3	97	978	1.0999679	619	0.1121816
poi-40-2	2	0.67	24	3	194	1739	2.5061781	2785	0.87605
poi-40-2	2	1	12	1	97	946	0.4780591	63	0.0061695
poi-40-2	2	1	12	1	194	1736	1.1096405	452	0.0719221
poi-40-2	2	1	12	2	97	953	0.4771566	516	0.043493
poi-40-2	2	1	12	2	194	1736	1.0006201	115	0.0154544
poi-40-2	2	1	12	3	97	953	0.4716352	597	0.0525898
poi-40-2	2	1	12	3	194	1736	1.0144296	322	0.0541337
poi-40-2	2	1	24	1	97	1140	0.6332928	579	0.065508
poi-40-2	2	1	24	1	194	1890	2.2084317	5215	1.1195843
poi-40-2	2	1	24	2	97	1260	0.7125474	1775	0.1862401
poi-40-2	2	1	24	2	194	1950	1.0376024	525	0.0814199
poi-40-2	2	1	24	3	97	1326	0.8397778	2735	0.2962928
poi-40-2	2	1	24	3	194	1950	1.0890117	925	0.1537592
poi-40-2	2	1.34	12	1	97	1146	0.4619407	67	0.0060103
poi-40-2	2	1.34	12	1	194	1989	1.4266232	2259	0.4279597
poi-40-2	2	1.34	12	2	97	1177	0.5213297	1106	0.0938213
poi-40-2	2	1.34	12	2	194	2019	1.0227244	408	0.0652201
poi-40-2	2	1.34	12	3	97	1183	0.5153619	1154	0.0993081
poi-40-2	2	1.34	12	3	194	2025	1.550918	3421	0.6144674
poi-40-2	2	1.34	24	1	97	1379	1.097556	4486	0.5157571
poi-40-2	2	1.34	24	1	194	2233	1.2323184	783	0.1380618
poi-40-2	2	1.34	24	2	97	1652	0.5671541	208	0.0226358
poi-40-2	2	1.34	24	2	194	2405	1.5210815	2976	0.5522896
poi-40-2	2	1.34	24	3	97	1743	0.6190624	331	0.0380269
poi-40-2	2	1.34	24	3	194	2421	1.2782743	1766	0.3259362
poi-40-3	1	0.67	13	1	97	684	0.447206	1987	0.1246511
poi-40-3	1	0.67	13	1	195	1470	1.6998072	5833	0.899092
poi-40-3	1	0.67	13	2	97	684	0.3824364	587	0.0393119
poi-40-3	1	0.67	13	2	195	1485	1.1638471	2293	0.345475
poi-40-3	1	0.67	13	3	97	684	0.3619161	329	0.0241434
poi-40-3	1	0.67	13	3	195	1469	0.8485959	284	0.0391685
poi-40-3	1	0.67	27	1	97	782	0.5042917	20	0.0022521
poi-40-3	1	0.67	27	1	195	1532	1.3560075	228	0.0375816
poi-40-3	1	0.67	27	2	97	818	0.9276646	2349	0.2941052
poi-40-3	1	0.67	27	2	195	1576	1.691132	59	0.011572
poi-40-3	1	0.67	27	3	97	842	0.8900258	1052	0.150819
poi-40-3	1	0.67	27	3	195	1594	2.7297253	1956	0.7611595
poi-40-3	1	1	13	1	97	723	0.3918577	297	0.0226006
poi-40-3	1	1	13	1	195	1519	1.9441937	4452	0.9153605
poi-40-3	1	1	13	2	97	723	0.4407882	873	0.0650204
poi-40-3	1	1	13	2	195	1519	0.9917161	73	0.0100823
poi-40-3	1	1	13	3	97	727	0.7406887	4498	0.3502539
poi-40-3	1	1	13	3	195	1532	1.0257987	336	0.0496936
poi-40-3	1	1	27	1	97	851	0.5007155	486	0.0453031
poi-40-3	1	1	27	1	195	1588	1.2264625	628	0.1135984
poi-40-3	1	1	27	2	97	904	0.6511223	1802	0.172259
poi-40-3	1	1	27	2	195	1729	1.3207875	2530	0.4315824
poi-40-3	1	1	27	3	97	971	0.53011	76	0.008215
poi-40-3	1	1	27	3	195	1821	1.0744824	1251	0.2102614
poi-40-3	1	1.34	13	1	97	796	0.5291159	1958	0.1490719
poi-40-3	1	1.34	13	1	195	1699	1.7536449	3595	0.7222458
poi-40-3	1	1.34	13	2	97	804	0.6605476	3577	0.2727979
poi-40-3	1	1.34	13	2	195	1753	1.0173552	458	0.0618913
poi-40-3	1	1.34	13	3	97	819	0.6794035	3617	0.2867427
poi-40-3	1	1.34	13	3	195	1784	1.0424382	618	0.0997995
poi-40-3	1	1.34	27	1	97	981	0.5016592	92	0.0097291
poi-40-3	1	1.34	27	1	195	1833	1.3353584	1022	0.2079475
poi-40-3	1	1.34	27	2	97	1090	0.7086312	2023	0.205829
poi-40-3	1	1.34	27	2	195	2032	1.0695366	1055	0.1740235
poi-40-3	1	1.34	27	3	97	1232	0.794342	2236	0.2463559
poi-40-3	1	1.34	27	3	195	2208	1.6891003	4735	0.8146842
poi-40-3	2	0.67	13	1	97	714	0.3717535	524	0.033295
poi-40-3	2	0.67	13	1	195	1499	0.8059955	162	0.0185858
poi-40-3	2	0.67	13	2	97	722	0.3647744	106	0.0072663
poi-40-3	2	0.67	13	2	195	1499	0.8053444	10	0.0010952
poi-40-3	2	0.67	13	3	97	722	0.4461657	1144	0.0823993
poi-40-3	2	0.67	13	3	195	1499	0.8183853	123	0.0134159
poi-40-3	2	0.67	27	1	97	899	0.6605077	154	0.0212507
poi-40-3	2	0.67	27	1	195	1670	1.3707395	152	0.0280822
poi-40-3	2	0.67	27	2	97	1012	0.8998485	608	0.0970041
poi-40-3	2	0.67	27	2	195	1686	3.4284567	5959	1.8350768
poi-40-3	2	0.67	27	3	97	1059	1.060974	1205	0.2091402
poi-40-3	2	0.67	27	3	195	1695	1.799288	249	0.0727881
poi-40-3	2	1	13	1	97	802	0.3601276	224	0.0153974
poi-40-3	2	1	13	1	195	1578	1.1432594	844	0.1521367
poi-40-3	2	1	13	2	97	812	0.3995547	638	0.0455136
poi-40-3	2	1	13	2	195	1583	0.9599128	75	0.0090019
poi-40-3	2	1	13	3	97	812	0.3954151	366	0.0275723
poi-40-3	2	1	13	3	195	1583	1.0211924	396	0.058832
poi-40-3	2	1	27	1	97	1043	0.6653506	2514	0.2239314
poi-40-3	2	1	27	1	195	1848	1.1120635	654	0.1127795
poi-40-3	2	1	27	2	97	1222	0.4750866	194	0.018217
poi-40-3	2	1	27	2	195	1868	0.8511077	62	0.0077368
poi-40-3	2	1	27	3	97	1324	0.5395171	571	0.055941
poi-40-3	2	1	27	3	195	1899	0.862503	240	0.0359977
poi-40-3	2	1.34	13	1	97	880	0.4077749	577	0.0428535
poi-40-3	2	1.34	13	1	195	1787	1.1564507	1077	0.1776052
poi-40-3	2	1.34	13	2	97	923	0.3703302	48	0.0063942
poi-40-3	2	1.34	13	2	195	1833	1.1130966	1224	0.1843376
poi-40-3	2	1.34	13	3	97	923	0.4708337	1136	0.0868738
poi-40-3	2	1.34	13	3	195	1838	1.0430134	682	0.1082945
poi-40-3	2	1.34	27	1	97	1240	0.5905882	1523	0.137065
poi-40-3	2	1.34	27	1	195	2167	2.3379251	6660	1.327177
poi-40-3	2	1.34	27	2	97	1498	0.5471023	908	0.0835248
poi-40-3	2	1.34	27	2	195	2300	1.1226221	1580	0.2546117
poi-40-3	2	1.34	27	3	97	1632	0.9633806	4489	0.4549284
poi-40-3	2	1.34	27	3	195	2338	0.8952302	319	0.0431479
poi-40-4	1	0.67	13	1	103	600	0.3854999	15	0.0012059
poi-40-4	1	0.67	13	1	207	1570	1.371577	3219	0.5211021
poi-40-4	1	0.67	13	2	103	600	0.3945755	25	0.0046398
poi-40-4	1	0.67	13	2	207	1577	1.3824518	3189	0.5187553
poi-40-4	1	0.67	13	3	103	600	0.4191273	23	0.0018502
poi-40-4	1	0.67	13	3	207	1586	1.0553221	1178	0.1725836
poi-40-4	1	0.67	27	1	103	619	0.50416	305	0.027151
poi-40-4	1	0.67	27	1	207	1604	2.056327	2875	0.7215331
poi-40-4	1	0.67	27	2	103	677	0.6896533	933	0.1021206
poi-40-4	1	0.67	27	2	207	1659	4.0243268	7088	2.3469851
poi-40-4	1	0.67	27	3	103	714	0.7135389	589	0.0721373
poi-40-4	1	0.67	27	3	207	1662	4.0105721	5549	2.0970058
poi-40-4	1	1	13	1	103	635	0.6608544	3130	0.2557592
poi-40-4	1	1	13	1	207	1633	1.8785965	3645	0.7818067
poi-40-4	1	1	13	2	103	635	0.4429488	74	0.0061712
poi-40-4	1	1	13	2	207	1644	1.0298559	354	0.0612034
poi-40-4	1	1	13	3	103	635	0.4886035	554	0.0479189
poi-40-4	1	1	13	3	207	1648	1.0386891	458	0.0767821
poi-40-4	1	1	27	1	103	734	0.6402788	2001	0.1825222
poi-40-4	1	1	27	1	207	1694	3.4713109	8849	2.2062909
poi-40-4	1	1	27	2	103	830	0.6441644	1627	0.1588461
poi-40-4	1	1	27	2	207	1832	1.0419932	255	0.0449183
poi-40-4	1	1	27	3	103	876	0.7705525	2393	0.2485763
poi-40-4	1	1	27	3	207	1942	2.6809906	9204	1.7353421
poi-40-4	1	1.34	13	1	103	691	0.4384809	143	0.0125264
poi-40-4	1	1.34	13	1	207	1858	1.3919079	1279	0.2607469
poi-40-4	1	1.34	13	2	103	736	0.7851569	3718	0.3360004
poi-40-4	1	1.34	13	2	207	1977	1.0528486	490	0.0802022
poi-40-4	1	1.34	13	3	103	736	0.5485076	1015	0.0935838
poi-40-4	1	1.34	13	3	207	1988	1.1307275	785	0.1478739
poi-40-4	1	1.34	27	1	103	804	0.7643789	2762	0.2734304
poi-40-4	1	1.34	27	1	207	1911	1.5902855	1293	0.3050004
poi-40-4	1	1.34	27	2	103	997	1.0364039	5061	0.5240814
poi-40-4	1	1.34	27	2	207	2153	2.1319701	5585	1.1141456
poi-40-4	1	1.34	27	3	103	1067	1.7619257	11118	1.2147508
poi-40-4	1	1.34	27	3	207	2322	1.2952713	1812	0.3390267
poi-40-4	2	0.67	13	1	103	623	0.7677196	5127	0.3909625
poi-40-4	2	0.67	13	1	207	1593	0.8606309	363	0.0444493
poi-40-4	2	0.67	13	2	103	641	0.4826366	1054	0.081601
poi-40-4	2	0.67	13	2	207	1597	0.8811725	286	0.037637
poi-40-4	2	0.67	13	3	103	641	0.4300524	565	0.0451333
poi-40-4	2	0.67	13	3	207	1597	0.8519079	59	0.0062328
poi-40-4	2	0.67	27	1	103	727	0.7256315	1518	0.1645084
poi-40-4	2	0.67	27	1	207	1709	1.7738788	1234	0.334994
poi-40-4	2	0.67	27	2	103	818	0.7090298	610	0.0694346
poi-40-4	2	0.67	27	2	207	1749	1.7473959	211	0.0493864
poi-40-4	2	0.67	27	3	103	820	0.7213698	382	0.0484669
poi-40-4	2	0.67	27	3	207	1732	2.4623725	1798	0.6310301
poi-40-4	2	1	13	1	103	682	0.4200131	493	0.0370968
poi-40-4	2	1	13	1	207	1648	1.0407315	22	0.0026741
poi-40-4	2	1	13	2	103	709	0.4196283	348	0.0281593
poi-40-4	2	1	13	2	207	1648	0.9604064	79	0.0100307
poi-40-4	2	1	13	3	103	709	0.4146708	187	0.0144162
poi-40-4	2	1	13	3	207	1657	1.0287761	359	0.0605182
poi-40-4	2	1	27	1	103	864	0.5556184	1382	0.1198013
poi-40-4	2	1	27	1	207	1883	1.0466621	183	0.0264676
poi-40-4	2	1	27	2	103	1033	0.5976758	1497	0.1371163
poi-40-4	2	1	27	2	207	1948	0.9361837	213	0.0288222
poi-40-4	2	1	27	3	103	1033	0.6650549	2016	0.1896993
poi-40-4	2	1	27	3	207	1948	0.8905769	14	0.001969
poi-40-4	2	1.34	13	1	103	738	0.5729434	1854	0.1568366
poi-40-4	2	1.34	13	1	207	1919	1.3207491	1608	0.2996338
poi-40-4	2	1.34	13	2	103	798	0.6895965	2962	0.2585216
poi-40-4	2	1.34	13	2	207	1985	1.1255496	1296	0.2198792
poi-40-4	2	1.34	13	3	103	806	0.6897171	2745	0.2469421
poi-40-4	2	1.34	13	3	207	1994	1.7562329	4465	0.8197814
poi-40-4	2	1.34	27	1	103	1002	0.9353289	5265	0.4807743
poi-40-4	2	1.34	27	1	207	2186	3.7408036	13418	2.7242756
poi-40-4	2	1.34	27	2	103	1276	0.5973875	1074	0.1069148
poi-40-4	2	1.34	27	2	207	2400	1.6404379	3971	0.714142
poi-40-4	2	1.34	27	3	103	1276	0.5419419	143	0.0152402
poi-40-4	2	1.34	27	3	207	2458	2.1521205	6813	1.2245447
poi-40-5	1	0.67	12	1	105	761	0.4568154	128	0.0098855
poi-40-5	1	0.67	12	1	211	1636	1.0089431	2091	0.2890995
poi-40-5	1	0.67	12	2	105	797	0.6690497	1953	0.1859385
poi-40-5	1	0.67	12	2	211	1601	0.7112786	45	0.0067527
poi-40-5	1	0.67	12	3	105	862	1.0085102	5387	0.5198496
poi-40-5	1	0.67	12	3	211	1642	0.7498238	73	0.0062085
poi-40-5	1	0.67	25	1	105	923	0.7617134	699	0.0886731
poi-40-5	1	0.67	25	1	211	1670	1.4587967	31	0.0050115
poi-40-5	1	0.67	25	2	105	968	1.534021	4386	0.7115894
poi-40-5	1	0.67	25	2	211	1679	1.7263549	260	0.0660901
poi-40-5	1	0.67	25	3	105	953	1.1377403	1084	0.1933836
poi-40-5	1	0.67	25	3	211	1693	2.1302931	964	0.323693
poi-40-5	1	1	12	1	105	882	0.4257688	1226	0.0868106
poi-40-5	1	1	12	1	211	1665	0.8321425	1549	0.2035333
poi-40-5	1	1	12	2	105	920	0.8515215	6295	0.4745572
poi-40-5	1	1	12	2	211	1675	0.6367049	11	0.002006
poi-40-5	1	1	12	3	105	961	0.5207972	1713	0.1361262
poi-40-5	1	1	12	3	211	1637	0.6778556	316	0.0431445
poi-40-5	1	1	25	1	105	999	0.6681161	2043	0.192522
poi-40-5	1	1	25	1	211	1713	2.1554412	6373	1.2003275
poi-40-5	1	1	25	2	105	1081	1.1200423	5000	0.5605239
poi-40-5	1	1	25	2	211	1808	0.8373795	50	0.0076179
poi-40-5	1	1	25	3	105	1124	1.1682247	5429	0.6086313
poi-40-5	1	1	25	3	211	1887	1.7851672	5511	0.9336385
poi-40-5	1	1.34	12	1	105	904	0.4824994	1870	0.13489
poi-40-5	1	1.34	12	1	211	1845	0.6379051	56	0.0075052
poi-40-5	1	1.34	12	2	105	921	0.4908757	1202	0.0981548
poi-40-5	1	1.34	12	2	211	1877	0.6805197	97	0.0131313
poi-40-5	1	1.34	12	3	105	1038	0.4938192	1055	0.0881556
poi-40-5	1	1.34	12	3	211	1887	0.9285878	2346	0.299677
poi-40-5	1	1.34	25	1	105	1122	0.5852351	1052	0.1043663
poi-40-5	1	1.34	25	1	211	2012	1.0252436	116	0.0193426
poi-40-5	1	1.34	25	2	105	1250	0.9768857	3281	0.3898684
poi-40-5	1	1.34	25	2	211	2178	1.2350519	2174	0.3710169
poi-40-5	1	1.34	25	3	105	1400	1.0481887	4030	0.4664543
poi-40-5	1	1.34	25	3	211	2323	1.6225767	4430	0.7560438
poi-40-5	2	0.67	12	1	105	912	0.5105863	724	0.0633796
poi-40-5	2	0.67	12	1	211	1642	0.7266863	97	0.0086061
poi-40-5	2	0.67	12	2	105	894	1.0986673	6695	0.6253616
poi-40-5	2	0.67	12	2	211	1650	0.7232134	94	0.0103429
poi-40-5	2	0.67	12	3	105	938	0.680104	2202	0.2080038
poi-40-5	2	0.67	12	3	211	1650	0.7450389	78	0.0073552
poi-40-5	2	0.67	25	1	105	1079	0.8883834	209	0.0315451
poi-40-5	2	0.67	25	1	211	1718	2.5460877	4240	1.1290888
poi-40-5	2	0.67	25	2	105	1160	1.1464382	650	0.1314357
poi-40-5	2	0.67	25	2	211	1729	1.6176046	174	0.0369112
poi-40-5	2	0.67	25	3	105	1175	1.6893152	2698	0.5849639
poi-40-5	2	0.67	25	3	211	1751	2.1570764	1542	0.4859545
poi-40-5	2	1	12	1	105	999	0.3576143	81	0.0052321
poi-40-5	2	1	12	1	211	1691	0.8010413	1454	0.1809014
poi-40-5	2	1	12	2	105	999	0.3759497	271	0.0194379
poi-40-5	2	1	12	2	211	1687	1.2235985	4414	0.5709637
poi-40-5	2	1	12	3	105	1027	0.3811991	208	0.015471
poi-40-5	2	1	12	3	211	1695	0.7794959	1061	0.1361162
poi-40-5	2	1	25	1	105	1244	0.6815123	2362	0.2177061
poi-40-5	2	1	25	1	211	1887	0.8250327	113	0.0149409
poi-40-5	2	1	25	2	105	1412	0.5907299	967	0.0950812
poi-40-5	2	1	25	2	211	1897	0.8210045	141	0.0181502
poi-40-5	2	1	25	3	105	1430	0.6440867	983	0.104474
poi-40-5	2	1	25	3	211	1897	0.8568843	104	0.0144742
poi-40-5	2	1.34	12	1	105	1133	0.4402725	1103	0.0799596
poi-40-5	2	1.34	12	1	211	1895	0.8337589	1369	0.1848236
poi-40-5	2	1.34	12	2	105	1176	0.6721547	3908	0.2950493
poi-40-5	2	1.34	12	2	211	1919	1.1451782	3765	0.4862052
poi-40-5	2	1.34	12	3	105	1195	1.1257779	9427	0.7373384
poi-40-5	2	1.34	12	3	211	1966	1.2424991	4636	0.5946998
poi-40-5	2	1.34	25	1	105	1454	0.5101557	451	0.0420541
poi-40-5	2	1.34	25	1	211	2190	1.2300214	2887	0.4591856
poi-40-5	2	1.34	25	2	105	1714	1.1832527	6557	0.6712187
poi-40-5	2	1.34	25	2	211	2313	0.8422826	75	0.0093052
poi-40-5	2	1.34	25	3	105	1871	1.2062946	6068	0.6618663
poi-40-5	2	1.34	25	3	211	2354	1.2763281	2381	0.4079089
poi-50-1	1	0.67	12	1	108	972	0.6913689	86	0.0097445
poi-50-1	1	0.67	12	1	217	1916	1.66249	645	0.1578776
poi-50-1	1	0.67	12	2	108	991	1.1998131	3418	0.4806546
poi-50-1	1	0.67	12	2	217	1920	1.9434779	1201	0.3594003
poi-50-1	1	0.67	12	3	108	991	0.7400943	216	0.0271908
poi-50-1	1	0.67	12	3	217	1935	1.6977139	273	0.0665222
poi-50-1	1	0.67	25	1	108	1033	0.9505799	150	0.0240812
poi-50-1	1	0.67	25	1	217	2026	3.0524412	1159	0.5392672
poi-50-1	1	0.67	25	2	108	1052	1.2991207	838	0.1819786
poi-50-1	1	0.67	25	2	217	2125	7.1997303	6517	4.0455996
poi-50-1	1	0.67	25	3	108	1069	1.3366652	494	0.1091443
poi-50-1	1	0.67	25	3	217	2146	3.6909177	156	0.0724468
poi-50-1	1	1	12	1	108	997	0.6461528	74	0.009731
poi-50-1	1	1	12	1	217	2002	3.0540966	4050	1.3345274
poi-50-1	1	1	12	2	108	1026	0.6459882	200	0.0248245
poi-50-1	1	1	12	2	217	2029	1.6211873	243	0.0565414
poi-50-1	1	1	12	3	108	1026	0.6684729	358	0.0453159
poi-50-1	1	1	12	3	217	2055	4.4162401	8912	2.8185452
poi-50-1	1	1	25	1	108	1080	0.9500539	1498	0.2186158
poi-50-1	1	1	25	1	217	2154	3.5488939	3532	1.4270022
poi-50-1	1	1	25	2	108	1155	1.0968172	2788	0.3964283
poi-50-1	1	1	25	2	217	2312	3.6170152	6024	1.9695198
poi-50-1	1	1	25	3	108	1180	1.9183989	7765	1.1697683
poi-50-1	1	1	25	3	217	2402	4.5165666	9909	2.981784
poi-50-1	1	1.34	12	1	108	1150	1.132555	3484	0.4643501
poi-50-1	1	1.34	12	1	217	2244	2.2115045	1557	0.5063844
poi-50-1	1	1.34	12	2	108	1185	0.8527949	1547	0.2024395
poi-50-1	1	1.34	12	2	217	2405	1.5869667	230	0.0461057
poi-50-1	1	1.34	12	3	108	1185	1.0755601	3368	0.4338005
poi-50-1	1	1.34	12	3	217	2435	1.5778053	228	0.0427324
poi-50-1	1	1.34	25	1	108	1238	1.0204344	1734	0.266561
poi-50-1	1	1.34	25	1	217	2403	2.3746816	622	0.2349522
poi-50-1	1	1.34	25	2	108	1347	0.9635556	1556	0.2306287
poi-50-1	1	1.34	25	2	217	2829	3.3274752	5212	1.6782556
poi-50-1	1	1.34	25	3	108	1435	1.8818703	7222	1.1096582
poi-50-1	1	1.34	25	3	217	2987	1.7138602	694	0.1793249
poi-50-1	2	0.67	12	1	108	1016	0.7954413	627	0.0874974
poi-50-1	2	0.67	12	1	217	2001	2.6073177	3837	1.1125791
poi-50-1	2	0.67	12	2	108	1016	0.8362776	854	0.1182515
poi-50-1	2	0.67	12	2	217	2012	3.8273366	7666	2.2964267
poi-50-1	2	0.67	12	3	108	1016	1.062057	2209	0.3216085
poi-50-1	2	0.67	12	3	217	2004	3.2994987	5786	1.749903
poi-50-1	2	0.67	25	1	108	1156	1.3475315	353	0.0817998
poi-50-1	2	0.67	25	1	217	2181	5.0139887	4171	2.2197366
poi-50-1	2	0.67	25	2	108	1227	1.6901173	648	0.1934797
poi-50-1	2	0.67	25	2	217	2207	4.6147427	2563	1.5132661
poi-50-1	2	0.67	25	3	108	1253	2.0900352	1276	0.414507
poi-50-1	2	0.67	25	3	217	2208	3.6621786	806	0.4475339
poi-50-1	2	1	12	1	108	1074	0.668315	91	0.0104342
poi-50-1	2	1	12	1	217	2235	2.4529755	2638	0.8245959
poi-50-1	2	1	12	2	108	1074	0.6445966	140	0.0157205
poi-50-1	2	1	12	2	217	2259	2.1771628	2267	0.6492292
poi-50-1	2	1	12	3	108	1074	0.7449464	837	0.1096932
poi-50-1	2	1	12	3	217	2242	2.3792399	2798	0.8423691
poi-50-1	2	1	25	1	108	1366	1.4530448	4707	0.6964562
poi-50-1	2	1	25	1	217	2431	3.8150412	5582	2.0110102
poi-50-1	2	1	25	2	108	1566	0.8238408	874	0.1216272
poi-50-1	2	1	25	2	217	2431	1.5186827	17	0.0030016
poi-50-1	2	1	25	3	108	1616	0.8935527	1283	0.1842926
poi-50-1	2	1	25	3	217	2431	1.4696631	25	0.0050444
poi-50-1	2	1.34	12	1	108	1249	0.7023059	323	0.0383687
poi-50-1	2	1.34	12	1	217	2592	2.1176324	1730	0.5133952
poi-50-1	2	1.34	12	2	108	1270	0.7922063	1256	0.1599107
poi-50-1	2	1.34	12	2	217	2643	1.7251863	868	0.2177213
poi-50-1	2	1.34	12	3	108	1277	1.0282479	2983	0.3866411
poi-50-1	2	1.34	12	3	217	2703	2.8710001	4657	1.3698485
poi-50-1	2	1.34	25	1	108	1585	0.8316025	500	0.0755566
poi-50-1	2	1.34	25	1	217	2865	3.2885593	4075	1.447552
poi-50-1	2	1.34	25	2	108	1939	0.7949616	618	0.085158
poi-50-1	2	1.34	25	2	217	3032	1.7368843	757	0.1831699
poi-50-1	2	1.34	25	3	108	2022	2.1700795	10216	1.4535205
poi-50-1	2	1.34	25	3	217	3066	3.6893776	7265	2.1812238
poi-50-2	1	0.67	12	1	112	1443	1.0290422	59	0.0080961
poi-50-2	1	0.67	12	1	225	2077	2.4852353	3157	0.9424875
poi-50-2	1	0.67	12	2	112	1459	1.1506572	205	0.0307307
poi-50-2	1	0.67	12	2	225	2077	2.1982335	2026	0.6009898
poi-50-2	1	0.67	12	3	112	1479	1.2177371	63	0.0096444
poi-50-2	1	0.67	12	3	225	2076	1.626982	31	0.0048907
poi-50-2	1	0.67	24	1	112	1479	1.4244982	163	0.0316046
poi-50-2	1	0.67	24	1	225	2144	3.9815233	2576	1.2991237
poi-50-2	1	0.67	24	2	112	1517	1.8560497	307	0.0875341
poi-50-2	1	0.67	24	2	225	2163	4.3982321	1652	1.0724229
poi-50-2	1	0.67	24	3	112	1518	2.1468307	302	0.0894733
poi-50-2	1	0.67	24	3	225	2192	3.7729543	68	0.0256356
poi-50-2	1	1	12	1	112	1529	0.9789329	103	0.0168462
poi-50-2	1	1	12	1	225	2141	2.2937498	484	0.1331048
poi-50-2	1	1	12	2	112	1529	0.8523442	53	0.0083204
poi-50-2	1	1	12	2	225	2153	1.988664	524	0.1555718
poi-50-2	1	1	12	3	112	1564	1.0770762	1896	0.2962977
poi-50-2	1	1	12	3	225	2196	2.7433102	2678	0.928455
poi-50-2	1	1	24	1	112	1529	1.1880334	233	0.0477442
poi-50-2	1	1	24	1	225	2197	4.9465208	5557	2.5765227
poi-50-2	1	1	24	2	112	1619	1.1343322	861	0.1675817
poi-50-2	1	1	24	2	225	2268	2.1391993	1113	0.3277223
poi-50-2	1	1	24	3	112	1666	1.62844	3256	0.6415043
poi-50-2	1	1	24	3	225	2306	3.293496	4838	1.5994122
poi-50-2	1	1.34	12	1	112	1787	1.0682383	581	0.1032443
poi-50-2	1	1.34	12	1	225	2469	2.2466036	382	0.1379413
poi-50-2	1	1.34	12	2	112	1868	0.8449667	37	0.0056176
poi-50-2	1	1.34	12	2	225	2531	1.8320557	162	0.0355063
poi-50-2	1	1.34	12	3	112	1883	1.6959923	5794	0.9218246
poi-50-2	1	1.34	12	3	225	2604	3.0803646	3517	1.2567676
poi-50-2	1	1.34	24	1	112	1814	2.2018744	4459	1.03586
poi-50-2	1	1.34	24	1	225	2547	5.3893543	6421	2.9906658
poi-50-2	1	1.34	24	2	112	1963	1.5695274	2846	0.5658651
poi-50-2	1	1.34	24	2	225	2719	1.8715215	167	0.0397452
poi-50-2	1	1.34	24	3	112	2048	2.0473355	5243	1.0477273
poi-50-2	1	1.34	24	3	225	2833	4.7453866	8830	3.0056095
poi-50-2	2	0.67	12	1	112	1460	1.0584054	343	0.0595312
poi-50-2	2	0.67	12	1	225	2087	1.6625101	648	0.1471446
poi-50-2	2	0.67	12	2	112	1480	1.1967977	719	0.1367527
poi-50-2	2	0.67	12	2	225	2112	1.5610493	61	0.0103752
poi-50-2	2	0.67	12	3	112	1480	1.106711	105	0.0165173
poi-50-2	2	0.67	12	3	225	2092	1.5872172	109	0.0170319
poi-50-2	2	0.67	24	1	112	1628	3.2577234	4348	1.5000469
poi-50-2	2	0.67	24	1	225	2220	3.5380803	2196	1.0509451
poi-50-2	2	0.67	24	2	112	1661	3.4759815	3155	1.3331588
poi-50-2	2	0.67	24	2	225	2222	2.8554164	182	0.0663144
poi-50-2	2	0.67	24	3	112	1692	3.2383795	1806	0.8147743
poi-50-2	2	0.67	24	3	225	2224	4.9854059	3148	1.9176655
poi-50-2	2	1	12	1	112	1591	1.973969	5781	1.0515932
poi-50-2	2	1	12	1	225	2255	2.8683	1934	0.7640315
poi-50-2	2	1	12	2	112	1638	1.2186041	2646	0.4259108
poi-50-2	2	1	12	2	225	2255	1.9190242	91	0.0154552
poi-50-2	2	1	12	3	112	1638	1.6088102	5495	0.8396455
poi-50-2	2	1	12	3	225	2255	1.9772096	390	0.0852778
poi-50-2	2	1	24	1	112	1831	1.3811468	1476	0.3003592
poi-50-2	2	1	24	1	225	2342	2.0690122	282	0.0831336
poi-50-2	2	1	24	2	112	1983	1.5649769	3459	0.6288268
poi-50-2	2	1	24	2	225	2390	1.8394863	471	0.1209702
poi-50-2	2	1	24	3	112	2062	1.1344927	1133	0.2093315
poi-50-2	2	1	24	3	225	2390	1.7531756	325	0.0811949
poi-50-2	2	1.34	12	1	112	1842	0.9436915	221	0.0350173
poi-50-2	2	1.34	12	1	225	2552	2.0900615	382	0.0986721
poi-50-2	2	1.34	12	2	112	1932	1.1261073	1797	0.2849522
poi-50-2	2	1.34	12	2	225	2703	3.4208442	4324	1.5710766
poi-50-2	2	1.34	12	3	112	1956	1.3078528	3029	0.4988379
poi-50-2	2	1.34	12	3	225	2694	2.511783	1732	0.6189575
poi-50-2	2	1.34	24	1	112	2087	1.6513641	2524	0.5486057
poi-50-2	2	1.34	24	1	225	2766	4.0791021	5225	2.0645023
poi-50-2	2	1.34	24	2	112	2416	2.1111081	6075	1.1547328
poi-50-2	2	1.34	24	2	225	2910	3.5398252	4941	1.7499209
poi-50-2	2	1.34	24	3	112	2484	1.2049976	1425	0.2700276
poi-50-2	2	1.34	24	3	225	2982	2.3408986	1814	0.5961038
poi-50-3	1	0.67	13	1	109	1070	0.8800117	116	0.0153012
poi-50-3	1	0.67	13	1	218	1934	2.8715586	4017	1.258652
poi-50-3	1	0.67	13	2	109	1095	1.2557718	1898	0.3420522
poi-50-3	1	0.67	13	2	218	1953	4.4025501	7935	2.6750686
poi-50-3	1	0.67	13	3	109	1095	1.2001834	1445	0.2551642
poi-50-3	1	0.67	13	3	218	1953	1.7697969	68	0.0130135
poi-50-3	1	0.67	26	1	109	1108	1.3060508	672	0.1479948
poi-50-3	1	0.67	26	1	218	2028	3.3818428	1663	0.818894
poi-50-3	1	0.67	26	2	109	1156	1.4821659	81	0.0171292
poi-50-3	1	0.67	26	2	218	2024	3.1874477	46	0.0158585
poi-50-3	1	0.67	26	3	109	1192	1.9546025	758	0.2365569
poi-50-3	1	0.67	26	3	218	2098	3.6937267	81	0.0303224
poi-50-3	1	1	13	1	109	1101	1.593447	4576	0.7562759
poi-50-3	1	1	13	1	218	2002	2.6472652	2152	0.7566149
poi-50-3	1	1	13	2	109	1088	0.7381274	18	0.0027211
poi-50-3	1	1	13	2	218	2078	1.9228216	1221	0.3257391
poi-50-3	1	1	13	3	109	1151	0.8461334	946	0.1308492
poi-50-3	1	1	13	3	218	2092	1.8469946	1270	0.3319225
poi-50-3	1	1	26	1	109	1138	1.1412107	752	0.1468833
poi-50-3	1	1	26	1	218	2181	3.7184035	3092	1.4172491
poi-50-3	1	1	26	2	109	1262	1.6590203	4593	0.7935281
poi-50-3	1	1	26	2	218	2265	2.356442	2005	0.6238759
poi-50-3	1	1	26	3	109	1317	1.3946624	2836	0.5051255
poi-50-3	1	1	26	3	218	2330	4.1565572	8328	2.5918474
poi-50-3	1	1.34	13	1	109	1270	0.858134	54	0.0089117
poi-50-3	1	1.34	13	1	218	2303	2.7798848	2345	0.8465365
poi-50-3	1	1.34	13	2	109	1307	1.47844	4968	0.735426
poi-50-3	1	1.34	13	2	218	2462	3.6936414	6668	2.0871103
poi-50-3	1	1.34	13	3	109	1326	1.3942305	4585	0.6659229
poi-50-3	1	1.34	13	3	218	2474	2.4963998	3335	0.9668875
poi-50-3	1	1.34	26	1	109	1291	3.324226	11046	2.274876
poi-50-3	1	1.34	26	1	218	2414	3.3856107	2307	1.0133636
poi-50-3	1	1.34	26	2	109	1450	0.9958063	571	0.1013939
poi-50-3	1	1.34	26	2	218	2705	2.2854734	1516	0.5183328
poi-50-3	1	1.34	26	3	109	1592	2.4184759	8264	1.5102223
poi-50-3	1	1.34	26	3	218	2878	1.6194442	47	0.0120857
poi-50-3	2	0.67	13	1	109	1095	0.9380658	501	0.0785102
poi-50-3	2	0.67	13	1	218	2045	2.0965738	1760	0.5037476
poi-50-3	2	0.67	13	2	109	1120	1.2149197	1725	0.3057132
poi-50-3	2	0.67	13	2	218	2058	1.7044002	197	0.0405233
poi-50-3	2	0.67	13	3	109	1164	1.7163287	4314	0.7804231
poi-50-3	2	0.67	13	3	218	2040	2.2889537	1854	0.582298
poi-50-3	2	0.67	26	1	109	1241	2.1330013	2640	0.7166576
poi-50-3	2	0.67	26	1	218	2161	3.8272525	2082	1.0721975
poi-50-3	2	0.67	26	2	109	1386	4.829156	7712	2.9039996
poi-50-3	2	0.67	26	2	218	2212	3.7405331	971	0.5732374
poi-50-3	2	0.67	26	3	109	1463	2.5694935	887	0.3703053
poi-50-3	2	0.67	26	3	218	2220	4.8220076	2086	1.3978497
poi-50-3	2	1	13	1	109	1188	1.4479815	3988	0.642408
poi-50-3	2	1	13	1	218	2146	3.453107	4913	1.6811873
poi-50-3	2	1	13	2	109	1332	1.4813081	5411	0.7650759
poi-50-3	2	1	13	2	218	2216	2.0898951	1578	0.4487475
poi-50-3	2	1	13	3	109	1381	1.533288	5928	0.8275721
poi-50-3	2	1	13	3	218	2232	2.3716071	2517	0.7661021
poi-50-3	2	1	26	1	109	1369	1.2479977	1667	0.3071132
poi-50-3	2	1	26	1	218	2426	2.9499104	3037	1.0671818
poi-50-3	2	1	26	2	109	1685	1.5288572	4049	0.6768383
poi-50-3	2	1	26	2	218	2449	1.7088622	553	0.1381017
poi-50-3	2	1	26	3	109	1876	1.5050157	3957	0.6675876
poi-50-3	2	1	26	3	218	2449	1.5024209	14	0.0029578
poi-50-3	2	1.34	13	1	109	1376	0.9289734	886	0.1322668
poi-50-3	2	1.34	13	1	218	2541	4.4938393	7920	2.7324342
poi-50-3	2	1.34	13	2	109	1518	0.8986872	1051	0.1508946
poi-50-3	2	1.34	13	2	218	2605	2.9863082	4603	1.42565
poi-50-3	2	1.34	13	3	109	1500	1.1559911	3063	0.4297587
poi-50-3	2	1.34	13	3	218	2653	3.1550953	5478	1.6226522
poi-50-3	2	1.34	26	1	109	1729	1.6730257	3804	0.7225462
poi-50-3	2	1.34	26	1	218	2874	4.3151343	6374	2.3761081
poi-50-3	2	1.34	26	2	109	2081	2.0389026	6790	1.1644927
poi-50-3	2	1.34	26	2	218	3039	1.9443644	1130	0.3030915
poi-50-3	2	1.34	26	3	109	2335	1.9462055	6300	1.0837993
poi-50-3	2	1.34	26	3	218	3084	3.7254228	6829	2.1401669
poi-50-4	1	0.67	13	1	108	805	0.5684855	8	0.0006644
poi-50-4	1	0.67	13	1	216	1726	2.5899734	3699	1.0700799
poi-50-4	1	0.67	13	2	108	815	0.5879847	37	0.0037486
poi-50-4	1	0.67	13	2	216	1727	1.9551429	1285	0.3593366
poi-50-4	1	0.67	13	3	108	815	0.6108509	18	0.0020192
poi-50-4	1	0.67	13	3	216	1730	2.6785535	3198	1.0333047
poi-50-4	1	0.67	27	1	108	857	0.869953	444	0.0672054
poi-50-4	1	0.67	27	1	216	1904	2.9442988	1313	0.4995009
poi-50-4	1	0.67	27	2	108	886	1.384055	1595	0.3302332
poi-50-4	1	0.67	27	2	216	1937	4.1371715	1823	1.0303295
poi-50-4	1	0.67	27	3	108	912	1.8474266	2542	0.621507
poi-50-4	1	0.67	27	3	216	2005	3.8953951	708	0.3840181
poi-50-4	1	1	13	1	108	838	0.5632676	108	0.0123593
poi-50-4	1	1	13	1	216	1727	3.3063794	5347	1.6776051
poi-50-4	1	1	13	2	108	838	0.5761029	0	0
poi-50-4	1	1	13	2	216	1810	1.6384468	703	0.176141
poi-50-4	1	1	13	3	108	866	0.5776845	36	0.0045067
poi-50-4	1	1	13	3	216	1843	1.6456969	567	0.1403288
poi-50-4	1	1	27	1	108	917	1.6071583	6536	0.9078697
poi-50-4	1	1	27	1	216	1992	2.9143769	2866	1.0241061
poi-50-4	1	1	27	2	108	1027	0.7021682	108	0.0163937
poi-50-4	1	1	27	2	216	2164	2.9960423	5213	1.4967724
poi-50-4	1	1	27	3	108	1062	0.7473133	37	0.0071552
poi-50-4	1	1	27	3	216	2241	2.388777	3572	0.9851033
poi-50-4	1	1.34	13	1	108	962	0.6637653	832	0.0930672
poi-50-4	1	1.34	13	1	216	1941	2.1178509	1512	0.4649382
poi-50-4	1	1.34	13	2	108	1008	1.0194711	3648	0.430541
poi-50-4	1	1.34	13	2	216	2107	3.4798861	6614	1.9622296
poi-50-4	1	1.34	13	3	108	1001	0.7700421	1510	0.1838279
poi-50-4	1	1.34	13	3	216	2116	1.6654777	547	0.1336477
poi-50-4	1	1.34	27	1	108	1059	1.3280882	3999	0.5899756
poi-50-4	1	1.34	27	1	216	2203	4.668745	7217	2.7269643
poi-50-4	1	1.34	27	2	108	1198	1.079755	2566	0.3674003
poi-50-4	1	1.34	27	2	216	2512	3.014618	4996	1.4753232
poi-50-4	1	1.34	27	3	108	1358	1.6710405	5942	0.9110826
poi-50-4	1	1.34	27	3	216	2855	1.6651426	867	0.222305
poi-50-4	2	0.67	13	1	108	823	0.5746354	0	0
poi-50-4	2	0.67	13	1	216	1762	1.5227537	374	0.0746592
poi-50-4	2	0.67	13	2	108	823	0.5960131	0	0
poi-50-4	2	0.67	13	2	216	1767	1.9259838	1673	0.4462509
poi-50-4	2	0.67	13	3	108	823	0.6051705	0	0
poi-50-4	2	0.67	13	3	216	1826	1.6311909	514	0.1215306
poi-50-4	2	0.67	27	1	108	950	1.3774377	1589	0.3258093
poi-50-4	2	0.67	27	1	216	2053	3.7047753	2250	1.10827
poi-50-4	2	0.67	27	2	108	1074	3.8616175	8679	2.4294019
poi-50-4	2	0.67	27	2	216	2121	6.6344149	6038	3.5500972
poi-50-4	2	0.67	27	3	108	1135	1.9244635	1116	0.3474554
poi-50-4	2	0.67	27	3	216	2109	10.4544475	10818	7.1353082
poi-50-4	2	1	13	1	108	907	1.3106209	6395	0.7376682
poi-50-4	2	1	13	1	216	1863	3.7731569	6911	2.1664849
poi-50-4	2	1	13	2	108	909	1.0297954	4315	0.472482
poi-50-4	2	1	13	2	216	1953	3.0179626	5216	1.5099799
poi-50-4	2	1	13	3	108	912	0.8867402	3006	0.3426729
poi-50-4	2	1	13	3	216	1969	1.6478182	417	0.0876702
poi-50-4	2	1	27	1	108	1116	0.7471284	427	0.0593348
poi-50-4	2	1	27	1	216	2325	2.875172	3895	1.2494031
poi-50-4	2	1	27	2	108	1364	1.3490777	4946	0.6741883
poi-50-4	2	1	27	2	216	2408	1.4475483	24	0.0047829
poi-50-4	2	1	27	3	108	1520	2.1269861	9961	1.4140391
poi-50-4	2	1	27	3	216	2408	1.4048162	54	0.0105669
poi-50-4	2	1.34	13	1	108	1019	0.6121409	388	0.0436682
poi-50-4	2	1.34	13	1	216	2210	4.1978397	8384	2.6108852
poi-50-4	2	1.34	13	2	108	1074	1.4188155	7355	0.8479689
poi-50-4	2	1.34	13	2	216	2325	2.4661785	3336	0.9664483
poi-50-4	2	1.34	13	3	108	1071	0.9218238	3001	0.3469969
poi-50-4	2	1.34	13	3	216	2324	2.9487433	5004	1.4617173
poi-50-4	2	1.34	27	1	108	1313	1.0338264	2512	0.3452335
poi-50-4	2	1.34	27	1	216	2677	1.6905196	144	0.032703
poi-50-4	2	1.34	27	2	108	1610	0.6984343	135	0.0192699
poi-50-4	2	1.34	27	2	216	2928	1.5825382	343	0.0879453
poi-50-4	2	1.34	27	3	108	1812	0.9265557	1464	0.209594
poi-50-4	2	1.34	27	3	216	3037	2.6202908	3897	1.1350906
poi-50-5	1	0.67	11	1	111	1255	0.9741757	73	0.0103558
poi-50-5	1	0.67	11	1	222	2081	2.4695709	2846	0.8663488
poi-50-5	1	0.67	11	2	111	1255	1.8998689	4636	0.9073927
poi-50-5	1	0.67	11	2	222	2094	3.1937329	4610	1.517695
poi-50-5	1	0.67	11	3	111	1255	1.0201427	33	0.004776
poi-50-5	1	0.67	11	3	222	2075	3.0287992	4045	1.3436074
poi-50-5	1	0.67	23	1	111	1329	2.0592478	1626	0.4780495
poi-50-5	1	0.67	23	1	222	2160	5.0605244	4150	2.2487384
poi-50-5	1	0.67	23	2	111	1378	2.1400936	132	0.0404897
poi-50-5	1	0.67	23	2	222	2150	5.4259457	2746	1.9041453
poi-50-5	1	0.67	23	3	111	1402	5.4085073	6152	2.9657045
poi-50-5	1	0.67	23	3	222	2172	6.1768774	3076	2.2962711
poi-50-5	1	1	11	1	111	1329	1.548356	4299	0.7123577
poi-50-5	1	1	11	1	222	2138	2.5532755	1565	0.5891507
poi-50-5	1	1	11	2	111	1335	1.2155929	2964	0.4493158
poi-50-5	1	1	11	2	222	2160	3.5143079	5256	1.7934431
poi-50-5	1	1	11	3	111	1335	0.8966647	925	0.1298842
poi-50-5	1	1	11	3	222	2144	2.2700168	1876	0.597768
poi-50-5	1	1	23	1	111	1398	1.6926569	2298	0.5327393
poi-50-5	1	1	23	1	222	2241	3.2778974	1963	0.9071048
poi-50-5	1	1	23	2	111	1491	1.1964561	1172	0.2230932
poi-50-5	1	1	23	2	222	2321	2.4624751	2046	0.6702418
poi-50-5	1	1	23	3	111	1598	2.0731293	5740	1.1061247
poi-50-5	1	1	23	3	222	2440	2.9686723	4042	1.2828564
poi-50-5	1	1.34	11	1	111	1518	2.1559594	7554	1.2956077
poi-50-5	1	1.34	11	1	222	2378	3.0629121	3136	1.1521285
poi-50-5	1	1.34	11	2	111	1593	1.4027055	4103	0.6308993
poi-50-5	1	1.34	11	2	222	2523	1.9205989	769	0.2255029
poi-50-5	1	1.34	11	3	111	1604	1.3349209	3794	0.575174
poi-50-5	1	1.34	11	3	222	2500	1.7608659	358	0.0879304
poi-50-5	1	1.34	23	1	111	1590	1.3324468	591	0.1352629
poi-50-5	1	1.34	23	1	222	2505	2.6331144	502	0.1859066
poi-50-5	1	1.34	23	2	111	1799	1.2394592	1201	0.2386622
poi-50-5	1	1.34	23	2	222	2769	2.0095627	600	0.1728115
poi-50-5	1	1.34	23	3	111	1962	1.6352456	3222	0.6401383
poi-50-5	1	1.34	23	3	222	3003	1.8490858	522	0.1455024
poi-50-5	2	0.67	11	1	111	1356	0.9580785	125	0.01883
poi-50-5	2	0.67	11	1	222	2114	3.6683512	6678	2.0798975
poi-50-5	2	0.67	11	2	111	1356	0.9886428	118	0.0174939
poi-50-5	2	0.67	11	2	222	2114	1.6730352	223	0.0429395
poi-50-5	2	0.67	11	3	111	1356	0.9959415	85	0.0137875
poi-50-5	2	0.67	11	3	222	2107	1.6863973	186	0.0407883
poi-50-5	2	0.67	23	1	111	1492	3.0176292	3019	1.1241892
poi-50-5	2	0.67	23	1	222	2194	4.8206327	3590	1.9651697
poi-50-5	2	0.67	23	2	111	1553	3.8161362	3236	1.4838026
poi-50-5	2	0.67	23	2	222	2212	3.1934465	105	0.0415793
poi-50-5	2	0.67	23	3	111	1589	3.4367004	1752	0.844691
poi-50-5	2	0.67	23	3	222	2241	5.0125842	2419	1.6210295
poi-50-5	2	1	11	1	111	1462	0.9980713	1206	0.1807929
poi-50-5	2	1	11	1	222	2202	1.8873292	48	0.0104992
poi-50-5	2	1	11	2	111	1486	1.5593405	5587	0.817905
poi-50-5	2	1	11	2	222	2290	5.2218404	10177	3.4874272
poi-50-5	2	1	11	3	111	1486	0.7955002	557	0.0756532
poi-50-5	2	1	11	3	222	2274	2.8893103	3338	1.1352774
poi-50-5	2	1	23	1	111	1720	1.9392837	4279	0.892277
poi-50-5	2	1	23	1	222	2440	2.0237749	378	0.0836951
poi-50-5	2	1	23	2	111	1877	1.3601509	2171	0.4058319
poi-50-5	2	1	23	2	222	2467	1.72105	346	0.0685701
poi-50-5	2	1	23	3	111	1917	1.1378771	1222	0.221741
poi-50-5	2	1	23	3	222	2467	1.602291	42	0.0113416
poi-50-5	2	1.34	11	1	111	1702	1.6168881	5221	0.8215733
poi-50-5	2	1.34	11	1	222	2504	2.9958945	2945	1.0937831
poi-50-5	2	1.34	11	2	111	1731	1.6745539	6345	0.9329449
poi-50-5	2	1.34	11	2	222	2557	1.9767198	789	0.2437994
poi-50-5	2	1.34	11	3	111	1744	0.8369971	912	0.132382
poi-50-5	2	1.34	11	3	222	2611	3.6655043	6023	1.977128
poi-50-5	2	1.34	23	1	111	2013	1.1753742	384	0.0797687
poi-50-5	2	1.34	23	1	222	2930	5.3494405	8692	3.3597408
poi-50-5	2	1.34	23	2	111	2282	1.3421319	2050	0.3880868
poi-50-5	2	1.34	23	2	222	3075	2.8986124	3626	1.202631
poi-50-5	2	1.34	23	3	111	2370	1.3367422	2370	0.4281803
poi-50-5	2	1.34	23	3	222	3113	3.4135932	5603	1.7722822
AverageObj: 1019.8, IterToBest: 1360.65, TimeToBest: 0.24
