InstanceName	alpha	beta	L	m	Tmax	ObjValue	CpuTime	IterToBest	TimeToBest
poi-10-1	1	0.67	15	1	59	201	0.0236523	0	0
poi-10-1	1	0.67	15	1	118	295	0.0398012	0	0
poi-10-1	1	0.67	15	2	59	201	0.0240038	0	0
poi-10-1	1	0.67	15	2	118	295	0.0413041	0	0
poi-10-1	1	0.67	15	3	59	201	0.024731	0	0
poi-10-1	1	0.67	15	3	118	295	0.0419252	0	0
poi-10-1	1	0.67	30	1	59	201	0.0258779	0	0
poi-10-1	1	0.67	30	1	118	295	0.0527687	0	0
poi-10-1	1	0.67	30	2	59	201	0.0264306	0	0
poi-10-1	1	0.67	30	2	118	295	0.0554594	0	0
poi-10-1	1	0.67	30	3	59	201	0.0275174	0	0
poi-10-1	1	0.67	30	3	118	295	0.0585346	0	0
poi-10-1	1	1	15	1	59	201	0.032401	0	0
poi-10-1	1	1	15	1	118	295	0.0682008	0	0
poi-10-1	1	1	15	2	59	201	0.0340341	0	0
poi-10-1	1	1	15	2	118	295	0.0700459	0	0
poi-10-1	1	1	15	3	59	201	0.0356751	0	0
poi-10-1	1	1	15	3	118	295	0.0713402	0	0
poi-10-1	1	1	30	1	59	201	0.0358129	0	0
poi-10-1	1	1	30	1	118	295	0.0708177	0	0
poi-10-1	1	1	30	2	59	201	0.0395196	0	0
poi-10-1	1	1	30	2	118	295	0.076958	0	0
poi-10-1	1	1	30	3	59	201	0.0431154	0	0
poi-10-1	1	1	30	3	118	295	0.0827882	0	0
poi-10-1	1	1.33	15	1	59	233	0.0304834	0	0
poi-10-1	1	1.33	15	1	118	327	0.0631848	0	0
poi-10-1	1	1.33	15	2	59	233	0.0317545	0	0
poi-10-1	1	1.33	15	2	118	327	0.0648675	0	0
poi-10-1	1	1.33	15	3	59	233	0.0328963	0	0
poi-10-1	1	1.33	15	3	118	327	0.0663092	0	0
poi-10-1	1	1.33	30	1	59	233	0.0350647	0	0
poi-10-1	1	1.33	30	1	118	347	0.0654093	4	5.97E-05
poi-10-1	1	1.33	30	2	59	233	0.0388883	0	0
poi-10-1	1	1.33	30	2	118	347	0.0700358	2	9.99E-05
poi-10-1	1	1.33	30	3	59	233	0.0428661	0	0
poi-10-1	1	1.33	30	3	118	347	0.0752158	3	5E-05
poi-10-1	2	0.67	15	1	59	201	0.0232843	0	0
poi-10-1	2	0.67	15	1	118	295	0.040153	0	0
poi-10-1	2	0.67	15	2	59	201	0.0239344	0	0
poi-10-1	2	0.67	15	2	118	295	0.0409302	0	0
poi-10-1	2	0.67	15	3	59	201	0.0248203	0	0
poi-10-1	2	0.67	15	3	118	295	0.0418258	0	0
poi-10-1	2	0.67	30	1	59	201	0.0254755	0	0
poi-10-1	2	0.67	30	1	118	295	0.0525059	0	0
poi-10-1	2	0.67	30	2	59	201	0.0265029	0	0
poi-10-1	2	0.67	30	2	118	295	0.0553445	0	0
poi-10-1	2	0.67	30	3	59	201	0.0274735	0	0
poi-10-1	2	0.67	30	3	118	295	0.0580401	0	0
poi-10-1	2	1	15	1	59	201	0.0311775	0	0
poi-10-1	2	1	15	1	118	295	0.067871	0	0
poi-10-1	2	1	15	2	59	201	0.0324344	0	0
poi-10-1	2	1	15	2	118	295	0.0693146	0	0
poi-10-1	2	1	15	3	59	201	0.033528	0	0
poi-10-1	2	1	15	3	118	295	0.0711922	0	0
poi-10-1	2	1	30	1	59	201	0.0357795	0	0
poi-10-1	2	1	30	1	118	295	0.0706591	0	0
poi-10-1	2	1	30	2	59	201	0.0398099	0	0
poi-10-1	2	1	30	2	118	295	0.0770573	0	0
poi-10-1	2	1	30	3	59	201	0.0430172	0	0
poi-10-1	2	1	30	3	118	295	0.0831114	0	0
poi-10-1	2	1.33	15	1	59	233	0.0307526	0	0
poi-10-1	2	1.33	15	1	118	327	0.0631943	0	0
poi-10-1	2	1.33	15	2	59	233	0.0321473	0	0
poi-10-1	2	1.33	15	2	118	327	0.0647104	0	0
poi-10-1	2	1.33	15	3	59	233	0.0330926	0	0
poi-10-1	2	1.33	15	3	118	327	0.066258	0	0
poi-10-1	2	1.33	30	1	59	233	0.0354041	0	0
poi-10-1	2	1.33	30	1	118	347	0.0652824	2	3.14E-05
poi-10-1	2	1.33	30	2	59	233	0.0391111	0	0
poi-10-1	2	1.33	30	2	118	347	0.0702004	2	3.17E-05
poi-10-1	2	1.33	30	3	59	233	0.0425142	0	0
poi-10-1	2	1.33	30	3	118	347	0.0756572	11	0.0001768
poi-10-2	1	0.67	13	1	58	76	0.0225578	0	0
poi-10-2	1	0.67	13	1	116	296	0.0359023	1	9.1E-06
poi-10-2	1	0.67	13	2	58	76	0.0232738	0	0
poi-10-2	1	0.67	13	2	116	296	0.0364422	16	0.0001158
poi-10-2	1	0.67	13	3	58	76	0.0237442	0	0
poi-10-2	1	0.67	13	3	116	296	0.0369684	6	4.56E-05
poi-10-2	1	0.67	27	1	58	76	0.0275135	0	0
poi-10-2	1	0.67	27	1	116	296	0.0473295	14	0.0001368
poi-10-2	1	0.67	27	2	58	76	0.0283879	0	0
poi-10-2	1	0.67	27	2	116	296	0.0490906	8	8.9E-05
poi-10-2	1	0.67	27	3	58	76	0.0297044	0	0
poi-10-2	1	0.67	27	3	116	296	0.0510167	1	1.01E-05
poi-10-2	1	1	13	1	58	76	0.0226439	0	0
poi-10-2	1	1	13	1	116	296	0.0599448	3	4.02E-05
poi-10-2	1	1	13	2	58	76	0.0234434	0	0
poi-10-2	1	1	13	2	116	296	0.0616248	2	2.82E-05
poi-10-2	1	1	13	3	58	76	0.0240525	0	0
poi-10-2	1	1	13	3	116	296	0.0625221	3	3.87E-05
poi-10-2	1	1	27	1	58	76	0.0274795	0	0
poi-10-2	1	1	27	1	116	296	0.0714958	6	0.0001764
poi-10-2	1	1	27	2	58	76	0.0285508	0	0
poi-10-2	1	1	27	2	116	296	0.0798174	4	7.68E-05
poi-10-2	1	1	27	3	58	76	0.0295659	0	0
poi-10-2	1	1	27	3	116	296	0.0842469	2	4.07E-05
poi-10-2	1	1.33	13	1	58	76	0.0226387	0	0
poi-10-2	1	1.33	13	1	116	313	0.0620416	11	0.0001294
poi-10-2	1	1.33	13	2	58	76	0.0225121	0	0
poi-10-2	1	1.33	13	2	116	313	0.0602418	4	5.01E-05
poi-10-2	1	1.33	13	3	58	76	0.0234471	0	0
poi-10-2	1	1.33	13	3	116	313	0.0613054	8	9.63E-05
poi-10-2	1	1.33	27	1	58	76	0.0269749	0	0
poi-10-2	1	1.33	27	1	116	343	0.0704887	11	0.0001617
poi-10-2	1	1.33	27	2	58	76	0.0281939	0	0
poi-10-2	1	1.33	27	2	116	345	0.0808261	10	0.0001745
poi-10-2	1	1.33	27	3	58	76	0.0291261	0	0
poi-10-2	1	1.33	27	3	116	345	0.0849207	4	7.65E-05
poi-10-2	2	0.67	13	1	58	76	0.0222051	0	0
poi-10-2	2	0.67	13	1	116	296	0.0350668	6	4.6E-05
poi-10-2	2	0.67	13	2	58	76	0.0227433	0	0
poi-10-2	2	0.67	13	2	116	296	0.0356591	18	0.0001288
poi-10-2	2	0.67	13	3	58	76	0.0231176	0	0
poi-10-2	2	0.67	13	3	116	296	0.0360723	9	6.68E-05
poi-10-2	2	0.67	27	1	58	76	0.0269881	0	0
poi-10-2	2	0.67	27	1	116	296	0.046548	11	0.0001012
poi-10-2	2	0.67	27	2	58	76	0.0279256	0	0
poi-10-2	2	0.67	27	2	116	296	0.0489123	2	1.8E-05
poi-10-2	2	0.67	27	3	58	76	0.0291533	0	0
poi-10-2	2	0.67	27	3	116	296	0.0511432	12	0.0001217
poi-10-2	2	1	13	1	58	76	0.0220919	0	0
poi-10-2	2	1	13	1	116	296	0.0590496	4	5.05E-05
poi-10-2	2	1	13	2	58	76	0.0227348	0	0
poi-10-2	2	1	13	2	116	296	0.0601332	6	7.35E-05
poi-10-2	2	1	13	3	58	76	0.0232029	0	0
poi-10-2	2	1	13	3	116	296	0.0611242	4	5.12E-05
poi-10-2	2	1	27	1	58	76	0.0268203	0	0
poi-10-2	2	1	27	1	116	296	0.065981	11	0.0001537
poi-10-2	2	1	27	2	58	76	0.0281801	0	0
poi-10-2	2	1	27	2	116	296	0.0733909	2	3.87E-05
poi-10-2	2	1	27	3	58	76	0.0290025	0	0
poi-10-2	2	1	27	3	116	296	0.0771916	2	4.08E-05
poi-10-2	2	1.33	13	1	58	76	0.0222043	0	0
poi-10-2	2	1.33	13	1	116	313	0.0593769	4	4.96E-05
poi-10-2	2	1.33	13	2	58	76	0.0226419	0	0
poi-10-2	2	1.33	13	2	116	313	0.0601292	4	4.89E-05
poi-10-2	2	1.33	13	3	58	76	0.0233538	0	0
poi-10-2	2	1.33	13	3	116	313	0.0626578	109	0.0012898
poi-10-2	2	1.33	27	1	58	76	0.027017	0	0
poi-10-2	2	1.33	27	1	116	355	0.0697771	2	3.19E-05
poi-10-2	2	1.33	27	2	58	76	0.0280084	0	0
poi-10-2	2	1.33	27	2	116	355	0.0785528	3	5.19E-05
poi-10-2	2	1.33	27	3	58	76	0.0290726	0	0
poi-10-2	2	1.33	27	3	116	355	0.0817219	3	5.45E-05
poi-10-3	1	0.67	14	1	59	0	0.0213832	0	0
poi-10-3	1	0.67	14	1	119	243	0.0400922	0	0
poi-10-3	1	0.67	14	2	59	0	0.0222501	0	0
poi-10-3	1	0.67	14	2	119	243	0.0425926	0	0
poi-10-3	1	0.67	14	3	59	0	0.0230865	0	0
poi-10-3	1	0.67	14	3	119	243	0.0439989	0	0
poi-10-3	1	0.67	28	1	59	0	0.0219457	0	0
poi-10-3	1	0.67	28	1	119	243	0.0489254	0	0
poi-10-3	1	0.67	28	2	59	0	0.0229717	0	0
poi-10-3	1	0.67	28	2	119	243	0.0581186	0	0
poi-10-3	1	0.67	28	3	59	0	0.0236514	0	0
poi-10-3	1	0.67	28	3	119	243	0.0640522	0	0
poi-10-3	1	1	14	1	59	0	0.0213876	0	0
poi-10-3	1	1	14	1	119	243	0.0635253	0	0
poi-10-3	1	1	14	2	59	0	0.0221558	0	0
poi-10-3	1	1	14	2	119	243	0.0726025	0	0
poi-10-3	1	1	14	3	59	0	0.0229336	0	0
poi-10-3	1	1	14	3	119	243	0.077614	0	0
poi-10-3	1	1	28	1	59	0	0.0220815	0	0
poi-10-3	1	1	28	1	119	243	0.0747218	0	0
poi-10-3	1	1	28	2	59	0	0.0229938	0	0
poi-10-3	1	1	28	2	119	243	0.0848532	0	0
poi-10-3	1	1	28	3	59	0	0.0235678	0	0
poi-10-3	1	1	28	3	119	243	0.0899148	0	0
poi-10-3	1	1.33	14	1	59	0	0.0214182	0	0
poi-10-3	1	1.33	14	1	119	275	0.0640863	0	0
poi-10-3	1	1.33	14	2	59	0	0.0221754	0	0
poi-10-3	1	1.33	14	2	119	295	0.076209	8	0.0001287
poi-10-3	1	1.33	14	3	59	0	0.0230999	0	0
poi-10-3	1	1.33	14	3	119	295	0.0786994	14	0.0002373
poi-10-3	1	1.33	28	1	59	0	0.0221124	0	0
poi-10-3	1	1.33	28	1	119	295	0.0728499	0	0
poi-10-3	1	1.33	28	2	59	0	0.0229223	0	0
poi-10-3	1	1.33	28	2	119	301	0.0818459	99	0.0016696
poi-10-3	1	1.33	28	3	59	0	0.0238317	0	0
poi-10-3	1	1.33	28	3	119	301	0.0850542	34	0.000695
poi-10-3	2	0.67	14	1	59	0	0.0214764	0	0
poi-10-3	2	0.67	14	1	119	243	0.040146	0	0
poi-10-3	2	0.67	14	2	59	0	0.0221579	0	0
poi-10-3	2	0.67	14	2	119	243	0.0427893	0	0
poi-10-3	2	0.67	14	3	59	0	0.0231081	0	0
poi-10-3	2	0.67	14	3	119	243	0.0441256	0	0
poi-10-3	2	0.67	28	1	59	0	0.0220288	0	0
poi-10-3	2	0.67	28	1	119	243	0.0494617	0	0
poi-10-3	2	0.67	28	2	59	0	0.0228939	0	0
poi-10-3	2	0.67	28	2	119	243	0.0579065	0	0
poi-10-3	2	0.67	28	3	59	0	0.0239565	0	0
poi-10-3	2	0.67	28	3	119	243	0.0640559	0	0
poi-10-3	2	1	14	1	59	0	0.0216236	0	0
poi-10-3	2	1	14	1	119	243	0.0636157	0	0
poi-10-3	2	1	14	2	59	0	0.0221291	0	0
poi-10-3	2	1	14	2	119	243	0.072444	0	0
poi-10-3	2	1	14	3	59	0	0.023094	0	0
poi-10-3	2	1	14	3	119	243	0.0765193	0	0
poi-10-3	2	1	28	1	59	0	0.0219041	0	0
poi-10-3	2	1	28	1	119	243	0.0757291	0	0
poi-10-3	2	1	28	2	59	0	0.0229233	0	0
poi-10-3	2	1	28	2	119	243	0.0830474	0	0
poi-10-3	2	1	28	3	59	0	0.0236957	0	0
poi-10-3	2	1	28	3	119	243	0.0857298	0	0
poi-10-3	2	1.33	14	1	59	0	0.0215568	0	0
poi-10-3	2	1.33	14	1	119	295	0.0656079	4	5.82E-05
poi-10-3	2	1.33	14	2	59	0	0.0222741	0	0
poi-10-3	2	1.33	14	2	119	295	0.0798536	0	0
poi-10-3	2	1.33	14	3	59	0	0.0230442	0	0
poi-10-3	2	1.33	14	3	119	295	0.0836746	0	0
poi-10-3	2	1.33	28	1	59	0	0.0221358	0	0
poi-10-3	2	1.33	28	1	119	295	0.0713506	0	0
poi-10-3	2	1.33	28	2	59	0	0.0229908	0	0
poi-10-3	2	1.33	28	2	119	301	0.0817107	10	0.0001754
poi-10-3	2	1.33	28	3	59	0	0.0238796	0	0
poi-10-3	2	1.33	28	3	119	301	0.0870405	75	0.0013856
poi-10-4	1	0.67	13	1	59	163	0.0209659	0	0
poi-10-4	1	0.67	13	1	118	324	0.036689	0	0
poi-10-4	1	0.67	13	2	59	163	0.0214347	0	0
poi-10-4	1	0.67	13	2	118	324	0.0373506	0	0
poi-10-4	1	0.67	13	3	59	163	0.0219795	0	0
poi-10-4	1	0.67	13	3	118	324	0.0379956	0	0
poi-10-4	1	0.67	26	1	59	173	0.0318646	0	0
poi-10-4	1	0.67	26	1	118	340	0.0523362	68	0.0007792
poi-10-4	1	0.67	26	2	59	173	0.0338858	0	0
poi-10-4	1	0.67	26	2	118	340	0.0552074	58	0.0007074
poi-10-4	1	0.67	26	3	59	173	0.0355578	0	0
poi-10-4	1	0.67	26	3	118	340	0.0578369	33	0.0003913
poi-10-4	1	1	13	1	59	163	0.0233727	0	0
poi-10-4	1	1	13	1	118	324	0.0619241	0	0
poi-10-4	1	1	13	2	59	163	0.0237796	0	0
poi-10-4	1	1	13	2	118	324	0.0628408	0	0
poi-10-4	1	1	13	3	59	163	0.0245666	0	0
poi-10-4	1	1	13	3	118	324	0.0640538	0	0
poi-10-4	1	1	26	1	59	179	0.0298055	0	0
poi-10-4	1	1	26	1	118	358	0.0667097	21	0.0002897
poi-10-4	1	1	26	2	59	179	0.0321806	0	0
poi-10-4	1	1	26	2	118	358	0.0722298	3	4.96E-05
poi-10-4	1	1	26	3	59	179	0.0346367	0	0
poi-10-4	1	1	26	3	118	358	0.0782534	19	0.0003001
poi-10-4	1	1.33	13	1	59	163	0.0232783	0	0
poi-10-4	1	1.33	13	1	118	324	0.061748	0	0
poi-10-4	1	1.33	13	2	59	163	0.0238451	0	0
poi-10-4	1	1.33	13	2	118	324	0.0631113	0	0
poi-10-4	1	1.33	13	3	59	163	0.0243689	0	0
poi-10-4	1	1.33	13	3	118	324	0.0642767	0	0
poi-10-4	1	1.33	26	1	59	184	0.0288593	0	0
poi-10-4	1	1.33	26	1	118	399	0.0936959	0	0
poi-10-4	1	1.33	26	2	59	184	0.0313151	0	0
poi-10-4	1	1.33	26	2	118	399	0.0945605	0	0
poi-10-4	1	1.33	26	3	59	184	0.0334874	0	0
poi-10-4	1	1.33	26	3	118	399	0.1003049	0	0
poi-10-4	2	0.67	13	1	59	163	0.0210464	0	0
poi-10-4	2	0.67	13	1	118	324	0.0368128	0	0
poi-10-4	2	0.67	13	2	59	163	0.021494	0	0
poi-10-4	2	0.67	13	2	118	324	0.0373767	0	0
poi-10-4	2	0.67	13	3	59	163	0.0220029	0	0
poi-10-4	2	0.67	13	3	118	324	0.0379968	0	0
poi-10-4	2	0.67	26	1	59	173	0.0322744	0	0
poi-10-4	2	0.67	26	1	118	340	0.0520852	3	4.14E-05
poi-10-4	2	0.67	26	2	59	173	0.0343233	0	0
poi-10-4	2	0.67	26	2	118	340	0.0549322	4	5.15E-05
poi-10-4	2	0.67	26	3	59	173	0.0361043	0	0
poi-10-4	2	0.67	26	3	118	340	0.0577106	13	0.0001512
poi-10-4	2	1	13	1	59	163	0.0233766	0	0
poi-10-4	2	1	13	1	118	324	0.0618404	0	0
poi-10-4	2	1	13	2	59	163	0.0238898	0	0
poi-10-4	2	1	13	2	118	324	0.0626102	0	0
poi-10-4	2	1	13	3	59	163	0.0244597	0	0
poi-10-4	2	1	13	3	118	324	0.0643169	0	0
poi-10-4	2	1	26	1	59	179	0.0300231	0	0
poi-10-4	2	1	26	1	118	358	0.0656404	16	0.0002128
poi-10-4	2	1	26	2	59	179	0.0328028	0	0
poi-10-4	2	1	26	2	118	358	0.0709667	5	7.15E-05
poi-10-4	2	1	26	3	59	179	0.0352532	0	0
poi-10-4	2	1	26	3	118	358	0.0770296	6	9.51E-05
poi-10-4	2	1.33	13	1	59	163	0.0232564	0	0
poi-10-4	2	1.33	13	1	118	324	0.0618863	0	0
poi-10-4	2	1.33	13	2	59	163	0.0237893	0	0
poi-10-4	2	1.33	13	2	118	324	0.0630115	0	0
poi-10-4	2	1.33	13	3	59	163	0.0244504	0	0
poi-10-4	2	1.33	13	3	118	324	0.0640664	0	0
poi-10-4	2	1.33	26	1	59	184	0.0292726	0	0
poi-10-4	2	1.33	26	1	118	399	0.0829916	0	0
poi-10-4	2	1.33	26	2	59	184	0.0318441	0	0
poi-10-4	2	1.33	26	2	118	399	0.0947504	0	0
poi-10-4	2	1.33	26	3	59	184	0.0342419	0	0
poi-10-4	2	1.33	26	3	118	399	0.1001723	0	0
poi-10-5	1	0.67	14	1	52	109	0.0286536	3	2.02E-05
poi-10-5	1	0.67	14	1	104	215	0.0365166	0	0
poi-10-5	1	0.67	14	2	52	109	0.0291657	3	1.95E-05
poi-10-5	1	0.67	14	2	104	215	0.0372673	0	0
poi-10-5	1	0.67	14	3	52	109	0.0297885	2	1.32E-05
poi-10-5	1	0.67	14	3	104	215	0.0377325	0	0
poi-10-5	1	0.67	28	1	52	109	0.0311285	2	1.43E-05
poi-10-5	1	0.67	28	1	104	215	0.0484685	0	0
poi-10-5	1	0.67	28	2	52	109	0.0319525	1	7.5E-06
poi-10-5	1	0.67	28	2	104	215	0.053848	0	0
poi-10-5	1	0.67	28	3	52	109	0.0328079	1	7.2E-06
poi-10-5	1	0.67	28	3	104	215	0.0573492	0	0
poi-10-5	1	1	14	1	52	109	0.0348531	4	3.36E-05
poi-10-5	1	1	14	1	104	215	0.0631164	0	0
poi-10-5	1	1	14	2	52	109	0.0357615	3	2.53E-05
poi-10-5	1	1	14	2	104	215	0.0646218	0	0
poi-10-5	1	1	14	3	52	109	0.0368249	1	7E-06
poi-10-5	1	1	14	3	104	215	0.0657848	0	0
poi-10-5	1	1	28	1	52	109	0.0381323	1	7.4E-06
poi-10-5	1	1	28	1	104	215	0.0649103	0	0
poi-10-5	1	1	28	2	52	109	0.0408908	1	7.5E-06
poi-10-5	1	1	28	2	104	222	0.0783471	8	0.0001371
poi-10-5	1	1	28	3	52	109	0.0435375	3	3.02E-05
poi-10-5	1	1	28	3	104	222	0.0831032	39	0.0006794
poi-10-5	1	1.33	14	1	52	126	0.0343141	0	0
poi-10-5	1	1.33	14	1	104	235	0.0624851	0	0
poi-10-5	1	1.33	14	2	52	126	0.0349637	0	0
poi-10-5	1	1.33	14	2	104	235	0.0643753	0	0
poi-10-5	1	1.33	14	3	52	126	0.0359309	0	0
poi-10-5	1	1.33	14	3	104	235	0.0644322	0	0
poi-10-5	1	1.33	28	1	52	126	0.0378942	0	0
poi-10-5	1	1.33	28	1	104	256	0.065279	0	0
poi-10-5	1	1.33	28	2	52	126	0.0401574	0	0
poi-10-5	1	1.33	28	2	104	264	0.0720002	19	0.0002774
poi-10-5	1	1.33	28	3	52	126	0.0428114	0	0
poi-10-5	1	1.33	28	3	104	264	0.0748111	9	0.0001431
poi-10-5	2	0.67	14	1	52	109	0.0283289	3	1.99E-05
poi-10-5	2	0.67	14	1	104	215	0.0360168	0	0
poi-10-5	2	0.67	14	2	52	109	0.0288409	2	1.3E-05
poi-10-5	2	0.67	14	2	104	215	0.0367657	0	0
poi-10-5	2	0.67	14	3	52	109	0.0293989	1	6.4E-06
poi-10-5	2	0.67	14	3	104	215	0.0373409	0	0
poi-10-5	2	0.67	28	1	52	109	0.0307731	2	1.43E-05
poi-10-5	2	0.67	28	1	104	215	0.0474379	0	0
poi-10-5	2	0.67	28	2	52	109	0.0316558	4	2.9E-05
poi-10-5	2	0.67	28	2	104	215	0.0535903	0	0
poi-10-5	2	0.67	28	3	52	109	0.0324601	2	1.5E-05
poi-10-5	2	0.67	28	3	104	215	0.056596	0	0
poi-10-5	2	1	14	1	52	109	0.0341925	2	1.62E-05
poi-10-5	2	1	14	1	104	215	0.0625325	0	0
poi-10-5	2	1	14	2	52	109	0.0354483	2	1.57E-05
poi-10-5	2	1	14	2	104	215	0.0641689	0	0
poi-10-5	2	1	14	3	52	109	0.0364401	5	4.3E-05
poi-10-5	2	1	14	3	104	215	0.0655799	0	0
poi-10-5	2	1	28	1	52	109	0.0382139	1	7.1E-06
poi-10-5	2	1	28	1	104	215	0.0676848	0	0
poi-10-5	2	1	28	2	52	109	0.0406505	3	2.88E-05
poi-10-5	2	1	28	2	104	222	0.0733245	6	0.0001061
poi-10-5	2	1	28	3	52	109	0.0429918	2	1.9E-05
poi-10-5	2	1	28	3	104	222	0.078409	19	0.0003154
poi-10-5	2	1.33	14	1	52	126	0.0339127	0	0
poi-10-5	2	1.33	14	1	104	235	0.0621985	0	0
poi-10-5	2	1.33	14	2	52	126	0.0349242	0	0
poi-10-5	2	1.33	14	2	104	235	0.063455	0	0
poi-10-5	2	1.33	14	3	52	126	0.0357382	0	0
poi-10-5	2	1.33	14	3	104	235	0.06464	0	0
poi-10-5	2	1.33	28	1	52	126	0.0381274	0	0
poi-10-5	2	1.33	28	1	104	256	0.0693324	0	0
poi-10-5	2	1.33	28	2	52	126	0.0406652	0	0
poi-10-5	2	1.33	28	2	104	264	0.0764181	33	0.0005264
poi-10-5	2	1.33	28	3	52	126	0.0430617	0	0
poi-10-5	2	1.33	28	3	104	264	0.0809122	21	0.0003567
poi-20-1	1	0.67	14	1	79	301	0.0840236	0	0
poi-20-1	1	0.67	14	1	159	634	0.1248757	0	0
poi-20-1	1	0.67	14	2	79	301	0.086166	0	0
poi-20-1	1	0.67	14	2	159	634	0.1274556	0	0
poi-20-1	1	0.67	14	3	79	301	0.087695	0	0
poi-20-1	1	0.67	14	3	159	634	0.128929	0	0
poi-20-1	1	0.67	28	1	79	301	0.1299631	0	0
poi-20-1	1	0.67	28	1	159	641	0.2061799	3	0.0001987
poi-20-1	1	0.67	28	2	79	353	0.1592468	249	0.0076753
poi-20-1	1	0.67	28	2	159	676	0.278713	564	0.023239
poi-20-1	1	0.67	28	3	79	363	0.1725192	54	0.0020814
poi-20-1	1	0.67	28	3	159	721	0.3678215	1529	0.0812552
poi-20-1	1	1	14	1	79	301	0.1072112	0	0
poi-20-1	1	1	14	1	159	634	0.2292943	0	0
poi-20-1	1	1	14	2	79	301	0.1091739	0	0
poi-20-1	1	1	14	2	159	644	0.2689229	1257	0.0545646
poi-20-1	1	1	14	3	79	301	0.11293	0	0
poi-20-1	1	1	14	3	159	644	0.2647877	1094	0.0481506
poi-20-1	1	1	28	1	79	336	0.1183125	12	0.0002996
poi-20-1	1	1	28	1	159	724	0.4762412	3938	0.2088319
poi-20-1	1	1	28	2	79	406	0.1369407	16	0.0004418
poi-20-1	1	1	28	2	159	765	0.2736062	141	0.0075586
poi-20-1	1	1	28	3	79	427	0.147459	62	0.0019854
poi-20-1	1	1	28	3	159	822	0.5781967	5283	0.297106
poi-20-1	1	1.33	14	1	79	352	0.1111252	0	0
poi-20-1	1	1.33	14	1	159	707	0.2519703	562	0.0247181
poi-20-1	1	1.33	14	2	79	352	0.1127194	0	0
poi-20-1	1	1.33	14	2	159	742	0.2451215	1259	0.0482371
poi-20-1	1	1.33	14	3	79	352	0.1164414	0	0
poi-20-1	1	1.33	14	3	159	742	0.2223643	568	0.0226341
poi-20-1	1	1.33	28	1	79	372	0.1212331	40	0.0010384
poi-20-1	1	1.33	28	1	159	847	0.4766029	3451	0.1938265
poi-20-1	1	1.33	28	2	79	457	0.1322137	4	0.0001128
poi-20-1	1	1.33	28	2	159	914	0.4681009	3411	0.1903614
poi-20-1	1	1.33	28	3	79	525	0.1429546	3	9.47E-05
poi-20-1	1	1.33	28	3	159	955	0.2995819	227	0.013694
poi-20-1	2	0.67	14	1	79	301	0.0859157	0	0
poi-20-1	2	0.67	14	1	159	634	0.1243347	0	0
poi-20-1	2	0.67	14	2	79	301	0.0861871	0	0
poi-20-1	2	0.67	14	2	159	634	0.1266091	0	0
poi-20-1	2	0.67	14	3	79	301	0.0874492	0	0
poi-20-1	2	0.67	14	3	159	634	0.1284113	0	0
poi-20-1	2	0.67	28	1	79	317	0.1261333	3	8.28E-05
poi-20-1	2	0.67	28	1	159	685	0.372616	2939	0.1371181
poi-20-1	2	0.67	28	2	79	363	0.159287	59	0.0018856
poi-20-1	2	0.67	28	2	159	733	0.3324379	690	0.0355009
poi-20-1	2	0.67	28	3	79	363	0.1900409	66	0.002456
poi-20-1	2	0.67	28	3	159	735	0.3352108	125	0.0058714
poi-20-1	2	1	14	1	79	301	0.1059271	0	0
poi-20-1	2	1	14	1	159	647	0.3090357	1809	0.0803683
poi-20-1	2	1	14	2	79	301	0.1085689	0	0
poi-20-1	2	1	14	2	159	684	0.4964227	6563	0.2804657
poi-20-1	2	1	14	3	79	301	0.1113381	0	0
poi-20-1	2	1	14	3	159	644	0.3003074	1934	0.0835
poi-20-1	2	1	28	1	79	365	0.1241831	91	0.0023589
poi-20-1	2	1	28	1	159	806	0.5182587	5929	0.2824716
poi-20-1	2	1	28	2	79	443	0.2148488	2214	0.0669097
poi-20-1	2	1	28	2	159	884	0.2801831	1024	0.0476268
poi-20-1	2	1	28	3	79	447	0.1630529	66	0.0023594
poi-20-1	2	1	28	3	159	884	0.2612098	445	0.0214624
poi-20-1	2	1.33	14	1	79	352	0.1098489	0	0
poi-20-1	2	1.33	14	1	159	727	0.4150241	4370	0.1926859
poi-20-1	2	1.33	14	2	79	352	0.1100855	0	0
poi-20-1	2	1.33	14	2	159	754	0.3267994	3608	0.1358393
poi-20-1	2	1.33	14	3	79	352	0.1140677	0	0
poi-20-1	2	1.33	14	3	159	754	0.3370284	3617	0.1407789
poi-20-1	2	1.33	28	1	79	438	0.2003701	2654	0.0700886
poi-20-1	2	1.33	28	1	159	964	0.3447495	1896	0.0954842
poi-20-1	2	1.33	28	2	79	538	0.2247725	2078	0.0661208
poi-20-1	2	1.33	28	2	159	1039	0.2686215	469	0.0228646
poi-20-1	2	1.33	28	3	79	561	0.2423959	1470	0.0558373
poi-20-1	2	1.33	28	3	159	1070	0.4774247	4456	0.2254872
poi-20-2	1	0.67	13	1	80	291	0.077997	0	0
poi-20-2	1	0.67	13	1	160	679	0.1638216	1888	0.0438802
poi-20-2	1	0.67	13	2	80	291	0.0775903	0	0
poi-20-2	1	0.67	13	2	160	699	0.1276698	255	0.0056172
poi-20-2	1	0.67	13	3	80	291	0.0788125	0	0
poi-20-2	1	0.67	13	3	160	699	0.1833916	2439	0.0599178
poi-20-2	1	0.67	26	1	80	335	0.1459469	1	3.2E-05
poi-20-2	1	0.67	26	1	160	744	0.2895864	1093	0.0503777
poi-20-2	1	0.67	26	2	80	335	0.1601495	1	5.45E-05
poi-20-2	1	0.67	26	2	160	760	0.6319895	5693	0.3333274
poi-20-2	1	0.67	26	3	80	335	0.170651	4	0.0001772
poi-20-2	1	0.67	26	3	160	760	0.3172062	57	0.0032123
poi-20-2	1	1	13	1	80	291	0.1132573	0	0
poi-20-2	1	1	13	1	160	701	0.2091243	152	0.0059933
poi-20-2	1	1	13	2	80	291	0.1156965	0	0
poi-20-2	1	1	13	2	160	713	0.2039808	91	0.0034477
poi-20-2	1	1	13	3	80	291	0.1186013	0	0
poi-20-2	1	1	13	3	160	713	0.2035223	14	0.0006056
poi-20-2	1	1	26	1	80	359	0.2030988	2017	0.0593211
poi-20-2	1	1	26	1	160	821	0.2404341	152	0.0073535
poi-20-2	1	1	26	2	80	359	0.1686016	0	0
poi-20-2	1	1	26	2	160	864	0.2453383	91	0.0047253
poi-20-2	1	1	26	3	80	366	0.3141827	3488	0.1303896
poi-20-2	1	1	26	3	160	864	0.249415	36	0.0017957
poi-20-2	1	1.33	13	1	80	306	0.1137237	0	0
poi-20-2	1	1.33	13	1	160	732	0.2003034	17	0.0006357
poi-20-2	1	1.33	13	2	80	306	0.1162311	0	0
poi-20-2	1	1.33	13	2	160	747	0.2013578	35	0.0013998
poi-20-2	1	1.33	13	3	80	306	0.118136	0	0
poi-20-2	1	1.33	13	3	160	747	0.2052131	34	0.0013295
poi-20-2	1	1.33	26	1	80	438	0.348023	5545	0.1817328
poi-20-2	1	1.33	26	1	160	981	0.4452494	4256	0.2059124
poi-20-2	1	1.33	26	2	80	441	0.3413513	4035	0.1575605
poi-20-2	1	1.33	26	2	160	1040	0.3474684	1881	0.0949252
poi-20-2	1	1.33	26	3	80	441	0.3730985	4063	0.1723284
poi-20-2	1	1.33	26	3	160	1040	0.2768098	468	0.0239782
poi-20-2	2	0.67	13	1	80	291	0.0766148	0	0
poi-20-2	2	0.67	13	1	160	696	0.1250875	39	0.0008624
poi-20-2	2	0.67	13	2	80	291	0.0785458	0	0
poi-20-2	2	0.67	13	2	160	699	0.1348288	394	0.0093116
poi-20-2	2	0.67	13	3	80	291	0.079392	0	0
poi-20-2	2	0.67	13	3	160	699	0.1399443	520	0.0123452
poi-20-2	2	0.67	26	1	80	335	0.135385	1	3.24E-05
poi-20-2	2	0.67	26	1	160	782	0.6794669	9154	0.4371229
poi-20-2	2	0.67	26	2	80	335	0.1533654	4	0.0001365
poi-20-2	2	0.67	26	2	160	791	0.3907737	2120	0.1137652
poi-20-2	2	0.67	26	3	80	335	0.1657488	15	0.0004929
poi-20-2	2	0.67	26	3	160	791	0.5856207	4774	0.2838019
poi-20-2	2	1	13	1	80	291	0.1145015	0	0
poi-20-2	2	1	13	1	160	716	0.2074463	45	0.001853
poi-20-2	2	1	13	2	80	291	0.1151947	0	0
poi-20-2	2	1	13	2	160	716	0.2094282	34	0.0014157
poi-20-2	2	1	13	3	80	291	0.1180326	0	0
poi-20-2	2	1	13	3	160	716	0.2138669	54	0.0021301
poi-20-2	2	1	26	1	80	359	0.1515856	2	6.04E-05
poi-20-2	2	1	26	1	160	902	0.2173526	147	0.0061326
poi-20-2	2	1	26	2	80	359	0.167884	2	8.35E-05
poi-20-2	2	1	26	2	160	927	0.2487316	646	0.0285646
poi-20-2	2	1	26	3	80	465	0.3054905	3091	0.1198222
poi-20-2	2	1	26	3	160	927	0.2383899	193	0.0089446
poi-20-2	2	1.33	13	1	80	306	0.1133084	0	0
poi-20-2	2	1.33	13	1	160	750	0.2059926	115	0.0044714
poi-20-2	2	1.33	13	2	80	306	0.1152936	0	0
poi-20-2	2	1.33	13	2	160	750	0.2122105	173	0.0065613
poi-20-2	2	1.33	13	3	80	306	0.1184964	0	0
poi-20-2	2	1.33	13	3	160	750	0.2091091	6	0.0002297
poi-20-2	2	1.33	26	1	80	438	0.1708376	103	0.0035516
poi-20-2	2	1.33	26	1	160	1052	0.4084899	4571	0.1953844
poi-20-2	2	1.33	26	2	80	441	0.2633564	2954	0.098874
poi-20-2	2	1.33	26	2	160	1099	0.2468364	298	0.0141583
poi-20-2	2	1.33	26	3	80	562	0.4641577	8553	0.2927481
poi-20-2	2	1.33	26	3	160	1101	0.2498983	231	0.0111472
poi-20-3	1	0.67	15	1	85	336	0.0881436	0	0
poi-20-3	1	0.67	15	1	171	743	0.1297565	314	0.0068201
poi-20-3	1	0.67	15	2	85	336	0.0897195	0	0
poi-20-3	1	0.67	15	2	171	743	0.1265144	66	0.0014285
poi-20-3	1	0.67	15	3	85	336	0.0918805	0	0
poi-20-3	1	0.67	15	3	171	743	0.1274271	7	0.0001508
poi-20-3	1	0.67	31	1	85	336	0.1297942	0	0
poi-20-3	1	0.67	31	1	171	769	0.2002592	14	0.0006509
poi-20-3	1	0.67	31	2	85	336	0.145942	0	0
poi-20-3	1	0.67	31	2	171	769	0.2518848	43	0.0018749
poi-20-3	1	0.67	31	3	85	336	0.1592097	0	0
poi-20-3	1	0.67	31	3	171	769	0.2777366	35	0.0016172
poi-20-3	1	1	15	1	85	336	0.1216192	0	0
poi-20-3	1	1	15	1	171	773	0.2208912	202	0.0081407
poi-20-3	1	1	15	2	85	336	0.1281568	0	0
poi-20-3	1	1	15	2	171	773	0.214177	43	0.0017354
poi-20-3	1	1	15	3	85	336	0.1321719	0	0
poi-20-3	1	1	15	3	171	773	0.2196479	64	0.0027372
poi-20-3	1	1	31	1	85	336	0.1192366	0	0
poi-20-3	1	1	31	1	171	812	0.2618643	54	0.0029739
poi-20-3	1	1	31	2	85	372	0.1399977	2	7.37E-05
poi-20-3	1	1	31	2	171	859	0.2710919	309	0.0158523
poi-20-3	1	1	31	3	85	431	0.1594054	20	0.00081
poi-20-3	1	1	31	3	171	890	0.329518	1093	0.0591249
poi-20-3	1	1.33	15	1	85	375	0.1271284	0	0
poi-20-3	1	1.33	15	1	171	832	0.2641182	1172	0.0504455
poi-20-3	1	1.33	15	2	85	375	0.12865	0	0
poi-20-3	1	1.33	15	2	171	840	0.2167052	49	0.0021028
poi-20-3	1	1.33	15	3	85	375	0.1324801	0	0
poi-20-3	1	1.33	15	3	171	840	0.2224265	79	0.0035685
poi-20-3	1	1.33	31	1	85	419	0.139791	0	0
poi-20-3	1	1.33	31	1	171	960	0.5815291	5559	0.3058652
poi-20-3	1	1.33	31	2	85	441	0.1627649	447	0.0137266
poi-20-3	1	1.33	31	2	171	1036	0.3582375	1807	0.0973504
poi-20-3	1	1.33	31	3	85	540	0.1588473	130	0.0043665
poi-20-3	1	1.33	31	3	171	1143	0.4808372	3571	0.2006384
poi-20-3	2	0.67	15	1	85	336	0.0878923	0	0
poi-20-3	2	0.67	15	1	171	755	0.1318953	288	0.0064596
poi-20-3	2	0.67	15	2	85	336	0.0902323	0	0
poi-20-3	2	0.67	15	2	171	755	0.1305247	187	0.0040322
poi-20-3	2	0.67	15	3	85	336	0.0924615	0	0
poi-20-3	2	0.67	15	3	171	755	0.1339733	244	0.0055766
poi-20-3	2	0.67	31	1	85	336	0.1288868	0	0
poi-20-3	2	0.67	31	1	171	769	0.226371	38	0.0015454
poi-20-3	2	0.67	31	2	85	336	0.1442731	0	0
poi-20-3	2	0.67	31	2	171	769	0.2899776	279	0.0142684
poi-20-3	2	0.67	31	3	85	336	0.1565992	0	0
poi-20-3	2	0.67	31	3	171	801	0.3511893	1003	0.0547945
poi-20-3	2	1	15	1	85	336	0.1168417	0	0
poi-20-3	2	1	15	1	171	773	0.2085741	36	0.0013862
poi-20-3	2	1	15	2	85	336	0.120077	0	0
poi-20-3	2	1	15	2	171	773	0.2069564	22	0.0009481
poi-20-3	2	1	15	3	85	336	0.1243809	0	0
poi-20-3	2	1	15	3	171	773	0.2136645	75	0.0028902
poi-20-3	2	1	31	1	85	372	0.1153514	24	0.0006507
poi-20-3	2	1	31	1	171	859	0.23746	342	0.015715
poi-20-3	2	1	31	2	85	475	0.138124	10	0.0002945
poi-20-3	2	1	31	2	171	975	0.673296	9694	0.4434616
poi-20-3	2	1	31	3	85	483	0.1549631	14	0.0004577
poi-20-3	2	1	31	3	171	999	0.2710045	634	0.0309215
poi-20-3	2	1.33	15	1	85	375	0.125472	0	0
poi-20-3	2	1.33	15	1	171	833	0.3053488	2218	0.0929302
poi-20-3	2	1.33	15	2	85	375	0.1286017	0	0
poi-20-3	2	1.33	15	2	171	841	0.2123107	74	0.0032946
poi-20-3	2	1.33	15	3	85	375	0.1322107	0	0
poi-20-3	2	1.33	15	3	171	841	0.2193186	140	0.0056892
poi-20-3	2	1.33	31	1	85	441	0.1300671	101	0.0027567
poi-20-3	2	1.33	31	1	171	1023	0.3424329	2507	0.114033
poi-20-3	2	1.33	31	2	85	598	0.1488265	37	0.0012921
poi-20-3	2	1.33	31	2	171	1178	0.2914536	1252	0.0581418
poi-20-3	2	1.33	31	3	85	608	0.1682502	50	0.0017656
poi-20-3	2	1.33	31	3	171	1236	0.3210919	1429	0.0713566
poi-20-4	1	0.67	13	1	78	412	0.0876824	0	0
poi-20-4	1	0.67	13	1	157	797	0.1309843	18	0.0003674
poi-20-4	1	0.67	13	2	78	412	0.0913609	0	0
poi-20-4	1	0.67	13	2	157	797	0.1337436	13	0.0002864
poi-20-4	1	0.67	13	3	78	412	0.0934933	0	0
poi-20-4	1	0.67	13	3	157	797	0.1360614	6	0.0001479
poi-20-4	1	0.67	26	1	78	412	0.1350215	0	0
poi-20-4	1	0.67	26	1	157	797	0.2238252	12	0.0005711
poi-20-4	1	0.67	26	2	78	412	0.1514866	0	0
poi-20-4	1	0.67	26	2	157	809	0.3813652	1844	0.0994034
poi-20-4	1	0.67	26	3	78	452	0.2815029	3430	0.1149754
poi-20-4	1	0.67	26	3	157	827	0.410501	1491	0.0915037
poi-20-4	1	1	13	1	78	412	0.1218047	0	0
poi-20-4	1	1	13	1	157	811	0.2335275	5	0.0002604
poi-20-4	1	1	13	2	78	412	0.1247366	0	0
poi-20-4	1	1	13	2	157	811	0.2393194	5	0.0002316
poi-20-4	1	1	13	3	78	412	0.1276368	0	0
poi-20-4	1	1	13	3	157	811	0.2432641	7	0.0002844
poi-20-4	1	1	26	1	78	429	0.1449325	44	0.0012639
poi-20-4	1	1	26	1	157	841	0.2578978	30	0.0016832
poi-20-4	1	1	26	2	78	469	0.1667347	10	0.0004002
poi-20-4	1	1	26	2	157	898	0.2978088	854	0.043128
poi-20-4	1	1	26	3	78	511	0.289375	2790	0.1055557
poi-20-4	1	1	26	3	157	917	0.2992854	668	0.0350876
poi-20-4	1	1.33	13	1	78	466	0.1224901	0	0
poi-20-4	1	1.33	13	1	157	865	0.2307679	3	0.0001469
poi-20-4	1	1.33	13	2	78	479	0.1292075	2	5.09E-05
poi-20-4	1	1.33	13	2	157	892	0.2335096	4	0.0001818
poi-20-4	1	1.33	13	3	78	479	0.1330938	9	0.0003079
poi-20-4	1	1.33	13	3	157	892	0.233859	19	0.0008523
poi-20-4	1	1.33	26	1	78	510	0.3505287	4349	0.1663738
poi-20-4	1	1.33	26	1	157	1014	0.4272231	2907	0.1559937
poi-20-4	1	1.33	26	2	78	538	0.1599165	18	0.0006789
poi-20-4	1	1.33	26	2	157	1045	0.2808845	91	0.0048676
poi-20-4	1	1.33	26	3	78	585	0.1744241	252	0.0086621
poi-20-4	1	1.33	26	3	157	1070	0.4640569	3247	0.1815957
poi-20-4	2	0.67	13	1	78	412	0.0903638	0	0
poi-20-4	2	0.67	13	1	157	797	0.13292	7	0.0001493
poi-20-4	2	0.67	13	2	78	412	0.0910476	0	0
poi-20-4	2	0.67	13	2	157	797	0.1369367	58	0.0013381
poi-20-4	2	0.67	13	3	78	412	0.0928712	0	0
poi-20-4	2	0.67	13	3	157	797	0.1364536	10	0.0002467
poi-20-4	2	0.67	26	1	78	412	0.129813	0	0
poi-20-4	2	0.67	26	1	157	879	0.4487513	4327	0.2066458
poi-20-4	2	0.67	26	2	78	412	0.1478755	0	0
poi-20-4	2	0.67	26	2	157	903	0.3193737	771	0.040377
poi-20-4	2	0.67	26	3	78	412	0.1634106	0	0
poi-20-4	2	0.67	26	3	157	903	0.338169	680	0.0367941
poi-20-4	2	1	13	1	78	412	0.1171024	0	0
poi-20-4	2	1	13	1	157	811	0.2260639	2	0.0001184
poi-20-4	2	1	13	2	78	412	0.1218903	0	0
poi-20-4	2	1	13	2	157	811	0.2327667	2	0.00011
poi-20-4	2	1	13	3	78	412	0.1265819	0	0
poi-20-4	2	1	13	3	157	811	0.234104	7	0.0003276
poi-20-4	2	1	26	1	78	478	0.1444913	253	0.0066931
poi-20-4	2	1	26	1	157	961	0.2392019	323	0.0141296
poi-20-4	2	1	26	2	78	520	0.1840152	67	0.0027297
poi-20-4	2	1	26	2	157	998	0.2802465	1184	0.0542329
poi-20-4	2	1	26	3	78	520	0.2047075	33	0.0015532
poi-20-4	2	1	26	3	157	998	0.2395883	42	0.0020238
poi-20-4	2	1.33	13	1	78	466	0.1225942	0	0
poi-20-4	2	1.33	13	1	157	865	0.2294245	2	7.98E-05
poi-20-4	2	1.33	13	2	78	479	0.1289564	10	0.0002751
poi-20-4	2	1.33	13	2	157	892	0.2295167	5	0.0003133
poi-20-4	2	1.33	13	3	78	479	0.1340659	6	0.000232
poi-20-4	2	1.33	13	3	157	892	0.2301487	6	0.0003569
poi-20-4	2	1.33	26	1	78	550	0.1758519	18	0.0007321
poi-20-4	2	1.33	26	1	157	1064	0.3168237	2008	0.090601
poi-20-4	2	1.33	26	2	78	594	0.1658688	30	0.0010594
poi-20-4	2	1.33	26	2	157	1144	0.2920359	1192	0.0563193
poi-20-4	2	1.33	26	3	78	609	0.2720977	2133	0.0815865
poi-20-4	2	1.33	26	3	157	1178	0.5101906	5132	0.2577139
poi-20-5	1	0.67	13	1	74	303	0.103731	55	0.0011885
poi-20-5	1	0.67	13	1	149	726	0.1560217	1054	0.0265513
poi-20-5	1	0.67	13	2	74	303	0.1049442	11	0.0002138
poi-20-5	1	0.67	13	2	149	726	0.1664399	1297	0.0332849
poi-20-5	1	0.67	13	3	74	303	0.1088394	16	0.0004217
poi-20-5	1	0.67	13	3	149	726	0.1497247	595	0.0148555
poi-20-5	1	0.67	26	1	74	308	0.1424654	7	0.0002289
poi-20-5	1	0.67	26	1	149	739	0.2491395	1445	0.0535449
poi-20-5	1	0.67	26	2	74	334	0.1595743	1	3.45E-05
poi-20-5	1	0.67	26	2	149	763	0.2263794	7	0.0002836
poi-20-5	1	0.67	26	3	74	334	0.1679382	12	0.0004108
poi-20-5	1	0.67	26	3	149	763	0.2469405	18	0.0006697
poi-20-5	1	1	13	1	74	333	0.1035954	2	3.56E-05
poi-20-5	1	1	13	1	149	739	0.2229005	53	0.0022475
poi-20-5	1	1	13	2	74	333	0.1109504	12	0.0002588
poi-20-5	1	1	13	2	149	762	0.2231356	12	0.0005773
poi-20-5	1	1	13	3	74	333	0.1160324	40	0.0009832
poi-20-5	1	1	13	3	149	762	0.2281859	12	0.0005536
poi-20-5	1	1	26	1	74	341	0.1307934	17	0.000567
poi-20-5	1	1	26	1	149	824	0.2442793	96	0.0048947
poi-20-5	1	1	26	2	74	380	0.1437322	4	0.0001119
poi-20-5	1	1	26	2	149	851	0.4568849	4375	0.2135828
poi-20-5	1	1	26	3	74	380	0.1526975	4	0.0001116
poi-20-5	1	1	26	3	149	851	0.437319	3691	0.1861515
poi-20-5	1	1.33	13	1	74	361	0.1159895	47	0.001133
poi-20-5	1	1.33	13	1	149	799	0.2352045	359	0.0153262
poi-20-5	1	1.33	13	2	74	361	0.120057	35	0.0009302
poi-20-5	1	1.33	13	2	149	843	0.2289906	102	0.0046478
poi-20-5	1	1.33	13	3	74	361	0.1212378	7	0.0001606
poi-20-5	1	1.33	13	3	149	855	0.233653	142	0.0064497
poi-20-5	1	1.33	26	1	74	405	0.2026896	2479	0.066891
poi-20-5	1	1.33	26	1	149	963	0.2631977	2	9.18E-05
poi-20-5	1	1.33	26	2	74	456	0.1975347	1271	0.0397594
poi-20-5	1	1.33	26	2	149	995	0.2924134	707	0.0364511
poi-20-5	1	1.33	26	3	74	479	0.1701367	15	0.0005947
poi-20-5	1	1.33	26	3	149	1003	0.5676472	5802	0.3054975
poi-20-5	2	0.67	13	1	74	303	0.1001225	50	0.001076
poi-20-5	2	0.67	13	1	149	726	0.1543739	1034	0.0258321
poi-20-5	2	0.67	13	2	74	303	0.1028015	42	0.0009271
poi-20-5	2	0.67	13	2	149	726	0.1559631	963	0.0244832
poi-20-5	2	0.67	13	3	74	303	0.1063915	27	0.0006343
poi-20-5	2	0.67	13	3	149	726	0.1631157	1130	0.0292043
poi-20-5	2	0.67	26	1	74	341	0.1437818	19	0.0005257
poi-20-5	2	0.67	26	1	149	785	0.2370341	111	0.0036735
poi-20-5	2	0.67	26	2	74	387	0.1701436	11	0.0004814
poi-20-5	2	0.67	26	2	149	785	0.2752334	285	0.0102242
poi-20-5	2	0.67	26	3	74	425	0.1844546	39	0.0013537
poi-20-5	2	0.67	26	3	149	785	0.2843535	27	0.0014349
poi-20-5	2	1	13	1	74	333	0.1096381	4	0.0001023
poi-20-5	2	1	13	1	149	762	0.2452469	507	0.0219806
poi-20-5	2	1	13	2	74	333	0.1144702	5	0.0001157
poi-20-5	2	1	13	2	149	762	0.2269026	37	0.001786
poi-20-5	2	1	13	3	74	333	0.1197978	14	0.0003585
poi-20-5	2	1	13	3	149	762	0.2307948	37	0.0016535
poi-20-5	2	1	26	1	74	390	0.1300366	10	0.0003679
poi-20-5	2	1	26	1	149	868	0.2144289	275	0.0110006
poi-20-5	2	1	26	2	74	460	0.155157	14	0.0004175
poi-20-5	2	1	26	2	149	902	0.2550147	1007	0.0425367
poi-20-5	2	1	26	3	74	517	0.1639769	4	0.0001254
poi-20-5	2	1	26	3	149	902	0.229902	64	0.0028599
poi-20-5	2	1.33	13	1	74	361	0.1240411	8	0.0001934
poi-20-5	2	1.33	13	1	149	843	0.2989415	1784	0.0775429
poi-20-5	2	1.33	13	2	74	361	0.1315475	1	1.86E-05
poi-20-5	2	1.33	13	2	149	855	0.2282035	52	0.0024041
poi-20-5	2	1.33	13	3	74	361	0.1372557	1	1.87E-05
poi-20-5	2	1.33	13	3	149	855	0.2359158	159	0.0068356
poi-20-5	2	1.33	26	1	74	456	0.1363291	59	0.0018162
poi-20-5	2	1.33	26	1	149	1011	0.3333126	3053	0.1271373
poi-20-5	2	1.33	26	2	74	528	0.165905	35	0.0012283
poi-20-5	2	1.33	26	2	149	1071	0.2683536	1088	0.0485383
poi-20-5	2	1.33	26	3	74	603	0.1761502	4	0.0001544
poi-20-5	2	1.33	26	3	149	1077	0.3426513	2086	0.1006919
poi-30-1	1	0.67	13	1	85	463	0.2589106	0	0
poi-30-1	1	0.67	13	1	171	1062	0.3991217	154	0.0085559
poi-30-1	1	0.67	13	2	85	463	0.2690579	0	0
poi-30-1	1	0.67	13	2	171	1062	0.4181906	246	0.0154646
poi-30-1	1	0.67	13	3	85	463	0.2934437	0	0
poi-30-1	1	0.67	13	3	171	1062	0.4323664	148	0.008981
poi-30-1	1	0.67	26	1	85	496	0.3959819	91	0.0062822
poi-30-1	1	0.67	26	1	171	1091	0.9244096	3221	0.3578626
poi-30-1	1	0.67	26	2	85	533	0.8126017	3527	0.3297684
poi-30-1	1	0.67	26	2	171	1111	1.3137186	4675	0.6234648
poi-30-1	1	0.67	26	3	85	568	0.8634651	2475	0.2768968
poi-30-1	1	0.67	26	3	171	1111	1.2334485	2905	0.4425897
poi-30-1	1	1	13	1	85	494	0.3234133	110	0.0070438
poi-30-1	1	1	13	1	171	1110	0.9469764	4118	0.4263901
poi-30-1	1	1	13	2	85	500	0.3481248	405	0.0267076
poi-30-1	1	1	13	2	171	1110	0.4725461	127	0.009492
poi-30-1	1	1	13	3	85	540	0.7083039	5853	0.3820108
poi-30-1	1	1	13	3	171	1110	0.6371025	1770	0.1599672
poi-30-1	1	1	26	1	85	557	0.4382379	544	0.0436082
poi-30-1	1	1	26	1	171	1157	0.6096922	152	0.0155797
poi-30-1	1	1	26	2	85	632	0.5684612	1843	0.1526619
poi-30-1	1	1	26	2	171	1277	1.3645657	8295	0.8485396
poi-30-1	1	1	26	3	85	677	0.5205487	430	0.0412925
poi-30-1	1	1	26	3	171	1282	0.726472	2220	0.22356
poi-30-1	1	1.33	13	1	85	568	0.3611694	346	0.0242924
poi-30-1	1	1.33	13	1	171	1215	0.9873002	4476	0.460918
poi-30-1	1	1.33	13	2	85	579	0.4493568	1256	0.0926594
poi-30-1	1	1.33	13	2	171	1228	0.7908934	3119	0.303596
poi-30-1	1	1.33	13	3	85	619	0.6320657	3677	0.2701897
poi-30-1	1	1.33	13	3	171	1247	0.9694309	4926	0.4859167
poi-30-1	1	1.33	26	1	85	668	0.820529	4141	0.3725611
poi-30-1	1	1.33	26	1	171	1361	0.6355585	264	0.02896
poi-30-1	1	1.33	26	2	85	829	0.5895708	1192	0.115387
poi-30-1	1	1.33	26	2	171	1470	0.5899027	694	0.0682741
poi-30-1	1	1.33	26	3	85	859	0.5188458	9	0.0010848
poi-30-1	1	1.33	26	3	171	1572	0.7509732	2224	0.230359
poi-30-1	2	0.67	13	1	85	463	0.2501126	0	0
poi-30-1	2	0.67	13	1	171	1071	0.6682452	3533	0.2714461
poi-30-1	2	0.67	13	2	85	463	0.2719885	0	0
poi-30-1	2	0.67	13	2	171	1073	0.4435843	451	0.0263233
poi-30-1	2	0.67	13	3	85	463	0.2872171	0	0
poi-30-1	2	0.67	13	3	171	1073	0.4428373	298	0.018542
poi-30-1	2	0.67	26	1	85	590	0.4194466	136	0.0096932
poi-30-1	2	0.67	26	1	171	1194	0.6261719	336	0.0341694
poi-30-1	2	0.67	26	2	85	619	0.6634676	1493	0.1478146
poi-30-1	2	0.67	26	2	171	1231	0.8476816	985	0.1322911
poi-30-1	2	0.67	26	3	85	619	0.9287485	2714	0.3176147
poi-30-1	2	0.67	26	3	171	1231	0.8328402	167	0.0213642
poi-30-1	2	1	13	1	85	557	0.3152872	424	0.0251117
poi-30-1	2	1	13	1	171	1119	0.5235443	48	0.0042681
poi-30-1	2	1	13	2	85	557	0.3551267	908	0.0569993
poi-30-1	2	1	13	2	171	1123	0.5081741	121	0.0099162
poi-30-1	2	1	13	3	85	561	0.3236488	334	0.0214083
poi-30-1	2	1	13	3	171	1123	0.5040519	131	0.0100841
poi-30-1	2	1	26	1	85	677	0.356522	6	0.0006514
poi-30-1	2	1	26	1	171	1367	0.7583566	2711	0.260969
poi-30-1	2	1	26	2	85	758	0.4259151	373	0.0300473
poi-30-1	2	1	26	2	171	1417	0.5788062	1279	0.117229
poi-30-1	2	1	26	3	85	808	0.623177	1685	0.156935
poi-30-1	2	1	26	3	171	1417	0.4744503	59	0.0049821
poi-30-1	2	1.33	13	1	85	634	0.3755897	816	0.0540436
poi-30-1	2	1.33	13	1	171	1251	0.7212534	2071	0.2058792
poi-30-1	2	1.33	13	2	85	656	0.7425871	5671	0.3989111
poi-30-1	2	1.33	13	2	171	1265	0.5719901	808	0.0731452
poi-30-1	2	1.33	13	3	85	680	0.6784617	4431	0.3211384
poi-30-1	2	1.33	13	3	171	1271	0.5396057	476	0.0406216
poi-30-1	2	1.33	26	1	85	836	0.7657728	5364	0.3947215
poi-30-1	2	1.33	26	1	171	1599	1.1529013	6804	0.6593305
poi-30-1	2	1.33	26	2	85	912	0.8982529	5751	0.4801492
poi-30-1	2	1.33	26	2	171	1717	0.8927241	4580	0.4227503
poi-30-1	2	1.33	26	3	85	989	1.7065566	12057	1.209221
poi-30-1	2	1.33	26	3	171	1726	0.9224891	4846	0.4539177
poi-30-2	1	0.67	12	1	95	641	0.1954152	423	0.0152144
poi-30-2	1	0.67	12	1	190	1164	0.3469965	114	0.0047064
poi-30-2	1	0.67	12	2	95	641	0.2424215	1728	0.0618215
poi-30-2	1	0.67	12	2	190	1164	0.5286122	2989	0.1925679
poi-30-2	1	0.67	12	3	95	641	0.2175075	460	0.018676
poi-30-2	1	0.67	12	3	190	1164	0.42234	1226	0.0801135
poi-30-2	1	0.67	25	1	95	654	0.3435781	420	0.0270264
poi-30-2	1	0.67	25	1	190	1231	0.6966543	488	0.0530586
poi-30-2	1	0.67	25	2	95	667	0.7832576	4704	0.3794584
poi-30-2	1	0.67	25	2	190	1246	0.945993	1222	0.1706211
poi-30-2	1	0.67	25	3	95	683	0.9485059	4722	0.4627338
poi-30-2	1	0.67	25	3	190	1263	1.3719151	3138	0.5211884
poi-30-2	1	1	12	1	95	657	0.2300242	3	0.0001434
poi-30-2	1	1	12	1	190	1201	0.6655629	968	0.094029
poi-30-2	1	1	12	2	95	680	0.2372667	54	0.0024685
poi-30-2	1	1	12	2	190	1255	0.6348614	744	0.0726564
poi-30-2	1	1	12	3	95	680	0.2386412	8	0.0003867
poi-30-2	1	1	12	3	190	1255	0.6052444	352	0.0326902
poi-30-2	1	1	25	1	95	701	0.4792414	2381	0.1552051
poi-30-2	1	1	25	1	190	1307	0.7917554	1260	0.1547889
poi-30-2	1	1	25	2	95	786	0.7005686	5464	0.3659912
poi-30-2	1	1	25	2	190	1369	0.8434841	3190	0.3243087
poi-30-2	1	1	25	3	95	840	0.390906	170	0.0129406
poi-30-2	1	1	25	3	190	1387	0.6188545	1289	0.1253475
poi-30-2	1	1.33	12	1	95	755	0.2296693	4	0.0001879
poi-30-2	1	1.33	12	1	190	1311	0.6227987	422	0.0350484
poi-30-2	1	1.33	12	2	95	778	0.2368654	7	0.000337
poi-30-2	1	1.33	12	2	190	1356	0.6740892	1102	0.1152437
poi-30-2	1	1.33	12	3	95	785	0.2477874	84	0.0042187
poi-30-2	1	1.33	12	3	190	1356	0.7470935	1722	0.1793129
poi-30-2	1	1.33	25	1	95	829	0.4398289	1119	0.0797224
poi-30-2	1	1.33	25	1	190	1516	0.8970957	1736	0.2283342
poi-30-2	1	1.33	25	2	95	927	0.5182238	2091	0.1532793
poi-30-2	1	1.33	25	2	190	1670	0.5580338	245	0.022343
poi-30-2	1	1.33	25	3	95	1030	0.4951983	830	0.0695335
poi-30-2	1	1.33	25	3	190	1703	1.0014802	4885	0.4921134
poi-30-2	2	0.67	12	1	95	654	0.1888375	31	0.0011184
poi-30-2	2	0.67	12	1	190	1179	0.3478074	158	0.0071949
poi-30-2	2	0.67	12	2	95	654	0.1842158	7	0.0003491
poi-30-2	2	0.67	12	2	190	1209	0.5802034	3650	0.2369034
poi-30-2	2	0.67	12	3	95	654	0.1873335	11	0.0004632
poi-30-2	2	0.67	12	3	190	1209	0.6577144	4583	0.3129672
poi-30-2	2	0.67	25	1	95	800	0.4068245	530	0.0386674
poi-30-2	2	0.67	25	1	190	1278	0.8932672	1924	0.2380903
poi-30-2	2	0.67	25	2	95	890	0.4794391	89	0.0090972
poi-30-2	2	0.67	25	2	190	1281	0.9328876	1527	0.21158
poi-30-2	2	0.67	25	3	95	902	0.5883034	109	0.0126437
poi-30-2	2	0.67	25	3	190	1275	1.344319	3732	0.572902
poi-30-2	2	1	12	1	95	680	0.2322514	16	0.000652
poi-30-2	2	1	12	1	190	1268	0.5902835	271	0.0222898
poi-30-2	2	1	12	2	95	680	0.2318342	77	0.0037829
poi-30-2	2	1	12	2	190	1268	0.586698	268	0.0230058
poi-30-2	2	1	12	3	95	680	0.2329244	4	0.0001873
poi-30-2	2	1	12	3	190	1268	0.5789847	138	0.0105758
poi-30-2	2	1	25	1	95	928	0.3643935	1018	0.0617727
poi-30-2	2	1	25	1	190	1410	0.5838622	517	0.0427843
poi-30-2	2	1	25	2	95	1067	0.4984773	2662	0.1727136
poi-30-2	2	1	25	2	190	1410	0.4733996	11	0.0008396
poi-30-2	2	1	25	3	95	1067	0.3316106	41	0.0027455
poi-30-2	2	1	25	3	190	1410	0.4671961	11	0.0008589
poi-30-2	2	1.33	12	1	95	785	0.2681128	638	0.030586
poi-30-2	2	1.33	12	1	190	1366	1.471333	7584	0.8830509
poi-30-2	2	1.33	12	2	95	785	0.2665984	625	0.0297204
poi-30-2	2	1.33	12	2	190	1366	0.5946254	381	0.0301704
poi-30-2	2	1.33	12	3	95	785	0.2839784	871	0.0417679
poi-30-2	2	1.33	12	3	190	1366	0.7668042	1733	0.1930777
poi-30-2	2	1.33	25	1	95	1076	0.6109822	4665	0.2948698
poi-30-2	2	1.33	25	1	190	1677	1.5126229	8783	0.9564832
poi-30-2	2	1.33	25	2	95	1286	0.5818764	3652	0.2471417
poi-30-2	2	1.33	25	2	190	1751	0.7779798	3244	0.2987256
poi-30-2	2	1.33	25	3	95	1300	0.3552118	144	0.0094809
poi-30-2	2	1.33	25	3	190	1773	1.3816919	9158	0.891001
poi-30-3	1	0.67	12	1	86	452	0.3028956	2784	0.1080906
poi-30-3	1	0.67	12	1	172	1140	0.382537	254	0.0143231
poi-30-3	1	0.67	12	2	86	460	0.2811152	1931	0.0785249
poi-30-3	1	0.67	12	2	172	1150	0.8446638	6016	0.4585343
poi-30-3	1	0.67	12	3	86	466	0.3369501	3056	0.1274565
poi-30-3	1	0.67	12	3	172	1148	0.3968134	322	0.0188027
poi-30-3	1	0.67	24	1	86	531	0.2766202	63	0.0033944
poi-30-3	1	0.67	24	1	172	1262	1.1588401	4105	0.5204795
poi-30-3	1	0.67	24	2	86	540	0.3432098	14	0.0009733
poi-30-3	1	0.67	24	2	172	1300	0.8273133	100	0.0134584
poi-30-3	1	0.67	24	3	86	545	0.4077507	169	0.0137334
poi-30-3	1	0.67	24	3	172	1300	1.6159445	3832	0.69268
poi-30-3	1	1	12	1	86	487	0.2628668	372	0.0182449
poi-30-3	1	1	12	1	172	1188	0.9333766	3930	0.4077431
poi-30-3	1	1	12	2	86	487	0.244173	58	0.0029493
poi-30-3	1	1	12	2	172	1215	0.8633355	3444	0.3484395
poi-30-3	1	1	12	3	86	487	0.2587087	101	0.0051585
poi-30-3	1	1	12	3	172	1221	1.0807912	5481	0.5617517
poi-30-3	1	1	24	1	86	613	0.3288992	314	0.0199519
poi-30-3	1	1	24	1	172	1375	0.8110246	2142	0.2356827
poi-30-3	1	1	24	2	86	627	0.3212701	195	0.0122583
poi-30-3	1	1	24	2	172	1430	0.4935789	43	0.0039952
poi-30-3	1	1	24	3	86	627	0.3582449	28	0.0019515
poi-30-3	1	1	24	3	172	1449	0.5203185	510	0.0468754
poi-30-3	1	1.33	12	1	86	519	0.3077741	802	0.0443461
poi-30-3	1	1.33	12	1	172	1297	0.8710277	3634	0.3615706
poi-30-3	1	1.33	12	2	86	521	0.2742873	150	0.0082568
poi-30-3	1	1.33	12	2	172	1333	1.147078	6370	0.6367845
poi-30-3	1	1.33	12	3	86	521	0.2828137	83	0.004998
poi-30-3	1	1.33	12	3	172	1333	1.049061	5343	0.5373566
poi-30-3	1	1.33	24	1	86	718	0.3691649	259	0.018654
poi-30-3	1	1.33	24	1	172	1586	1.3203938	6334	0.7346891
poi-30-3	1	1.33	24	2	86	779	0.3750152	349	0.0240557
poi-30-3	1	1.33	24	2	172	1741	0.5922265	1023	0.098264
poi-30-3	1	1.33	24	3	86	799	0.3817074	22	0.0015365
poi-30-3	1	1.33	24	3	172	1792	0.5245533	479	0.044389
poi-30-3	2	0.67	12	1	86	460	0.2066291	416	0.0160072
poi-30-3	2	0.67	12	1	172	1165	0.5009175	1773	0.1274827
poi-30-3	2	0.67	12	2	86	466	0.3334589	3346	0.1335315
poi-30-3	2	0.67	12	2	172	1163	0.5052401	1579	0.1193292
poi-30-3	2	0.67	12	3	86	466	0.2908205	2066	0.0850555
poi-30-3	2	0.67	12	3	172	1166	0.8251435	5615	0.4329161
poi-30-3	2	0.67	24	1	86	601	0.7986257	7693	0.4832845
poi-30-3	2	0.67	24	1	172	1310	0.8338478	471	0.0647073
poi-30-3	2	0.67	24	2	86	607	0.401439	37	0.0033023
poi-30-3	2	0.67	24	2	172	1323	0.8915492	222	0.0321964
poi-30-3	2	0.67	24	3	86	607	0.4625809	120	0.0109262
poi-30-3	2	0.67	24	3	172	1330	1.0490773	867	0.1446275
poi-30-3	2	1	12	1	86	487	0.2339166	325	0.0145713
poi-30-3	2	1	12	1	172	1225	0.5496584	294	0.0227481
poi-30-3	2	1	12	2	86	506	0.2647873	903	0.0413822
poi-30-3	2	1	12	2	172	1225	0.6234767	1087	0.1073668
poi-30-3	2	1	12	3	86	506	0.2700488	876	0.0402519
poi-30-3	2	1	12	3	172	1225	0.773718	2654	0.2621007
poi-30-3	2	1	24	1	86	699	0.3101816	436	0.0250622
poi-30-3	2	1	24	1	172	1449	0.5004491	154	0.0116903
poi-30-3	2	1	24	2	86	720	0.3122226	38	0.0023285
poi-30-3	2	1	24	2	172	1449	0.4325728	12	0.0010075
poi-30-3	2	1	24	3	86	720	0.3245776	11	0.0007054
poi-30-3	2	1	24	3	172	1449	0.4445105	8	0.0008749
poi-30-3	2	1.33	12	1	86	519	0.2410144	116	0.0063035
poi-30-3	2	1.33	12	1	172	1341	0.5045648	61	0.0043642
poi-30-3	2	1.33	12	2	86	586	0.2826765	719	0.0359803
poi-30-3	2	1.33	12	2	172	1343	0.7356428	2440	0.2334872
poi-30-3	2	1.33	12	3	86	586	0.2748252	410	0.0225844
poi-30-3	2	1.33	12	3	172	1347	1.1386204	6820	0.652288
poi-30-3	2	1.33	24	1	86	831	0.3603303	1002	0.0605729
poi-30-3	2	1.33	24	1	172	1715	0.7630026	2778	0.2663553
poi-30-3	2	1.33	24	2	86	889	0.3535834	333	0.0217691
poi-30-3	2	1.33	24	2	172	1808	1.109287	7865	0.6759027
poi-30-3	2	1.33	24	3	86	902	0.3974648	886	0.0591805
poi-30-3	2	1.33	24	3	172	1819	0.6137547	1673	0.1486045
poi-30-4	1	0.67	11	1	91	798	0.5408869	4842	0.2646877
poi-30-4	1	0.67	11	1	183	1209	0.4095552	705	0.040737
poi-30-4	1	0.67	11	2	91	798	0.5754397	4951	0.2860779
poi-30-4	1	0.67	11	2	183	1211	0.4718861	1479	0.0965716
poi-30-4	1	0.67	11	3	91	798	0.3465233	897	0.0506504
poi-30-4	1	0.67	11	3	183	1211	0.4437059	1011	0.0618813
poi-30-4	1	0.67	23	1	91	852	0.51057	766	0.0639705
poi-30-4	1	0.67	23	1	183	1215	0.5998249	144	0.0102495
poi-30-4	1	0.67	23	2	91	869	0.6210659	362	0.036101
poi-30-4	1	0.67	23	2	183	1215	0.7323965	347	0.0419728
poi-30-4	1	0.67	23	3	91	887	0.7572693	111	0.0145185
poi-30-4	1	0.67	23	3	183	1215	0.833548	110	0.0108215
poi-30-4	1	1	11	1	91	842	0.3923144	1971	0.1113203
poi-30-4	1	1	11	1	183	1226	0.554455	14	0.0013368
poi-30-4	1	1	11	2	91	842	0.3548737	1374	0.0757559
poi-30-4	1	1	11	2	183	1226	0.5203299	14	0.0010846
poi-30-4	1	1	11	3	91	842	0.2905292	115	0.0069952
poi-30-4	1	1	11	3	183	1226	0.5129545	19	0.0016512
poi-30-4	1	1	23	1	91	870	0.4406409	1102	0.0793238
poi-30-4	1	1	23	1	183	1231	0.9323629	1796	0.2437424
poi-30-4	1	1	23	2	91	940	0.789316	5152	0.4006045
poi-30-4	1	1	23	2	183	1231	0.6759862	769	0.0887403
poi-30-4	1	1	23	3	91	991	0.49037	144	0.0134381
poi-30-4	1	1	23	3	183	1262	0.5914628	139	0.0150975
poi-30-4	1	1.33	11	1	91	911	0.482365	3530	0.1999725
poi-30-4	1	1.33	11	1	183	1395	0.6422956	720	0.0762081
poi-30-4	1	1.33	11	2	91	916	0.3220224	419	0.0250496
poi-30-4	1	1.33	11	2	183	1420	0.5398697	37	0.0032167
poi-30-4	1	1.33	11	3	91	937	0.5084125	3462	0.2084863
poi-30-4	1	1.33	11	3	183	1427	0.7895559	2521	0.2595513
poi-30-4	1	1.33	23	1	91	1008	0.4992733	1650	0.1244627
poi-30-4	1	1.33	23	1	183	1469	1.1165771	3108	0.4206926
poi-30-4	1	1.33	23	2	91	1110	1.1970181	9317	0.7792657
poi-30-4	1	1.33	23	2	183	1532	1.4309636	6301	0.7967057
poi-30-4	1	1.33	23	3	91	1218	1.0722264	6066	0.5881534
poi-30-4	1	1.33	23	3	183	1555	0.9987796	3548	0.4147307
poi-30-4	2	0.67	11	1	91	798	0.5179776	4620	0.2493628
poi-30-4	2	0.67	11	1	183	1215	0.4029428	586	0.0374277
poi-30-4	2	0.67	11	2	91	813	0.7593959	8553	0.4794293
poi-30-4	2	0.67	11	2	183	1215	0.4254699	807	0.0537052
poi-30-4	2	0.67	11	3	91	813	0.4122528	2234	0.12524
poi-30-4	2	0.67	11	3	183	1215	0.3944691	288	0.0157405
poi-30-4	2	0.67	23	1	91	977	1.0209023	4445	0.4754147
poi-30-4	2	0.67	23	1	183	1215	0.6180932	289	0.029085
poi-30-4	2	0.67	23	2	91	978	0.7055105	116	0.0140486
poi-30-4	2	0.67	23	2	183	1215	0.8744407	980	0.1349853
poi-30-4	2	0.67	23	3	91	978	0.7645085	30	0.0042972
poi-30-4	2	0.67	23	3	183	1215	0.801836	9	0.0011653
poi-30-4	2	1	11	1	91	863	0.2680965	70	0.0039822
poi-30-4	2	1	11	1	183	1226	0.5642207	18	0.0016984
poi-30-4	2	1	11	2	91	863	0.3469921	1329	0.0722854
poi-30-4	2	1	11	2	183	1226	0.5395073	1	0.0001266
poi-30-4	2	1	11	3	91	863	0.2861588	52	0.0034771
poi-30-4	2	1	11	3	183	1226	0.5259126	4	0.0003534
poi-30-4	2	1	23	1	91	1074	0.5290603	1948	0.1481794
poi-30-4	2	1	23	1	183	1285	0.8690894	2439	0.2839099
poi-30-4	2	1	23	2	91	1092	0.4119893	30	0.0025173
poi-30-4	2	1	23	2	183	1298	0.5644162	181	0.0179126
poi-30-4	2	1	23	3	91	1092	0.4386279	32	0.0028296
poi-30-4	2	1	23	3	183	1298	0.5599694	116	0.0118885
poi-30-4	2	1.33	11	1	91	942	0.2990932	463	0.0260352
poi-30-4	2	1.33	11	1	183	1402	0.5721833	214	0.0186081
poi-30-4	2	1.33	11	2	91	952	0.3063612	354	0.0203702
poi-30-4	2	1.33	11	2	183	1431	0.7828601	2496	0.2562976
poi-30-4	2	1.33	11	3	91	952	0.3850311	1442	0.086807
poi-30-4	2	1.33	11	3	183	1431	0.5387052	127	0.0094055
poi-30-4	2	1.33	23	1	91	1245	0.5812204	2342	0.1854173
poi-30-4	2	1.33	23	1	183	1490	1.0055556	3129	0.3842284
poi-30-4	2	1.33	23	2	91	1352	0.5701311	1860	0.1544155
poi-30-4	2	1.33	23	2	183	1575	0.608711	231	0.022874
poi-30-4	2	1.33	23	3	91	1393	0.907354	5197	0.4598778
poi-30-4	2	1.33	23	3	183	1604	0.6134041	448	0.0470924
poi-30-5	1	0.67	13	1	82	422	0.1646408	84	0.0028364
poi-30-5	1	0.67	13	1	164	1206	0.5908805	2883	0.2126519
poi-30-5	1	0.67	13	2	82	441	0.1933629	466	0.0165511
poi-30-5	1	0.67	13	2	164	1199	0.4819349	1271	0.0944227
poi-30-5	1	0.67	13	3	82	441	0.188085	33	0.0011835
poi-30-5	1	0.67	13	3	164	1199	0.4073076	220	0.0114605
poi-30-5	1	0.67	26	1	82	454	0.2874233	1341	0.0615472
poi-30-5	1	0.67	26	1	164	1233	1.0994014	4297	0.5074372
poi-30-5	1	0.67	26	2	82	496	0.2727791	44	0.0022601
poi-30-5	1	0.67	26	2	164	1266	1.0640274	2445	0.3438996
poi-30-5	1	0.67	26	3	82	529	0.3225024	101	0.0062076
poi-30-5	1	0.67	26	3	164	1274	0.9318214	857	0.1279392
poi-30-5	1	1	13	1	82	431	0.2111058	269	0.0109709
poi-30-5	1	1	13	1	164	1254	0.6679168	1657	0.1618067
poi-30-5	1	1	13	2	82	494	0.2178164	22	0.0010215
poi-30-5	1	1	13	2	164	1254	0.6541248	1623	0.1582776
poi-30-5	1	1	13	3	82	494	0.2254655	6	0.0002601
poi-30-5	1	1	13	3	164	1254	0.7093717	2037	0.2076153
poi-30-5	1	1	26	1	82	499	0.262552	1029	0.0449653
poi-30-5	1	1	26	1	164	1310	0.76914	2086	0.2241212
poi-30-5	1	1	26	2	82	562	0.2443573	2	0.000128
poi-30-5	1	1	26	2	164	1387	0.5493691	650	0.0623588
poi-30-5	1	1	26	3	82	612	0.2679618	50	0.0028299
poi-30-5	1	1	26	3	164	1419	0.4861262	83	0.0091475
poi-30-5	1	1.33	13	1	82	506	0.4690863	5068	0.23562
poi-30-5	1	1.33	13	1	164	1408	1.0476345	5705	0.5546967
poi-30-5	1	1.33	13	2	82	563	0.2433826	87	0.0042512
poi-30-5	1	1.33	13	2	164	1432	1.0075896	5397	0.5201594
poi-30-5	1	1.33	13	3	82	564	0.2532709	82	0.0044986
poi-30-5	1	1.33	13	3	164	1432	1.5358736	10590	1.0438139
poi-30-5	1	1.33	26	1	82	589	0.2742622	360	0.0180879
poi-30-5	1	1.33	26	1	164	1522	0.6438548	1097	0.1098687
poi-30-5	1	1.33	26	2	82	649	0.2877544	374	0.020733
poi-30-5	1	1.33	26	2	164	1676	0.9614329	5083	0.4799204
poi-30-5	1	1.33	26	3	82	715	0.2854168	43	0.0024562
poi-30-5	1	1.33	26	3	164	1738	0.9443626	5046	0.4724974
poi-30-5	2	0.67	13	1	82	472	0.1820999	55	0.002064
poi-30-5	2	0.67	13	1	164	1211	0.5627707	2464	0.1837068
poi-30-5	2	0.67	13	2	82	487	0.1947169	31	0.0010724
poi-30-5	2	0.67	13	2	164	1211	0.5187913	1736	0.1307588
poi-30-5	2	0.67	13	3	82	487	0.2065853	90	0.0037153
poi-30-5	2	0.67	13	3	164	1211	0.6255361	3027	0.2304967
poi-30-5	2	0.67	26	1	82	500	0.2651173	14	0.0007604
poi-30-5	2	0.67	26	1	164	1328	0.6700151	281	0.0290861
poi-30-5	2	0.67	26	2	82	529	0.3662981	456	0.0306613
poi-30-5	2	0.67	26	2	164	1357	0.7373627	33	0.0039689
poi-30-5	2	0.67	26	3	82	529	0.3888183	115	0.0084706
poi-30-5	2	0.67	26	3	164	1371	0.8001504	41	0.0052359
poi-30-5	2	1	13	1	82	525	0.1983659	186	0.0078216
poi-30-5	2	1	13	1	164	1268	0.5045602	20	0.0016306
poi-30-5	2	1	13	2	82	562	0.1999329	66	0.0029597
poi-30-5	2	1	13	2	164	1268	0.5034226	29	0.0020145
poi-30-5	2	1	13	3	82	562	0.2032244	11	0.0004558
poi-30-5	2	1	13	3	164	1268	0.5097481	40	0.0029781
poi-30-5	2	1	26	1	82	575	0.2307088	59	0.0028413
poi-30-5	2	1	26	1	164	1447	0.4950135	97	0.0074615
poi-30-5	2	1	26	2	82	612	0.2580681	2	0.0001043
poi-30-5	2	1	26	2	164	1469	0.4346271	1	0.0001446
poi-30-5	2	1	26	3	82	633	0.2845011	9	0.0004738
poi-30-5	2	1	26	3	164	1527	0.4878713	648	0.0549744
poi-30-5	2	1.33	13	1	82	594	0.2288784	186	0.0086229
poi-30-5	2	1.33	13	1	164	1409	0.5482156	941	0.0740052
poi-30-5	2	1.33	13	2	82	633	0.2289533	79	0.003676
poi-30-5	2	1.33	13	2	164	1446	0.4779682	77	0.0051746
poi-30-5	2	1.33	13	3	82	633	0.2312762	39	0.0018075
poi-30-5	2	1.33	13	3	164	1445	0.4755569	89	0.007125
poi-30-5	2	1.33	26	1	82	672	0.2461812	29	0.0014168
poi-30-5	2	1.33	26	1	164	1717	0.8967548	4273	0.407749
poi-30-5	2	1.33	26	2	82	741	0.2711897	46	0.0027101
poi-30-5	2	1.33	26	2	164	1779	0.440379	16	0.0013801
poi-30-5	2	1.33	26	3	82	761	0.4826277	2133	0.1462595
poi-30-5	2	1.33	26	3	164	1828	1.0261299	6662	0.5830537
poi-40-1	1	0.67	12	1	101	1042	0.5067159	0	0
poi-40-1	1	0.67	12	1	202	1598	0.9280489	680	0.0770631
poi-40-1	1	0.67	12	2	101	1042	0.54998	0	0
poi-40-1	1	0.67	12	2	202	1606	1.7084857	4894	0.8298141
poi-40-1	1	0.67	12	3	101	1042	0.5620257	0	0
poi-40-1	1	0.67	12	3	202	1606	1.5565899	3904	0.6638234
poi-40-1	1	0.67	24	1	101	1083	0.7933472	4	0.0004717
poi-40-1	1	0.67	24	1	202	1678	1.5556523	1017	0.2413721
poi-40-1	1	0.67	24	2	101	1116	1.59085	2697	0.552362
poi-40-1	1	0.67	24	2	202	1696	3.2628893	5252	1.6430668
poi-40-1	1	0.67	24	3	101	1143	1.5086889	1499	0.3248078
poi-40-1	1	0.67	24	3	202	1726	2.8324655	2879	0.9896346
poi-40-1	1	1	12	1	101	1079	0.6044946	290	0.0324996
poi-40-1	1	1	12	1	202	1624	1.4671508	1077	0.2455425
poi-40-1	1	1	12	2	101	1084	0.518594	152	0.0162535
poi-40-1	1	1	12	2	202	1668	1.6411908	2719	0.5645085
poi-40-1	1	1	12	3	101	1084	0.5174508	10	0.0010603
poi-40-1	1	1	12	3	202	1659	1.0819921	11	0.0014847
poi-40-1	1	1	24	1	101	1154	0.7407553	452	0.0602585
poi-40-1	1	1	24	1	202	1723	1.650828	1583	0.3913947
poi-40-1	1	1	24	2	101	1218	0.6444128	161	0.0202443
poi-40-1	1	1	24	2	202	1855	1.8609503	4334	0.8418823
poi-40-1	1	1	24	3	101	1259	1.0834626	3017	0.4087195
poi-40-1	1	1	24	3	202	1865	1.0178776	199	0.032059
poi-40-1	1	1.34	12	1	101	1250	0.5775351	96	0.0100976
poi-40-1	1	1.34	12	1	202	1868	3.2381184	8953	2.0678085
poi-40-1	1	1.34	12	2	101	1279	0.6613421	1281	0.1355805
poi-40-1	1	1.34	12	2	202	1923	1.1540862	400	0.0780301
poi-40-1	1	1.34	12	3	101	1296	0.6443405	1077	0.1147806
poi-40-1	1	1.34	12	3	202	1949	1.4491342	1922	0.3841349
poi-40-1	1	1.34	24	1	101	1321	0.8433058	984	0.133329
poi-40-1	1	1.34	24	1	202	2012	1.3746093	429	0.0880771
poi-40-1	1	1.34	24	2	101	1508	0.798427	1220	0.1557043
poi-40-1	1	1.34	24	2	202	2193	1.8081976	3956	0.784587
poi-40-1	1	1.34	24	3	101	1558	0.8214635	860	0.1241017
poi-40-1	1	1.34	24	3	202	2269	1.315287	1634	0.3113812
poi-40-1	2	0.67	12	1	101	1054	0.5033611	1	0.0002003
poi-40-1	2	0.67	12	1	202	1633	1.5683789	4112	0.6907533
poi-40-1	2	0.67	12	2	101	1054	0.5502901	196	0.0176218
poi-40-1	2	0.67	12	2	202	1631	1.2774983	2238	0.3833757
poi-40-1	2	0.67	12	3	101	1054	0.546464	20	0.0018837
poi-40-1	2	0.67	12	3	202	1607	1.5840971	3971	0.6864717
poi-40-1	2	0.67	24	1	101	1178	1.7237969	4802	0.8392364
poi-40-1	2	0.67	24	1	202	1729	2.5744235	4677	1.2174089
poi-40-1	2	0.67	24	2	101	1201	1.5744543	2111	0.4609034
poi-40-1	2	0.67	24	2	202	1757	2.833521	4264	1.2748023
poi-40-1	2	0.67	24	3	101	1201	2.3370549	4587	1.1135491
poi-40-1	2	0.67	24	3	202	1751	1.9323483	654	0.1784024
poi-40-1	2	1	12	1	101	1167	0.5466298	54	0.00519
poi-40-1	2	1	12	1	202	1719	2.365476	4572	1.1200361
poi-40-1	2	1	12	2	101	1167	0.516528	145	0.0131655
poi-40-1	2	1	12	2	202	1719	1.1988314	375	0.0608738
poi-40-1	2	1	12	3	101	1167	0.5188062	82	0.0071583
poi-40-1	2	1	12	3	202	1719	1.2028099	268	0.0407742
poi-40-1	2	1	24	1	101	1336	1.490303	7058	0.8665748
poi-40-1	2	1	24	1	202	1865	1.1412643	214	0.0307253
poi-40-1	2	1	24	2	101	1416	0.7642898	1628	0.1864598
poi-40-1	2	1	24	2	202	1893	0.9853256	13	0.0020606
poi-40-1	2	1	24	3	101	1416	1.1637674	4468	0.5485102
poi-40-1	2	1	24	3	202	1893	0.967254	46	0.0069036
poi-40-1	2	1.34	12	1	101	1370	0.7569298	2249	0.2362084
poi-40-1	2	1.34	12	1	202	1963	1.8770566	3423	0.7385461
poi-40-1	2	1.34	12	2	101	1399	0.6850353	1901	0.1871959
poi-40-1	2	1.34	12	2	202	1995	1.5230266	2376	0.4693183
poi-40-1	2	1.34	12	3	101	1399	0.7163217	2085	0.2097704
poi-40-1	2	1.34	12	3	202	2044	1.2142448	782	0.1526876
poi-40-1	2	1.34	24	1	101	1566	1.3711998	5927	0.7407386
poi-40-1	2	1.34	24	1	202	2215	3.5267576	11187	2.4368646
poi-40-1	2	1.34	24	2	101	1688	0.8032334	1904	0.2188433
poi-40-1	2	1.34	24	2	202	2317	1.022439	247	0.0410612
poi-40-1	2	1.34	24	3	101	1763	1.5902411	7527	0.954748
poi-40-1	2	1.34	24	3	202	2368	1.3193432	1957	0.3580288
poi-40-2	1	0.67	12	1	97	838	0.5059371	603	0.0507415
poi-40-2	1	0.67	12	1	194	1660	1.7249965	6222	0.9376175
poi-40-2	1	0.67	12	2	97	846	0.598253	1333	0.1223871
poi-40-2	1	0.67	12	2	194	1660	1.2941899	3072	0.4691715
poi-40-2	1	0.67	12	3	97	846	0.5097094	186	0.0152529
poi-40-2	1	0.67	12	3	194	1636	1.0559282	1302	0.200726
poi-40-2	1	0.67	24	1	97	894	0.6925945	58	0.0067024
poi-40-2	1	0.67	24	1	194	1705	1.3775641	87	0.0113145
poi-40-2	1	0.67	24	2	97	918	0.8732756	101	0.0136494
poi-40-2	1	0.67	24	2	194	1705	2.0171807	1217	0.3638144
poi-40-2	1	0.67	24	3	97	918	0.9931803	112	0.0170058
poi-40-2	1	0.67	24	3	194	1705	2.5491203	1879	0.6695821
poi-40-2	1	1	12	1	97	886	0.5628607	743	0.0707864
poi-40-2	1	1	12	1	194	1699	1.0995104	85	0.0117357
poi-40-2	1	1	12	2	97	898	0.5279376	576	0.0549098
poi-40-2	1	1	12	2	194	1699	0.9885918	36	0.0050517
poi-40-2	1	1	12	3	97	903	0.7769544	3365	0.3148737
poi-40-2	1	1	12	3	194	1716	1.0965242	768	0.1384023
poi-40-2	1	1	24	1	97	941	1.354457	6354	0.7566793
poi-40-2	1	1	24	1	194	1765	1.6581503	1293	0.3164515
poi-40-2	1	1	24	2	97	999	0.6980897	1158	0.1321114
poi-40-2	1	1	24	2	194	1830	1.8215917	3890	0.7694487
poi-40-2	1	1	24	3	97	1032	1.1277474	4395	0.5271487
poi-40-2	1	1	24	3	194	1843	1.1711744	1052	0.1943226
poi-40-2	1	1.34	12	1	97	983	0.518002	153	0.0150545
poi-40-2	1	1.34	12	1	194	1935	2.1595546	5284	1.1080031
poi-40-2	1	1.34	12	2	97	1090	1.5731263	11689	1.0993549
poi-40-2	1	1.34	12	2	194	1975	1.6081907	3208	0.6236647
poi-40-2	1	1.34	12	3	97	1090	0.7035261	2203	0.2146598
poi-40-2	1	1.34	12	3	194	2025	2.210045	6491	1.2381096
poi-40-2	1	1.34	24	1	97	1076	0.8845542	2090	0.2574969
poi-40-2	1	1.34	24	1	194	2099	2.9410985	6085	1.5918512
poi-40-2	1	1.34	24	2	97	1241	0.6960199	921	0.108334
poi-40-2	1	1.34	24	2	194	2250	1.9500984	4513	0.906396
poi-40-2	1	1.34	24	3	97	1265	0.6958902	596	0.0741822
poi-40-2	1	1.34	24	3	194	2261	1.7797021	4235	0.8108133
poi-40-2	2	0.67	12	1	97	846	0.4850445	397	0.0310066
poi-40-2	2	0.67	12	1	194	1668	1.6149386	5144	0.8088245
poi-40-2	2	0.67	12	2	97	846	0.4657104	24	0.0017428
poi-40-2	2	0.67	12	2	194	1668	1.2447645	2726	0.4227446
poi-40-2	2	0.67	12	3	97	846	0.5422287	647	0.0585213
poi-40-2	2	0.67	12	3	194	1668	0.9013174	484	0.0576148
poi-40-2	2	0.67	24	1	97	969	1.2797896	3264	0.4984287
poi-40-2	2	0.67	24	1	194	1737	2.0062924	3063	0.7201475
poi-40-2	2	0.67	24	2	97	978	0.9889987	539	0.0859957
poi-40-2	2	0.67	24	2	194	1739	2.4396556	3532	0.9793711
poi-40-2	2	0.67	24	3	97	1000	1.721732	3740	0.7301851
poi-40-2	2	0.67	24	3	194	1739	2.5429147	3054	0.922722
poi-40-2	2	1	12	1	97	946	0.5782514	1153	0.1038624
poi-40-2	2	1	12	1	194	1736	1.2057624	901	0.166696
poi-40-2	2	1	12	2	97	953	0.4426071	3	0.0002467
poi-40-2	2	1	12	2	194	1736	1.0236281	286	0.0475655
poi-40-2	2	1	12	3	97	953	0.4525611	106	0.0090342
poi-40-2	2	1	12	3	194	1736	0.9946594	124	0.0157525
poi-40-2	2	1	24	1	97	1140	0.8693362	2553	0.2926224
poi-40-2	2	1	24	1	194	1872	1.8124183	3378	0.7193851
poi-40-2	2	1	24	2	97	1220	0.8205453	2700	0.2867859
poi-40-2	2	1	24	2	194	1950	1.1876135	1321	0.2366471
poi-40-2	2	1	24	3	97	1349	0.6112431	579	0.0637965
poi-40-2	2	1	24	3	194	1950	1.0534285	612	0.1106652
poi-40-2	2	1.34	12	1	97	1146	0.4834797	250	0.0222871
poi-40-2	2	1.34	12	1	194	1991	1.0341638	295	0.0394408
poi-40-2	2	1.34	12	2	97	1183	0.4707341	492	0.04116
poi-40-2	2	1.34	12	2	194	2030	1.0817756	738	0.1232302
poi-40-2	2	1.34	12	3	97	1183	0.7659924	3715	0.328336
poi-40-2	2	1.34	12	3	194	2043	1.0084016	346	0.0557286
poi-40-2	2	1.34	24	1	97	1388	0.8078791	1899	0.2172692
poi-40-2	2	1.34	24	1	194	2200	1.1204474	109	0.0151315
poi-40-2	2	1.34	24	2	97	1526	0.6468775	831	0.0924187
poi-40-2	2	1.34	24	2	194	2352	1.3441141	1988	0.3660282
poi-40-2	2	1.34	24	3	97	1627	0.6505414	613	0.0717101
poi-40-2	2	1.34	24	3	194	2419	1.5718588	3315	0.6131267
poi-40-3	1	0.67	13	1	97	684	0.3563726	450	0.0283767
poi-40-3	1	0.67	13	1	195	1470	1.2157007	2735	0.4156904
poi-40-3	1	0.67	13	2	97	684	0.3681117	265	0.0178851
poi-40-3	1	0.67	13	2	195	1469	0.8418128	177	0.0227318
poi-40-3	1	0.67	13	3	97	684	0.3789863	317	0.0217639
poi-40-3	1	0.67	13	3	195	1469	1.3071395	3027	0.4778263
poi-40-3	1	0.67	27	1	97	782	0.5136444	82	0.0076848
poi-40-3	1	0.67	27	1	195	1536	3.7746747	9373	2.4535474
poi-40-3	1	0.67	27	2	97	818	0.6822816	384	0.0456102
poi-40-3	1	0.67	27	2	195	1592	1.8699722	648	0.1870506
poi-40-3	1	0.67	27	3	97	849	0.807642	466	0.0683921
poi-40-3	1	0.67	27	3	195	1598	3.1567189	3143	1.169968
poi-40-3	1	1	13	1	97	723	0.3998547	336	0.0256188
poi-40-3	1	1	13	1	195	1506	1.0592454	61	0.0089667
poi-40-3	1	1	13	2	97	723	0.3998316	223	0.0165799
poi-40-3	1	1	13	2	195	1532	2.1007484	6080	1.1411032
poi-40-3	1	1	13	3	97	727	0.5944923	2670	0.2058326
poi-40-3	1	1	13	3	195	1537	1.5985156	3203	0.6164604
poi-40-3	1	1	27	1	97	851	0.5579213	1086	0.0988073
poi-40-3	1	1	27	1	195	1608	1.8456665	3446	0.7395705
poi-40-3	1	1	27	2	97	914	1.0064572	5593	0.5307704
poi-40-3	1	1	27	2	195	1742	1.4175782	3207	0.5494114
poi-40-3	1	1	27	3	97	971	0.541415	228	0.0239616
poi-40-3	1	1	27	3	195	1776	0.8762855	165	0.025503
poi-40-3	1	1.34	13	1	97	796	0.5350259	1971	0.1507468
poi-40-3	1	1.34	13	1	195	1718	1.2942207	1524	0.2855767
poi-40-3	1	1.34	13	2	97	817	0.4323726	660	0.0503763
poi-40-3	1	1.34	13	2	195	1730	0.9929398	229	0.0291289
poi-40-3	1	1.34	13	3	97	819	0.7598552	4803	0.3745386
poi-40-3	1	1.34	13	3	195	1803	1.2997619	2005	0.3509078
poi-40-3	1	1.34	27	1	97	981	0.5044372	117	0.0122426
poi-40-3	1	1.34	27	1	195	1836	1.176463	325	0.0587961
poi-40-3	1	1.34	27	2	97	1090	1.0007947	4972	0.5008873
poi-40-3	1	1.34	27	2	195	2056	0.9099923	174	0.0251058
poi-40-3	1	1.34	27	3	97	1232	1.0296193	4367	0.4804614
poi-40-3	1	1.34	27	3	195	2204	2.2516413	8165	1.3877653
poi-40-3	2	0.67	13	1	97	714	0.4075778	943	0.0639519
poi-40-3	2	0.67	13	1	195	1499	0.7888282	40	0.0040665
poi-40-3	2	0.67	13	2	97	722	0.7063765	4788	0.3452876
poi-40-3	2	0.67	13	2	195	1499	0.8080067	26	0.0025438
poi-40-3	2	0.67	13	3	97	714	0.3774619	132	0.0087699
poi-40-3	2	0.67	13	3	195	1501	0.8553123	415	0.0620671
poi-40-3	2	0.67	27	1	97	909	0.7370925	770	0.0946947
poi-40-3	2	0.67	27	1	195	1670	1.5803972	1019	0.2497822
poi-40-3	2	0.67	27	2	97	1013	1.3130802	3255	0.5127188
poi-40-3	2	0.67	27	2	195	1695	1.9932276	1382	0.4087374
poi-40-3	2	0.67	27	3	97	1067	1.1189786	1509	0.2669166
poi-40-3	2	0.67	27	3	195	1691	1.7204214	51	0.0142158
poi-40-3	2	1	13	1	97	802	0.3796925	375	0.0271076
poi-40-3	2	1	13	1	195	1578	1.3860642	2047	0.3929548
poi-40-3	2	1	13	2	97	812	0.3728673	101	0.0077322
poi-40-3	2	1	13	2	195	1578	1.0732727	732	0.1185148
poi-40-3	2	1	13	3	97	812	0.3861437	163	0.0124665
poi-40-3	2	1	13	3	195	1616	1.3705781	2475	0.4537731
poi-40-3	2	1	27	1	97	1071	0.4879988	488	0.0439089
poi-40-3	2	1	27	1	195	1840	1.9601754	4987	0.9526968
poi-40-3	2	1	27	2	97	1219	0.6341843	1915	0.1759142
poi-40-3	2	1	27	2	195	1894	1.4848951	3818	0.6375604
poi-40-3	2	1	27	3	97	1324	1.1347672	6599	0.6452289
poi-40-3	2	1	27	3	195	1899	0.8573385	270	0.0386555
poi-40-3	2	1.34	13	1	97	880	0.6969931	4529	0.3309161
poi-40-3	2	1.34	13	1	195	1808	1.2386833	1492	0.2666657
poi-40-3	2	1.34	13	2	97	923	0.4399669	748	0.0578647
poi-40-3	2	1.34	13	2	195	1836	2.0610281	6368	1.1602702
poi-40-3	2	1.34	13	3	97	923	0.4620925	963	0.0768651
poi-40-3	2	1.34	13	3	195	1862	1.3334255	2305	0.3955337
poi-40-3	2	1.34	27	1	97	1240	0.5359553	858	0.0786141
poi-40-3	2	1.34	27	1	195	2138	2.7097163	8547	1.7035164
poi-40-3	2	1.34	27	2	97	1478	0.5911006	1303	0.1206923
poi-40-3	2	1.34	27	2	195	2288	0.9812217	788	0.1200097
poi-40-3	2	1.34	27	3	97	1632	0.5396589	366	0.0358829
poi-40-3	2	1.34	27	3	195	2340	1.8132986	5962	0.9844318
poi-40-4	1	0.67	13	1	103	600	0.3980173	379	0.0262307
poi-40-4	1	0.67	13	1	207	1555	1.1330776	1911	0.2930733
poi-40-4	1	0.67	13	2	103	600	0.4248201	319	0.0238168
poi-40-4	1	0.67	13	2	207	1577	0.9766542	907	0.138353
poi-40-4	1	0.67	13	3	103	600	0.4207661	176	0.0139195
poi-40-4	1	0.67	13	3	207	1577	1.1424826	1746	0.2757378
poi-40-4	1	0.67	27	1	103	658	0.6604765	1980	0.1842491
poi-40-4	1	0.67	27	1	207	1604	1.3971734	369	0.0691022
poi-40-4	1	0.67	27	2	103	699	1.2012413	5674	0.6332296
poi-40-4	1	0.67	27	2	207	1646	1.6827553	110	0.0213271
poi-40-4	1	0.67	27	3	103	715	0.706683	587	0.0705458
poi-40-4	1	0.67	27	3	207	1673	1.928956	226	0.0528917
poi-40-4	1	1	13	1	103	635	0.4598683	818	0.0654594
poi-40-4	1	1	13	1	207	1620	1.9923001	4377	0.925283
poi-40-4	1	1	13	2	103	635	0.5102908	1109	0.0929975
poi-40-4	1	1	13	2	207	1648	1.1981998	1392	0.2498695
poi-40-4	1	1	13	3	103	635	0.4595223	264	0.0227939
poi-40-4	1	1	13	3	207	1648	1.0469127	705	0.1019796
poi-40-4	1	1	27	1	103	698	0.7776673	3603	0.3243772
poi-40-4	1	1	27	1	207	1653	1.2688674	127	0.0261236
poi-40-4	1	1	27	2	103	830	0.661346	1885	0.1813576
poi-40-4	1	1	27	2	207	1843	1.7754414	4092	0.7807423
poi-40-4	1	1	27	3	103	876	0.7368242	2180	0.2246266
poi-40-4	1	1	27	3	207	1905	1.3889441	2438	0.4497792
poi-40-4	1	1.34	13	1	103	691	0.4524246	371	0.0311775
poi-40-4	1	1.34	13	1	207	1855	1.5801	2341	0.4759155
poi-40-4	1	1.34	13	2	103	736	0.5193292	987	0.0893981
poi-40-4	1	1.34	13	2	207	1969	2.0243742	5602	1.0550085
poi-40-4	1	1.34	13	3	103	736	0.4602945	78	0.0071168
poi-40-4	1	1.34	13	3	207	1990	1.211461	1413	0.2513135
poi-40-4	1	1.34	27	1	103	830	0.544882	661	0.0639721
poi-40-4	1	1.34	27	1	207	1920	1.7715923	2073	0.4916991
poi-40-4	1	1.34	27	2	103	982	0.5940983	815	0.084181
poi-40-4	1	1.34	27	2	207	2194	1.3904239	2031	0.386116
poi-40-4	1	1.34	27	3	103	1067	0.8192146	2569	0.2774022
poi-40-4	1	1.34	27	3	207	2354	1.3302252	1945	0.3642776
poi-40-4	2	0.67	13	1	103	623	0.5345873	2183	0.1601818
poi-40-4	2	0.67	13	1	207	1593	0.8406779	300	0.0367617
poi-40-4	2	0.67	13	2	103	641	0.3947419	67	0.0045864
poi-40-4	2	0.67	13	2	207	1597	0.8174609	57	0.0090724
poi-40-4	2	0.67	13	3	103	641	0.4756609	1021	0.0787599
poi-40-4	2	0.67	13	3	207	1597	0.8574756	85	0.0081995
poi-40-4	2	0.67	27	1	103	727	0.6366151	932	0.0998087
poi-40-4	2	0.67	27	1	207	1709	1.4489525	100	0.0192163
poi-40-4	2	0.67	27	2	103	818	0.7396165	1044	0.1220814
poi-40-4	2	0.67	27	2	207	1738	1.7844115	293	0.0769438
poi-40-4	2	0.67	27	3	103	820	0.7005471	276	0.0339818
poi-40-4	2	0.67	27	3	207	1733	4.3096376	6914	2.4860272
poi-40-4	2	1	13	1	103	682	0.4521661	916	0.069587
poi-40-4	2	1	13	1	207	1648	1.0415113	237	0.0323031
poi-40-4	2	1	13	2	103	709	0.4291	450	0.0353636
poi-40-4	2	1	13	2	207	1657	1.0768867	683	0.1238715
poi-40-4	2	1	13	3	103	709	0.4032636	10	0.0007623
poi-40-4	2	1	13	3	207	1648	0.9786416	138	0.0172598
poi-40-4	2	1	27	1	103	854	0.7026376	3089	0.2700993
poi-40-4	2	1	27	1	207	1883	1.2747452	1466	0.2722343
poi-40-4	2	1	27	2	103	1025	0.4580962	5	0.0004441
poi-40-4	2	1	27	2	207	1948	0.8945433	29	0.0044759
poi-40-4	2	1	27	3	103	1033	0.5106348	457	0.0418504
poi-40-4	2	1	27	3	207	1948	0.9000104	81	0.0103465
poi-40-4	2	1.34	13	1	103	738	0.6680169	3096	0.2592393
poi-40-4	2	1.34	13	1	207	1939	2.2893287	6864	1.3162902
poi-40-4	2	1.34	13	2	103	798	0.431513	120	0.0098557
poi-40-4	2	1.34	13	2	207	1983	1.1856564	1484	0.2601754
poi-40-4	2	1.34	13	3	103	806	0.5971666	1600	0.1476429
poi-40-4	2	1.34	13	3	207	2006	0.9388851	92	0.0112699
poi-40-4	2	1.34	27	1	103	1016	0.8159261	3976	0.3607894
poi-40-4	2	1.34	27	1	207	2215	1.5682948	2875	0.5597255
poi-40-4	2	1.34	27	2	103	1276	0.582463	1045	0.0981314
poi-40-4	2	1.34	27	2	207	2397	2.1240989	6704	1.203849
poi-40-4	2	1.34	27	3	103	1276	0.6493846	1310	0.1348253
poi-40-4	2	1.34	27	3	207	2468	1.4777649	3034	0.5573303
poi-40-5	1	0.67	12	1	105	814	0.6718401	2587	0.2283754
poi-40-5	1	0.67	12	1	211	1631	0.7030874	64	0.0075492
poi-40-5	1	0.67	12	2	105	822	1.1764205	7504	0.7043022
poi-40-5	1	0.67	12	2	211	1650	0.724178	42	0.0036355
poi-40-5	1	0.67	12	3	105	866	0.9494821	4818	0.4608429
poi-40-5	1	0.67	12	3	211	1637	1.2751082	3546	0.526935
poi-40-5	1	0.67	25	1	105	906	0.6754243	87	0.0100754
poi-40-5	1	0.67	25	1	211	1673	1.8686995	1529	0.4258639
poi-40-5	1	0.67	25	2	105	999	1.3559936	3376	0.5392273
poi-40-5	1	0.67	25	2	211	1674	1.6730474	61	0.0102621
poi-40-5	1	0.67	25	3	105	999	1.1796365	1371	0.2355989
poi-40-5	1	0.67	25	3	211	1728	3.6505916	5162	1.828365
poi-40-5	1	1	12	1	105	779	0.3502057	75	0.0058072
poi-40-5	1	1	12	1	211	1617	0.6869499	93	0.0142279
poi-40-5	1	1	12	2	105	920	0.4105488	485	0.0384093
poi-40-5	1	1	12	2	211	1627	0.6561037	5	0.0011817
poi-40-5	1	1	12	3	105	961	0.6402981	3113	0.2479831
poi-40-5	1	1	12	3	211	1665	1.0159382	2926	0.377558
poi-40-5	1	1	25	1	105	961	0.4729157	51	0.0055137
poi-40-5	1	1	25	1	211	1713	2.3872595	7647	1.4289959
poi-40-5	1	1	25	2	105	1096	1.3149438	6912	0.7631848
poi-40-5	1	1	25	2	211	1826	2.2646175	8725	1.439725
poi-40-5	1	1	25	3	105	1101	1.1549642	5307	0.5959396
poi-40-5	1	1	25	3	211	1867	1.001029	903	0.144486
poi-40-5	1	1.34	12	1	105	904	0.5178101	2643	0.1790204
poi-40-5	1	1.34	12	1	211	1869	0.6367121	209	0.0268723
poi-40-5	1	1.34	12	2	105	1038	0.4401292	489	0.0393991
poi-40-5	1	1.34	12	2	211	1877	0.6704273	12	0.0023275
poi-40-5	1	1.34	12	3	105	950	0.5003138	1207	0.100111
poi-40-5	1	1.34	12	3	211	1885	0.6469853	14	0.002019
poi-40-5	1	1.34	25	1	105	1145	0.912041	4415	0.4303477
poi-40-5	1	1.34	25	1	211	2001	1.3576528	1866	0.3610569
poi-40-5	1	1.34	25	2	105	1308	1.2094471	5338	0.6256371
poi-40-5	1	1.34	25	2	211	2237	2.9373673	12267	2.0826297
poi-40-5	1	1.34	25	3	105	1400	0.7186896	1210	0.140515
poi-40-5	1	1.34	25	3	211	2342	2.1691491	7543	1.2918633
poi-40-5	2	0.67	12	1	105	868	0.4651023	223	0.0178912
poi-40-5	2	0.67	12	1	211	1637	0.7492817	374	0.0485426
poi-40-5	2	0.67	12	2	105	943	0.690588	2436	0.2217696
poi-40-5	2	0.67	12	2	211	1650	0.7294587	56	0.0049865
poi-40-5	2	0.67	12	3	105	929	0.5941893	1317	0.1190258
poi-40-5	2	0.67	12	3	211	1650	0.7358281	33	0.002781
poi-40-5	2	0.67	25	1	105	1085	1.525904	4127	0.6847509
poi-40-5	2	0.67	25	1	211	1721	1.8182926	1544	0.3923346
poi-40-5	2	0.67	25	2	105	1152	1.3734143	1817	0.3577271
poi-40-5	2	0.67	25	2	211	1731	2.4786564	3092	0.9180951
poi-40-5	2	0.67	25	3	105	1186	2.6271486	6995	1.5290785
poi-40-5	2	0.67	25	3	211	1741	2.4024483	2321	0.7299766
poi-40-5	2	1	12	1	105	999	0.3626848	151	0.0107531
poi-40-5	2	1	12	1	211	1675	0.6268446	53	0.0064178
poi-40-5	2	1	12	2	105	999	0.4472636	1245	0.0893985
poi-40-5	2	1	12	2	211	1687	0.6636786	266	0.0344358
poi-40-5	2	1	12	3	105	999	0.4016103	546	0.0409141
poi-40-5	2	1	12	3	211	1685	0.9560775	2551	0.315478
poi-40-5	2	1	25	1	105	1244	0.9342033	5166	0.4754052
poi-40-5	2	1	25	1	211	1887	0.9044219	584	0.0870516
poi-40-5	2	1	25	2	105	1412	0.7740605	2772	0.2745157
poi-40-5	2	1	25	2	211	1897	0.8475753	235	0.0301877
poi-40-5	2	1	25	3	105	1481	0.6570093	1150	0.1240697
poi-40-5	2	1	25	3	211	1897	0.8557066	86	0.0148735
poi-40-5	2	1.34	12	1	105	1114	0.36071	67	0.0050545
poi-40-5	2	1.34	12	1	211	1893	0.6656114	183	0.0253153
poi-40-5	2	1.34	12	2	105	1158	0.6571047	3685	0.2795526
poi-40-5	2	1.34	12	2	211	1955	1.1488616	3827	0.4956193
poi-40-5	2	1.34	12	3	105	1189	0.635193	3240	0.2520568
poi-40-5	2	1.34	12	3	211	1938	1.2039744	4233	0.5495113
poi-40-5	2	1.34	25	1	105	1473	0.8797315	4548	0.4216781
poi-40-5	2	1.34	25	1	211	2186	1.9909191	7725	1.2110569
poi-40-5	2	1.34	25	2	105	1720	1.1090394	6011	0.60352
poi-40-5	2	1.34	25	2	211	2326	1.6162827	4920	0.7919424
poi-40-5	2	1.34	25	3	105	1825	0.5650383	254	0.0282374
poi-40-5	2	1.34	25	3	211	2369	1.3888321	3180	0.5318062
poi-50-1	1	0.67	12	1	108	972	0.6822862	51	0.008073
poi-50-1	1	0.67	12	1	217	1927	1.5211551	196	0.033504
poi-50-1	1	0.67	12	2	108	991	0.8273434	780	0.1057358
poi-50-1	1	0.67	12	2	217	1920	1.7524515	762	0.1867598
poi-50-1	1	0.67	12	3	108	991	0.8151839	538	0.0729775
poi-50-1	1	0.67	12	3	217	1939	1.6062871	83	0.0141183
poi-50-1	1	0.67	25	1	108	1033	0.9341875	80	0.0125493
poi-50-1	1	0.67	25	1	217	2084	3.7198411	2453	1.2120702
poi-50-1	1	0.67	25	2	108	1052	1.1296617	114	0.0183009
poi-50-1	1	0.67	25	2	217	2141	4.6507305	2369	1.4492183
poi-50-1	1	0.67	25	3	108	1070	1.306365	278	0.0651639
poi-50-1	1	0.67	25	3	217	2156	3.6359269	112	0.0477373
poi-50-1	1	1	12	1	108	997	0.6562244	83	0.010858
poi-50-1	1	1	12	1	217	2028	3.8279694	6332	2.1086692
poi-50-1	1	1	12	2	108	1026	0.6853788	639	0.0784192
poi-50-1	1	1	12	2	217	2025	1.7704406	613	0.1525301
poi-50-1	1	1	12	3	108	1026	0.6397472	229	0.028439
poi-50-1	1	1	12	3	217	2060	3.4454105	5845	1.8415087
poi-50-1	1	1	25	1	108	1097	1.1453119	2758	0.4112402
poi-50-1	1	1	25	1	217	2123	4.0419794	4507	1.9047905
poi-50-1	1	1	25	2	108	1129	0.7956831	650	0.0910017
poi-50-1	1	1	25	2	217	2298	2.5755365	2839	0.9185895
poi-50-1	1	1	25	3	108	1182	0.8047266	334	0.0514626
poi-50-1	1	1	25	3	217	2382	1.8756192	1198	0.3404368
poi-50-1	1	1.34	12	1	108	1150	1.3065592	4842	0.6413126
poi-50-1	1	1.34	12	1	217	2300	2.6493252	2936	0.9457937
poi-50-1	1	1.34	12	2	108	1185	1.0242155	3108	0.3944975
poi-50-1	1	1.34	12	2	217	2438	4.4366974	8981	2.8352229
poi-50-1	1	1.34	12	3	108	1184	1.1197689	3980	0.4994304
poi-50-1	1	1.34	12	3	217	2499	3.7026796	6738	2.1192991
poi-50-1	1	1.34	25	1	108	1228	0.902972	1023	0.1545331
poi-50-1	1	1.34	25	1	217	2426	2.1937786	236	0.0707758
poi-50-1	1	1.34	25	2	108	1368	0.986885	1755	0.2585527
poi-50-1	1	1.34	25	2	217	2809	5.9114735	12916	4.2577843
poi-50-1	1	1.34	25	3	108	1460	1.5265483	4971	0.7614023
poi-50-1	1	1.34	25	3	217	2962	3.0737204	5141	1.5291759
poi-50-1	2	0.67	12	1	108	1016	0.7477965	292	0.036773
poi-50-1	2	0.67	12	1	217	1993	1.9337888	1631	0.4396698
poi-50-1	2	0.67	12	2	108	1016	0.8108734	652	0.0877964
poi-50-1	2	0.67	12	2	217	2021	2.5911634	3654	1.0685966
poi-50-1	2	0.67	12	3	108	1016	0.8629417	906	0.1309171
poi-50-1	2	0.67	12	3	217	2021	3.5845044	6628	2.0270134
poi-50-1	2	0.67	25	1	108	1156	1.3791491	510	0.1198401
poi-50-1	2	0.67	25	1	217	2172	3.6783445	1659	0.8949743
poi-50-1	2	0.67	25	2	108	1223	1.6557161	583	0.1550147
poi-50-1	2	0.67	25	2	217	2198	3.281934	489	0.2262677
poi-50-1	2	0.67	25	3	108	1269	2.2148312	1657	0.5426108
poi-50-1	2	0.67	25	3	217	2214	5.8092406	4279	2.6282481
poi-50-1	2	1	12	1	108	1074	0.6575027	47	0.0054381
poi-50-1	2	1	12	1	217	2212	3.6988983	6516	2.0778783
poi-50-1	2	1	12	2	108	1074	0.6307663	78	0.0102543
poi-50-1	2	1	12	2	217	2234	1.6448491	481	0.1111374
poi-50-1	2	1	12	3	108	1074	0.6581352	216	0.0252799
poi-50-1	2	1	12	3	217	2239	2.8614642	4374	1.3246757
poi-50-1	2	1	25	1	108	1335	1.0873757	2364	0.3480701
poi-50-1	2	1	25	1	217	2431	2.6081717	2386	0.7950926
poi-50-1	2	1	25	2	108	1566	0.8820793	1224	0.1696952
poi-50-1	2	1	25	2	217	2431	1.5281653	32	0.0058781
poi-50-1	2	1	25	3	108	1575	1.0525976	2431	0.3458144
poi-50-1	2	1	25	3	217	2431	1.4655825	4	0.0011939
poi-50-1	2	1.34	12	1	108	1249	0.6711843	71	0.008231
poi-50-1	2	1.34	12	1	217	2598	3.366496	5832	1.7797559
poi-50-1	2	1.34	12	2	108	1270	0.8057074	1369	0.1721545
poi-50-1	2	1.34	12	2	217	2660	1.8622673	1425	0.3768318
poi-50-1	2	1.34	12	3	108	1270	0.6646416	233	0.0293214
poi-50-1	2	1.34	12	3	217	2646	2.0392289	1989	0.5643509
poi-50-1	2	1.34	25	1	108	1589	1.3097779	3741	0.5572662
poi-50-1	2	1.34	25	1	217	2886	5.6353008	10701	3.8229083
poi-50-1	2	1.34	25	2	108	1958	1.5955599	6275	0.889322
poi-50-1	2	1.34	25	2	217	3022	2.0444211	1666	0.4943831
poi-50-1	2	1.34	25	3	108	2003	0.9707847	1837	0.2586875
poi-50-1	2	1.34	25	3	217	3078	2.9247551	4807	1.4131351
poi-50-2	1	0.67	12	1	112	1443	1.0719831	254	0.0395015
poi-50-2	1	0.67	12	1	225	2071	3.1033842	5013	1.5426126
poi-50-2	1	0.67	12	2	112	1459	1.2218351	367	0.0675178
poi-50-2	1	0.67	12	2	225	2077	2.4735044	2865	0.8667106
poi-50-2	1	0.67	12	3	112	1479	1.214695	103	0.0153137
poi-50-2	1	0.67	12	3	225	2078	1.6404312	30	0.0051985
poi-50-2	1	0.67	24	1	112	1479	1.4364615	148	0.0310216
poi-50-2	1	0.67	24	1	225	2128	4.8040655	3967	2.1043248
poi-50-2	1	0.67	24	2	112	1517	1.8331617	202	0.0516094
poi-50-2	1	0.67	24	2	225	2177	7.1205361	5795	3.7793234
poi-50-2	1	0.67	24	3	112	1525	2.2465113	472	0.1555647
poi-50-2	1	0.67	24	3	225	2159	5.2228443	2087	1.4763616
poi-50-2	1	1	12	1	112	1529	1.2591152	1454	0.2811229
poi-50-2	1	1	12	1	225	2125	2.1644523	33	0.0059416
poi-50-2	1	1	12	2	112	1529	0.8594115	124	0.0184776
poi-50-2	1	1	12	2	225	2153	1.8604475	171	0.0341383
poi-50-2	1	1	12	3	112	1529	0.8178222	22	0.003347
poi-50-2	1	1	12	3	225	2184	1.8469245	371	0.0923659
poi-50-2	1	1	24	1	112	1548	1.2366028	465	0.1004773
poi-50-2	1	1	24	1	225	2182	3.7539987	3176	1.3813188
poi-50-2	1	1	24	2	112	1619	2.0717522	5618	1.0975085
poi-50-2	1	1	24	2	225	2268	2.0084097	568	0.1751755
poi-50-2	1	1	24	3	112	1670	1.0211557	136	0.0277327
poi-50-2	1	1	24	3	225	2306	1.9980955	939	0.2887314
poi-50-2	1	1.34	12	1	112	1796	1.0431265	419	0.0733865
poi-50-2	1	1.34	12	1	225	2469	3.1560807	2610	1.0237328
poi-50-2	1	1.34	12	2	112	1868	0.8909529	276	0.042678
poi-50-2	1	1.34	12	2	225	2545	1.8027399	53	0.0100345
poi-50-2	1	1.34	12	3	112	1890	0.9534471	894	0.1420527
poi-50-2	1	1.34	12	3	225	2601	1.9149573	511	0.1544438
poi-50-2	1	1.34	24	1	112	1799	1.2048732	204	0.0432041
poi-50-2	1	1.34	24	1	225	2576	2.8326635	998	0.4031994
poi-50-2	1	1.34	24	2	112	1996	1.819556	4024	0.8079049
poi-50-2	1	1.34	24	2	225	2726	3.521046	4630	1.65523
poi-50-2	1	1.34	24	3	112	2071	1.0555931	229	0.0452126
poi-50-2	1	1.34	24	3	225	2808	2.6058459	2575	0.8676222
poi-50-2	2	0.67	12	1	112	1467	1.1732899	1007	0.1782445
poi-50-2	2	0.67	12	1	225	2092	1.5474758	165	0.0286308
poi-50-2	2	0.67	12	2	112	1480	1.4041057	1657	0.3483465
poi-50-2	2	0.67	12	2	225	2089	1.7230785	643	0.1703306
poi-50-2	2	0.67	12	3	112	1480	1.338206	1161	0.2415105
poi-50-2	2	0.67	12	3	225	2148	1.6558069	335	0.0698525
poi-50-2	2	0.67	24	1	112	1625	2.5768575	2335	0.800194
poi-50-2	2	0.67	24	1	225	2220	3.1852866	1530	0.6927571
poi-50-2	2	0.67	24	2	112	1659	4.9393635	6510	2.7491353
poi-50-2	2	0.67	24	2	225	2224	6.7205944	7104	3.9121466
poi-50-2	2	0.67	24	3	112	1722	3.0698598	1368	0.6350332
poi-50-2	2	0.67	24	3	225	2232	3.2546955	273	0.1069443
poi-50-2	2	1	12	1	112	1571	0.9898318	324	0.0559587
poi-50-2	2	1	12	1	225	2255	4.0232957	4591	1.9168096
poi-50-2	2	1	12	2	112	1631	1.3405934	3143	0.511165
poi-50-2	2	1	12	2	225	2255	2.0421838	733	0.1911417
poi-50-2	2	1	12	3	112	1632	2.1452618	8420	1.3473406
poi-50-2	2	1	12	3	225	2255	1.8429246	62	0.0102541
poi-50-2	2	1	24	1	112	1780	2.2316621	5243	1.1383738
poi-50-2	2	1	24	1	225	2342	2.0138883	144	0.0297355
poi-50-2	2	1	24	2	112	1975	1.1298904	1040	0.1826337
poi-50-2	2	1	24	2	225	2390	2.0747818	1199	0.3633137
poi-50-2	2	1	24	3	112	2026	1.1201266	1102	0.1980596
poi-50-2	2	1	24	3	225	2390	1.6915069	204	0.0458718
poi-50-2	2	1.34	12	1	112	1842	1.0484981	793	0.1304493
poi-50-2	2	1.34	12	1	225	2637	3.3613908	3599	1.3882086
poi-50-2	2	1.34	12	2	112	1951	0.9580867	770	0.1131502
poi-50-2	2	1.34	12	2	225	2656	1.8436747	24	0.0044667
poi-50-2	2	1.34	12	3	112	1964	2.2572882	8776	1.4479587
poi-50-2	2	1.34	12	3	225	2674	2.4759121	1566	0.5706608
poi-50-2	2	1.34	24	1	112	2070	1.9293318	3815	0.8287248
poi-50-2	2	1.34	24	1	225	2746	3.5816947	4123	1.5711811
poi-50-2	2	1.34	24	2	112	2362	1.3189396	1828	0.3495063
poi-50-2	2	1.34	24	2	225	2902	2.3679616	1763	0.5740243
poi-50-2	2	1.34	24	3	112	2513	1.5801149	3374	0.6385857
poi-50-2	2	1.34	24	3	225	2968	1.7429825	4	0.0014219
poi-50-3	1	0.67	13	1	109	1070	0.8879381	147	0.0195456
poi-50-3	1	0.67	13	1	218	1899	1.9287278	1026	0.2993219
poi-50-3	1	0.67	13	2	109	1095	1.0354284	680	0.1176905
poi-50-3	1	0.67	13	2	218	1930	1.9812819	887	0.2432555
poi-50-3	1	0.67	13	3	109	1095	1.6068533	3514	0.6560274
poi-50-3	1	0.67	13	3	218	1931	2.2582956	1551	0.495448
poi-50-3	1	0.67	26	1	109	1109	2.0032409	3729	0.8439468
poi-50-3	1	0.67	26	1	218	2061	3.273731	1551	0.7170067
poi-50-3	1	0.67	26	2	109	1157	2.1203541	2329	0.6434757
poi-50-3	1	0.67	26	2	218	2060	5.5331217	3838	2.3682422
poi-50-3	1	0.67	26	3	109	1196	1.8574034	453	0.1344739
poi-50-3	1	0.67	26	3	218	2107	4.4298042	1113	0.7676583
poi-50-3	1	1	13	1	109	1088	0.8335068	39	0.005743
poi-50-3	1	1	13	1	218	2067	3.9235119	5460	2.0171338
poi-50-3	1	1	13	2	109	1088	0.7402918	4	0.000611
poi-50-3	1	1	13	2	218	2082	2.0358915	1594	0.4233267
poi-50-3	1	1	13	3	109	1151	1.5032069	5399	0.7796727
poi-50-3	1	1	13	3	218	2098	2.7529052	4130	1.2217537
poi-50-3	1	1	26	1	109	1137	1.2917331	1487	0.2892262
poi-50-3	1	1	26	1	218	2130	4.2991693	4456	1.9834605
poi-50-3	1	1	26	2	109	1241	1.8129259	5376	0.9359683
poi-50-3	1	1	26	2	218	2238	2.2391309	1583	0.511037
poi-50-3	1	1	26	3	109	1335	2.1572998	7043	1.2576968
poi-50-3	1	1	26	3	218	2351	2.2380766	2190	0.6540164
poi-50-3	1	1.34	13	1	109	1270	1.7638708	5248	0.904263
poi-50-3	1	1.34	13	1	218	2328	2.2486397	854	0.2992383
poi-50-3	1	1.34	13	2	109	1307	1.1878239	2856	0.4303432
poi-50-3	1	1.34	13	2	218	2425	2.2511636	2082	0.6361671
poi-50-3	1	1.34	13	3	109	1323	0.9539293	1661	0.2421601
poi-50-3	1	1.34	13	3	218	2494	1.8692559	1088	0.2908185
poi-50-3	1	1.34	26	1	109	1289	1.2251678	969	0.1871567
poi-50-3	1	1.34	26	1	218	2417	4.657218	4893	2.2515238
poi-50-3	1	1.34	26	2	109	1467	2.3462283	8119	1.4495383
poi-50-3	1	1.34	26	2	218	2680	1.9270833	524	0.1498325
poi-50-3	1	1.34	26	3	109	1591	1.6469294	4012	0.7282424
poi-50-3	1	1.34	26	3	218	2871	3.567596	6131	1.9473553
poi-50-3	2	0.67	13	1	109	1095	0.9906801	775	0.1230945
poi-50-3	2	0.67	13	1	218	2048	1.9568747	1352	0.354182
poi-50-3	2	0.67	13	2	109	1133	1.6700641	4265	0.7639296
poi-50-3	2	0.67	13	2	218	2040	2.062069	1301	0.3786678
poi-50-3	2	0.67	13	3	109	1120	1.0893374	875	0.1491737
poi-50-3	2	0.67	13	3	218	2051	1.7500487	168	0.0374993
poi-50-3	2	0.67	26	1	109	1212	1.5264642	459	0.109743
poi-50-3	2	0.67	26	1	218	2192	7.7958373	9259	5.0346365
poi-50-3	2	0.67	26	2	109	1348	1.9860422	260	0.0840866
poi-50-3	2	0.67	26	2	218	2207	4.5720932	2264	1.3947529
poi-50-3	2	0.67	26	3	109	1432	3.5865356	3392	1.4175905
poi-50-3	2	0.67	26	3	218	2220	4.3729326	1650	1.0318776
poi-50-3	2	1	13	1	109	1151	0.9293247	776	0.1164999
poi-50-3	2	1	13	1	218	2171	2.3059189	1674	0.517647
poi-50-3	2	1	13	2	109	1213	1.2548391	3589	0.5237098
poi-50-3	2	1	13	2	218	2199	1.9155506	1056	0.3078915
poi-50-3	2	1	13	3	109	1381	0.8432851	815	0.1093439
poi-50-3	2	1	13	3	218	2214	2.7753734	3916	1.2013819
poi-50-3	2	1	26	1	109	1373	0.9782409	205	0.0345356
poi-50-3	2	1	26	1	218	2423	5.1205184	8507	3.2114076
poi-50-3	2	1	26	2	109	1666	1.1268063	938	0.1691152
poi-50-3	2	1	26	2	218	2449	1.6092075	111	0.0244714
poi-50-3	2	1	26	3	109	1871	1.4339333	3322	0.5698988
poi-50-3	2	1	26	3	218	2449	1.5447034	104	0.0200767
poi-50-3	2	1.34	13	1	109	1362	1.2182039	2586	0.4028265
poi-50-3	2	1.34	13	1	218	2568	5.0746229	9380	3.3034948
poi-50-3	2	1.34	13	2	109	1485	1.5668512	5492	0.8186626
poi-50-3	2	1.34	13	2	218	2613	1.6424206	324	0.0707992
poi-50-3	2	1.34	13	3	109	1656	0.918423	1297	0.1833759
poi-50-3	2	1.34	13	3	218	2636	1.9158299	1298	0.3723479
poi-50-3	2	1.34	26	1	109	1660	1.8402256	4517	0.8684682
poi-50-3	2	1.34	26	1	218	2898	3.5292	4076	1.5685303
poi-50-3	2	1.34	26	2	109	2021	1.0985338	1375	0.2331752
poi-50-3	2	1.34	26	2	218	3017	2.2463211	2067	0.6097723
poi-50-3	2	1.34	26	3	109	2351	1.1548206	1703	0.2896885
poi-50-3	2	1.34	26	3	218	3076	1.7397298	605	0.1632192
poi-50-4	1	0.67	13	1	108	805	0.6004643	259	0.0272198
poi-50-4	1	0.67	13	1	216	1719	2.5189305	3427	0.9854076
poi-50-4	1	0.67	13	2	108	815	0.6027036	23	0.0022785
poi-50-4	1	0.67	13	2	216	1714	1.6449935	279	0.0532981
poi-50-4	1	0.67	13	3	108	815	0.6117683	22	0.002576
poi-50-4	1	0.67	13	3	216	1752	3.607622	6246	1.9912876
poi-50-4	1	0.67	27	1	108	857	0.8482701	229	0.0358722
poi-50-4	1	0.67	27	1	216	1824	2.9365955	1113	0.4797771
poi-50-4	1	0.67	27	2	108	880	1.1088345	254	0.0478268
poi-50-4	1	0.67	27	2	216	1974	3.1922707	220	0.0792534
poi-50-4	1	0.67	27	3	108	912	1.2673626	103	0.0224872
poi-50-4	1	0.67	27	3	216	1965	3.9575035	697	0.3799082
poi-50-4	1	1	13	1	108	838	0.5725228	61	0.0066665
poi-50-4	1	1	13	1	216	1704	2.4763304	2702	0.8386844
poi-50-4	1	1	13	2	108	838	0.5870527	0	0
poi-50-4	1	1	13	2	216	1864	4.0175264	8784	2.5388915
poi-50-4	1	1	13	3	108	866	0.6060339	89	0.0112786
poi-50-4	1	1	13	3	216	1818	1.5037876	205	0.0377959
poi-50-4	1	1	27	1	108	902	0.7030449	1	0.0001763
poi-50-4	1	1	27	1	216	1945	5.1948614	8886	3.284897
poi-50-4	1	1	27	2	108	1037	1.0849925	2865	0.395089
poi-50-4	1	1	27	2	216	2067	3.0398296	5237	1.5415887
poi-50-4	1	1	27	3	108	1086	0.8621503	713	0.1091219
poi-50-4	1	1	27	3	216	2268	2.2959122	3186	0.8796529
poi-50-4	1	1.34	13	1	108	965	0.78037	1763	0.2054263
poi-50-4	1	1.34	13	1	216	1967	3.5429199	5759	1.8745978
poi-50-4	1	1.34	13	2	108	1008	0.9256082	2775	0.3277983
poi-50-4	1	1.34	13	2	216	2182	1.9173428	1559	0.4121522
poi-50-4	1	1.34	13	3	108	1008	1.1695261	4813	0.5875428
poi-50-4	1	1.34	13	3	216	2176	2.5282003	3329	0.9873728
poi-50-4	1	1.34	27	1	108	1043	0.9314805	1354	0.201012
poi-50-4	1	1.34	27	1	216	2139	3.9624784	5260	2.0132854
poi-50-4	1	1.34	27	2	108	1247	0.7782205	423	0.0609491
poi-50-4	1	1.34	27	2	216	2500	2.010228	1672	0.4791129
poi-50-4	1	1.34	27	3	108	1340	0.8230196	335	0.0531029
poi-50-4	1	1.34	27	3	216	2805	5.7005568	14922	4.2512277
poi-50-4	2	0.67	13	1	108	823	0.5840581	0	0
poi-50-4	2	0.67	13	1	216	1737	1.9435566	1802	0.5004058
poi-50-4	2	0.67	13	2	108	823	0.5955637	0	0
poi-50-4	2	0.67	13	2	216	1751	1.5359918	197	0.0358879
poi-50-4	2	0.67	13	3	108	823	0.6013669	0	0
poi-50-4	2	0.67	13	3	216	1824	2.3905785	3180	0.8846363
poi-50-4	2	0.67	27	1	108	949	1.4720118	1954	0.4050316
poi-50-4	2	0.67	27	1	216	2065	5.563427	5812	2.967053
poi-50-4	2	0.67	27	2	108	1050	2.0803646	2233	0.6320189
poi-50-4	2	0.67	27	2	216	2105	3.4647178	868	0.4679955
poi-50-4	2	0.67	27	3	108	1171	3.1679041	4969	1.5493104
poi-50-4	2	0.67	27	3	216	2111	4.9264731	2455	1.6223884
poi-50-4	2	1	13	1	108	907	0.8268225	2254	0.2550127
poi-50-4	2	1	13	1	216	1924	3.2877747	5324	1.6806417
poi-50-4	2	1	13	2	108	909	0.6329998	531	0.0618268
poi-50-4	2	1	13	2	216	1962	2.0658937	2032	0.5511772
poi-50-4	2	1	13	3	108	912	1.0301664	3986	0.4577557
poi-50-4	2	1	13	3	216	2003	3.3065782	6150	1.7901539
poi-50-4	2	1	27	1	108	1123	1.2474113	4023	0.5532751
poi-50-4	2	1	27	1	216	2296	1.6922878	274	0.0677543
poi-50-4	2	1	27	2	108	1314	0.686716	44	0.0070427
poi-50-4	2	1	27	2	216	2408	1.5297726	375	0.0811816
poi-50-4	2	1	27	3	108	1471	2.535424	12794	1.8209588
poi-50-4	2	1	27	3	216	2408	1.4613484	230	0.0456953
poi-50-4	2	1.34	13	1	108	1038	1.0402692	3920	0.4554764
poi-50-4	2	1.34	13	1	216	2214	2.1872241	1982	0.5974372
poi-50-4	2	1.34	13	2	108	1074	1.0563437	4223	0.4819174
poi-50-4	2	1.34	13	2	216	2269	2.1611826	2348	0.6599685
poi-50-4	2	1.34	13	3	108	1081	1.287787	5923	0.7023781
poi-50-4	2	1.34	13	3	216	2376	2.2983834	2836	0.8106541
poi-50-4	2	1.34	27	1	108	1291	0.9968111	2192	0.3022572
poi-50-4	2	1.34	27	1	216	2638	2.1305459	1522	0.4716107
poi-50-4	2	1.34	27	2	108	1664	1.1678635	3500	0.4817353
poi-50-4	2	1.34	27	2	216	2937	2.9729027	5161	1.5053233
poi-50-4	2	1.34	27	3	108	1837	1.8376889	7731	1.1175277
poi-50-4	2	1.34	27	3	216	3037	4.0070551	8701	2.5309332
poi-50-5	1	0.67	11	1	111	1255	1.5274756	3326	0.5935847
poi-50-5	1	0.67	11	1	222	2067	1.701203	204	0.0504861
poi-50-5	1	0.67	11	2	111	1255	1.0198904	42	0.0067743
poi-50-5	1	0.67	11	2	222	2070	2.0610602	1142	0.3523937
poi-50-5	1	0.67	11	3	111	1255	1.3815	1913	0.3770882
poi-50-5	1	0.67	11	3	222	2074	2.0175983	984	0.304914
poi-50-5	1	0.67	23	1	111	1352	1.6405329	307	0.0762482
poi-50-5	1	0.67	23	1	222	2140	3.1251902	686	0.3400583
poi-50-5	1	0.67	23	2	111	1371	2.1816436	329	0.1102349
poi-50-5	1	0.67	23	2	222	2195	5.1520256	2499	1.6830687
poi-50-5	1	0.67	23	3	111	1423	5.4788924	6534	3.085984
poi-50-5	1	0.67	23	3	222	2150	5.098914	1708	1.2329662
poi-50-5	1	1	11	1	111	1305	0.872407	229	0.0346087
poi-50-5	1	1	11	1	222	2098	2.365801	1126	0.4244526
poi-50-5	1	1	11	2	111	1335	0.8929437	882	0.1264191
poi-50-5	1	1	11	2	222	2132	1.9554975	817	0.2547859
poi-50-5	1	1	11	3	111	1329	0.7710104	78	0.0109527
poi-50-5	1	1	11	3	222	2144	2.1710368	1612	0.5031143
poi-50-5	1	1	23	1	111	1372	1.3641955	949	0.2089775
poi-50-5	1	1	23	1	222	2193	3.5353495	2660	1.1566066
poi-50-5	1	1	23	2	111	1491	1.2086686	1249	0.2364878
poi-50-5	1	1	23	2	222	2398	3.5497236	5037	1.7590389
poi-50-5	1	1	23	3	111	1552	1.9114209	4857	0.9414622
poi-50-5	1	1	23	3	222	2440	1.6870286	71	0.0163407
poi-50-5	1	1.34	11	1	111	1519	1.715303	5100	0.8624896
poi-50-5	1	1.34	11	1	222	2447	2.3993802	1151	0.4102521
poi-50-5	1	1.34	11	2	111	1594	1.898098	7157	1.1167065
poi-50-5	1	1.34	11	2	222	2521	4.928179	9479	3.2221585
poi-50-5	1	1.34	11	3	111	1610	0.913815	978	0.1461771
poi-50-5	1	1.34	11	3	222	2547	3.1332181	4797	1.4763049
poi-50-5	1	1.34	23	1	111	1606	2.516352	5676	1.3334797
poi-50-5	1	1.34	23	1	222	2587	2.5513024	341	0.1406517
poi-50-5	1	1.34	23	2	111	1816	1.0501423	312	0.0607759
poi-50-5	1	1.34	23	2	222	2835	5.0157635	8936	3.1905507
poi-50-5	1	1.34	23	3	111	1922	1.1070916	676	0.1305724
poi-50-5	1	1.34	23	3	222	2991	3.5707132	5685	1.8822762
poi-50-5	2	0.67	11	1	111	1356	0.9234147	42	0.0066758
poi-50-5	2	0.67	11	1	222	2114	1.6438556	83	0.0134823
poi-50-5	2	0.67	11	2	111	1356	0.9926076	83	0.0138799
poi-50-5	2	0.67	11	2	222	2114	2.2975978	2068	0.638843
poi-50-5	2	0.67	11	3	111	1356	0.9831081	128	0.0204883
poi-50-5	2	0.67	11	3	222	2116	2.4705005	2795	0.8315744
poi-50-5	2	0.67	23	1	111	1492	2.0957514	576	0.1919553
poi-50-5	2	0.67	23	1	222	2215	2.9828327	346	0.1451124
poi-50-5	2	0.67	23	2	111	1582	7.2777221	10804	4.9374011
poi-50-5	2	0.67	23	2	222	2210	3.3181897	319	0.1466028
poi-50-5	2	0.67	23	3	111	1595	3.924066	2167	1.1592261
poi-50-5	2	0.67	23	3	222	2227	3.5660052	361	0.1731791
poi-50-5	2	1	11	1	111	1456	1.1933616	2452	0.3862011
poi-50-5	2	1	11	1	222	2243	3.8655202	5340	1.969448
poi-50-5	2	1	11	2	111	1486	0.7628397	140	0.0178254
poi-50-5	2	1	11	2	222	2290	1.7405706	98	0.0205736
poi-50-5	2	1	11	3	111	1486	0.9328806	1490	0.2011876
poi-50-5	2	1	11	3	222	2290	2.5304575	2503	0.8240211
poi-50-5	2	1	23	1	111	1716	2.621528	7550	1.5748102
poi-50-5	2	1	23	1	222	2440	2.2926056	925	0.3107478
poi-50-5	2	1	23	2	111	1870	1.7611253	4402	0.8325631
poi-50-5	2	1	23	2	222	2467	1.7813864	400	0.1022342
poi-50-5	2	1	23	3	111	1890	1.1165437	1110	0.2013994
poi-50-5	2	1	23	3	222	2467	1.6064168	42	0.0079958
poi-50-5	2	1.34	11	1	111	1680	1.1567657	2326	0.3589999
poi-50-5	2	1.34	11	1	222	2511	5.6257615	9957	3.7156231
poi-50-5	2	1.34	11	2	111	1714	0.7347054	24	0.0031831
poi-50-5	2	1.34	11	2	222	2615	4.9723556	9621	3.2525365
poi-50-5	2	1.34	11	3	111	1714	1.6008671	5906	0.8678035
poi-50-5	2	1.34	11	3	222	2561	2.1874265	1733	0.527563
poi-50-5	2	1.34	23	1	111	2051	1.8313403	3681	0.7779191
poi-50-5	2	1.34	23	1	222	2933	3.7908869	4804	1.8208097
poi-50-5	2	1.34	23	2	111	2304	1.3344367	2093	0.3944749
poi-50-5	2	1.34	23	2	222	3083	2.6471692	2999	0.9463179
poi-50-5	2	1.34	23	3	111	2424	2.3612569	7792	1.4387609
poi-50-5	2	1.34	23	3	222	3089	1.6509407	49	0.0098919
AverageObj: 1019.73, IterToBest: 1366.48, TimeToBest: 0.24
