InstanceName	alpha	beta	L	m	Tmax	ObjValue	CpuTime	IterToBest	TimeToBest
poi-10-1	1	0.67	15	1	59	201	0.0231519	0	0
poi-10-1	1	0.67	15	1	118	295	0.0398966	0	0
poi-10-1	1	0.67	15	2	59	201	0.0235862	0	0
poi-10-1	1	0.67	15	2	118	295	0.040874	0	0
poi-10-1	1	0.67	15	3	59	201	0.0243044	0	0
poi-10-1	1	0.67	15	3	118	295	0.0419202	0	0
poi-10-1	1	0.67	30	1	59	201	0.0253486	0	0
poi-10-1	1	0.67	30	1	118	295	0.0527589	0	0
poi-10-1	1	0.67	30	2	59	201	0.0261832	0	0
poi-10-1	1	0.67	30	2	118	295	0.0552464	0	0
poi-10-1	1	0.67	30	3	59	201	0.0270766	0	0
poi-10-1	1	0.67	30	3	118	295	0.0584605	0	0
poi-10-1	1	1	15	1	59	201	0.031756	0	0
poi-10-1	1	1	15	1	118	295	0.0674051	0	0
poi-10-1	1	1	15	2	59	201	0.0332988	0	0
poi-10-1	1	1	15	2	118	295	0.069188	0	0
poi-10-1	1	1	15	3	59	201	0.0347096	0	0
poi-10-1	1	1	15	3	118	295	0.0707387	0	0
poi-10-1	1	1	30	1	59	201	0.0354224	0	0
poi-10-1	1	1	30	1	118	295	0.0704724	0	0
poi-10-1	1	1	30	2	59	201	0.0391471	0	0
poi-10-1	1	1	30	2	118	295	0.0768161	0	0
poi-10-1	1	1	30	3	59	201	0.0427838	0	0
poi-10-1	1	1	30	3	118	295	0.0826333	0	0
poi-10-1	1	1.33	15	1	59	233	0.0304139	0	0
poi-10-1	1	1.33	15	1	118	327	0.0626011	0	0
poi-10-1	1	1.33	15	2	59	233	0.0315765	0	0
poi-10-1	1	1.33	15	2	118	327	0.0642245	0	0
poi-10-1	1	1.33	15	3	59	233	0.0325814	0	0
poi-10-1	1	1.33	15	3	118	327	0.0659239	0	0
poi-10-1	1	1.33	30	1	59	233	0.0351426	0	0
poi-10-1	1	1.33	30	1	118	347	0.0651	22	0.0002924
poi-10-1	1	1.33	30	2	59	233	0.0385482	0	0
poi-10-1	1	1.33	30	2	118	347	0.069768	5	7.76E-05
poi-10-1	1	1.33	30	3	59	233	0.0423426	0	0
poi-10-1	1	1.33	30	3	118	347	0.0748656	1	1.7E-05
poi-10-1	2	0.67	15	1	59	201	0.0230034	0	0
poi-10-1	2	0.67	15	1	118	295	0.0398396	0	0
poi-10-1	2	0.67	15	2	59	201	0.0236554	0	0
poi-10-1	2	0.67	15	2	118	295	0.0410676	0	0
poi-10-1	2	0.67	15	3	59	201	0.0241996	0	0
poi-10-1	2	0.67	15	3	118	295	0.041828	0	0
poi-10-1	2	0.67	30	1	59	201	0.0252713	0	0
poi-10-1	2	0.67	30	1	118	295	0.0524926	0	0
poi-10-1	2	0.67	30	2	59	201	0.0260704	0	0
poi-10-1	2	0.67	30	2	118	295	0.0554366	0	0
poi-10-1	2	0.67	30	3	59	201	0.0269988	0	0
poi-10-1	2	0.67	30	3	118	295	0.0584357	0	0
poi-10-1	2	1	15	1	59	201	0.0308728	0	0
poi-10-1	2	1	15	1	118	295	0.0678459	0	0
poi-10-1	2	1	15	2	59	201	0.0322327	0	0
poi-10-1	2	1	15	2	118	295	0.0695635	0	0
poi-10-1	2	1	15	3	59	201	0.0332745	0	0
poi-10-1	2	1	15	3	118	295	0.0714144	0	0
poi-10-1	2	1	30	1	59	201	0.0354295	0	0
poi-10-1	2	1	30	1	118	295	0.0700623	0	0
poi-10-1	2	1	30	2	59	201	0.0390267	0	0
poi-10-1	2	1	30	2	118	295	0.0765624	0	0
poi-10-1	2	1	30	3	59	201	0.0424559	0	0
poi-10-1	2	1	30	3	118	295	0.0824628	0	0
poi-10-1	2	1.33	15	1	59	233	0.0303051	0	0
poi-10-1	2	1.33	15	1	118	327	0.0630626	0	0
poi-10-1	2	1.33	15	2	59	233	0.0315986	0	0
poi-10-1	2	1.33	15	2	118	327	0.0646428	0	0
poi-10-1	2	1.33	15	3	59	233	0.0332561	0	0
poi-10-1	2	1.33	15	3	118	327	0.0660884	0	0
poi-10-1	2	1.33	30	1	59	233	0.0349179	0	0
poi-10-1	2	1.33	30	1	118	347	0.0645989	1	1.69E-05
poi-10-1	2	1.33	30	2	59	233	0.0386975	0	0
poi-10-1	2	1.33	30	2	118	347	0.0697074	1	1.59E-05
poi-10-1	2	1.33	30	3	59	233	0.041891	0	0
poi-10-1	2	1.33	30	3	118	347	0.0744852	11	0.000174
poi-10-2	1	0.67	13	1	58	76	0.0226483	0	0
poi-10-2	1	0.67	13	1	116	296	0.0360371	12	9.15E-05
poi-10-2	1	0.67	13	2	58	76	0.0231741	0	0
poi-10-2	1	0.67	13	2	116	296	0.0363048	2	1.63E-05
poi-10-2	1	0.67	13	3	58	76	0.0237347	0	0
poi-10-2	1	0.67	13	3	116	296	0.0370566	18	0.0002149
poi-10-2	1	0.67	27	1	58	76	0.0273386	0	0
poi-10-2	1	0.67	27	1	116	296	0.0475632	32	0.0002984
poi-10-2	1	0.67	27	2	58	76	0.0287146	0	0
poi-10-2	1	0.67	27	2	116	296	0.0503368	27	0.0002662
poi-10-2	1	0.67	27	3	58	76	0.0296302	0	0
poi-10-2	1	0.67	27	3	116	296	0.0519171	1	7.07E-05
poi-10-2	1	1	13	1	58	76	0.0226672	0	0
poi-10-2	1	1	13	1	116	296	0.0603096	8	0.0001014
poi-10-2	1	1	13	2	58	76	0.023163	0	0
poi-10-2	1	1	13	2	116	296	0.0614575	14	0.0001797
poi-10-2	1	1	13	3	58	76	0.0237979	0	0
poi-10-2	1	1	13	3	116	296	0.0624725	1	2.01E-05
poi-10-2	1	1	27	1	58	76	0.0274814	0	0
poi-10-2	1	1	27	1	116	296	0.0719781	3	5.83E-05
poi-10-2	1	1	27	2	58	76	0.0286059	0	0
poi-10-2	1	1	27	2	116	296	0.0802175	1	2.33E-05
poi-10-2	1	1	27	3	58	76	0.0297821	0	0
poi-10-2	1	1	27	3	116	296	0.0847916	4	8.3E-05
poi-10-2	1	1.33	13	1	58	76	0.0226001	0	0
poi-10-2	1	1.33	13	1	116	313	0.060537	7	0.00015
poi-10-2	1	1.33	13	2	58	76	0.023201	0	0
poi-10-2	1	1.33	13	2	116	313	0.0614367	8	9.99E-05
poi-10-2	1	1.33	13	3	58	76	0.0237303	0	0
poi-10-2	1	1.33	13	3	116	313	0.0625494	32	0.0003958
poi-10-2	1	1.33	27	1	58	76	0.0274056	0	0
poi-10-2	1	1.33	27	1	116	343	0.0725624	4	7.12E-05
poi-10-2	1	1.33	27	2	58	76	0.0286177	0	0
poi-10-2	1	1.33	27	2	116	345	0.0831929	11	0.0002015
poi-10-2	1	1.33	27	3	58	76	0.0297024	0	0
poi-10-2	1	1.33	27	3	116	345	0.0866753	1	2.57E-05
poi-10-2	2	0.67	13	1	58	76	0.022499	0	0
poi-10-2	2	0.67	13	1	116	296	0.0358976	4	3.21E-05
poi-10-2	2	0.67	13	2	58	76	0.0231877	0	0
poi-10-2	2	0.67	13	2	116	296	0.0365916	5	3.77E-05
poi-10-2	2	0.67	13	3	58	76	0.0238408	0	0
poi-10-2	2	0.67	13	3	116	296	0.0370517	6	5.06E-05
poi-10-2	2	0.67	27	1	58	76	0.0274683	0	0
poi-10-2	2	0.67	27	1	116	296	0.0483196	34	0.0003459
poi-10-2	2	0.67	27	2	58	76	0.0288412	0	0
poi-10-2	2	0.67	27	2	116	296	0.0506309	4	6.17E-05
poi-10-2	2	0.67	27	3	58	76	0.0298897	0	0
poi-10-2	2	0.67	27	3	116	296	0.0522319	6	7.36E-05
poi-10-2	2	1	13	1	58	76	0.0225484	0	0
poi-10-2	2	1	13	1	116	296	0.0607717	35	0.0004272
poi-10-2	2	1	13	2	58	76	0.0232126	0	0
poi-10-2	2	1	13	2	116	296	0.0613007	4	5.04E-05
poi-10-2	2	1	13	3	58	76	0.0237533	0	0
poi-10-2	2	1	13	3	116	296	0.0624653	19	0.0003137
poi-10-2	2	1	27	1	58	76	0.0275354	0	0
poi-10-2	2	1	27	1	116	296	0.0678791	7	0.0001002
poi-10-2	2	1	27	2	58	76	0.0285408	0	0
poi-10-2	2	1	27	2	116	296	0.0755431	1	2.32E-05
poi-10-2	2	1	27	3	58	76	0.029756	0	0
poi-10-2	2	1	27	3	116	296	0.0789884	1	2.3E-05
poi-10-2	2	1.33	13	1	58	76	0.022714	0	0
poi-10-2	2	1.33	13	1	116	313	0.0601044	9	0.000108
poi-10-2	2	1.33	13	2	58	76	0.0232268	0	0
poi-10-2	2	1.33	13	2	116	313	0.0614329	8	0.0001
poi-10-2	2	1.33	13	3	58	76	0.0238785	0	0
poi-10-2	2	1.33	13	3	116	313	0.0624716	15	0.0001835
poi-10-2	2	1.33	27	1	58	76	0.0275546	0	0
poi-10-2	2	1.33	27	1	116	355	0.0713613	2	3.67E-05
poi-10-2	2	1.33	27	2	58	76	0.0287662	0	0
poi-10-2	2	1.33	27	2	116	355	0.0804022	4	7.41E-05
poi-10-2	2	1.33	27	3	58	76	0.0297593	0	0
poi-10-2	2	1.33	27	3	116	355	0.0835337	4	7.83E-05
poi-10-3	1	0.67	14	1	59	0	0.0218101	0	0
poi-10-3	1	0.67	14	1	119	243	0.0409012	0	0
poi-10-3	1	0.67	14	2	59	0	0.0225002	0	0
poi-10-3	1	0.67	14	2	119	243	0.0434668	0	0
poi-10-3	1	0.67	14	3	59	0	0.0233667	0	0
poi-10-3	1	0.67	14	3	119	243	0.0446283	0	0
poi-10-3	1	0.67	28	1	59	0	0.0222885	0	0
poi-10-3	1	0.67	28	1	119	243	0.0499769	0	0
poi-10-3	1	0.67	28	2	59	0	0.0233008	0	0
poi-10-3	1	0.67	28	2	119	243	0.0595472	0	0
poi-10-3	1	0.67	28	3	59	0	0.024152	0	0
poi-10-3	1	0.67	28	3	119	243	0.0649295	0	0
poi-10-3	1	1	14	1	59	0	0.021856	0	0
poi-10-3	1	1	14	1	119	243	0.0650257	0	0
poi-10-3	1	1	14	2	59	0	0.0225553	0	0
poi-10-3	1	1	14	2	119	243	0.0746974	0	0
poi-10-3	1	1	14	3	59	0	0.0233521	0	0
poi-10-3	1	1	14	3	119	243	0.0785109	0	0
poi-10-3	1	1	28	1	59	0	0.0222817	0	0
poi-10-3	1	1	28	1	119	243	0.0761839	0	0
poi-10-3	1	1	28	2	59	0	0.0234131	0	0
poi-10-3	1	1	28	2	119	243	0.0874837	0	0
poi-10-3	1	1	28	3	59	0	0.0240622	0	0
poi-10-3	1	1	28	3	119	243	0.0925415	0	0
poi-10-3	1	1.33	14	1	59	0	0.0219945	0	0
poi-10-3	1	1.33	14	1	119	275	0.0655239	0	0
poi-10-3	1	1.33	14	2	59	0	0.022577	0	0
poi-10-3	1	1.33	14	2	119	295	0.078202	18	0.0004158
poi-10-3	1	1.33	14	3	59	0	0.0233575	0	0
poi-10-3	1	1.33	14	3	119	295	0.0808287	7	0.0001177
poi-10-3	1	1.33	28	1	59	0	0.0224677	0	0
poi-10-3	1	1.33	28	1	119	295	0.073833	0	0
poi-10-3	1	1.33	28	2	59	0	0.0233327	0	0
poi-10-3	1	1.33	28	2	119	301	0.082308	17	0.0004128
poi-10-3	1	1.33	28	3	59	0	0.0243166	0	0
poi-10-3	1	1.33	28	3	119	301	0.0864778	19	0.0003397
poi-10-3	2	0.67	14	1	59	0	0.0221757	0	0
poi-10-3	2	0.67	14	1	119	243	0.0408592	0	0
poi-10-3	2	0.67	14	2	59	0	0.0226869	0	0
poi-10-3	2	0.67	14	2	119	243	0.0435111	0	0
poi-10-3	2	0.67	14	3	59	0	0.0234856	0	0
poi-10-3	2	0.67	14	3	119	243	0.0450547	0	0
poi-10-3	2	0.67	28	1	59	0	0.0223198	0	0
poi-10-3	2	0.67	28	1	119	243	0.0504866	0	0
poi-10-3	2	0.67	28	2	59	0	0.0232886	0	0
poi-10-3	2	0.67	28	2	119	243	0.0592524	0	0
poi-10-3	2	0.67	28	3	59	0	0.0241202	0	0
poi-10-3	2	0.67	28	3	119	243	0.0655462	0	0
poi-10-3	2	1	14	1	59	0	0.0219553	0	0
poi-10-3	2	1	14	1	119	243	0.0650246	0	0
poi-10-3	2	1	14	2	59	0	0.0225255	0	0
poi-10-3	2	1	14	2	119	243	0.0739363	0	0
poi-10-3	2	1	14	3	59	0	0.0235054	0	0
poi-10-3	2	1	14	3	119	243	0.0779323	0	0
poi-10-3	2	1	28	1	59	0	0.022376	0	0
poi-10-3	2	1	28	1	119	243	0.0772047	0	0
poi-10-3	2	1	28	2	59	0	0.0233553	0	0
poi-10-3	2	1	28	2	119	243	0.0856356	0	0
poi-10-3	2	1	28	3	59	0	0.0240576	0	0
poi-10-3	2	1	28	3	119	243	0.0865483	0	0
poi-10-3	2	1.33	14	1	59	0	0.0219326	0	0
poi-10-3	2	1.33	14	1	119	295	0.0664	2	3.59E-05
poi-10-3	2	1.33	14	2	59	0	0.0227609	0	0
poi-10-3	2	1.33	14	2	119	295	0.0819762	0	0
poi-10-3	2	1.33	14	3	59	0	0.0235321	0	0
poi-10-3	2	1.33	14	3	119	295	0.0852608	0	0
poi-10-3	2	1.33	28	1	59	0	0.0224185	0	0
poi-10-3	2	1.33	28	1	119	295	0.0726261	0	0
poi-10-3	2	1.33	28	2	59	0	0.02329	0	0
poi-10-3	2	1.33	28	2	119	301	0.0850145	54	0.0008997
poi-10-3	2	1.33	28	3	59	0	0.024295	0	0
poi-10-3	2	1.33	28	3	119	301	0.0884946	10	0.0001724
poi-10-4	1	0.67	13	1	59	163	0.0215893	0	0
poi-10-4	1	0.67	13	1	118	324	0.0372162	0	0
poi-10-4	1	0.67	13	2	59	163	0.0221794	0	0
poi-10-4	1	0.67	13	2	118	324	0.0374151	0	0
poi-10-4	1	0.67	13	3	59	163	0.0220236	0	0
poi-10-4	1	0.67	13	3	118	324	0.0371849	0	0
poi-10-4	1	0.67	26	1	59	173	0.0321069	0	0
poi-10-4	1	0.67	26	1	118	340	0.0513472	2	3.1E-05
poi-10-4	1	0.67	26	2	59	173	0.0340165	0	0
poi-10-4	1	0.67	26	2	118	340	0.0542061	10	0.0001191
poi-10-4	1	0.67	26	3	59	173	0.0356358	0	0
poi-10-4	1	0.67	26	3	118	340	0.0574959	61	0.0007714
poi-10-4	1	1	13	1	59	163	0.0231403	0	0
poi-10-4	1	1	13	1	118	324	0.0613947	0	0
poi-10-4	1	1	13	2	59	163	0.0237608	0	0
poi-10-4	1	1	13	2	118	324	0.0626129	0	0
poi-10-4	1	1	13	3	59	163	0.0245927	0	0
poi-10-4	1	1	13	3	118	324	0.0632899	0	0
poi-10-4	1	1	26	1	59	179	0.029829	0	0
poi-10-4	1	1	26	1	118	358	0.066589	14	0.0001916
poi-10-4	1	1	26	2	59	179	0.0323285	0	0
poi-10-4	1	1	26	2	118	358	0.0715646	7	0.0001099
poi-10-4	1	1	26	3	59	179	0.0346971	0	0
poi-10-4	1	1	26	3	118	358	0.0775948	1	2.17E-05
poi-10-4	1	1.33	13	1	59	163	0.0232899	0	0
poi-10-4	1	1.33	13	1	118	324	0.0618536	0	0
poi-10-4	1	1.33	13	2	59	163	0.0239267	0	0
poi-10-4	1	1.33	13	2	118	324	0.0624978	0	0
poi-10-4	1	1.33	13	3	59	163	0.0244969	0	0
poi-10-4	1	1.33	13	3	118	324	0.0637339	0	0
poi-10-4	1	1.33	26	1	59	184	0.029034	0	0
poi-10-4	1	1.33	26	1	118	399	0.0923686	0	0
poi-10-4	1	1.33	26	2	59	184	0.0314892	0	0
poi-10-4	1	1.33	26	2	118	399	0.0933839	0	0
poi-10-4	1	1.33	26	3	59	184	0.0334091	0	0
poi-10-4	1	1.33	26	3	118	399	0.09943	0	0
poi-10-4	2	0.67	13	1	59	163	0.0209639	0	0
poi-10-4	2	0.67	13	1	118	324	0.0365276	0	0
poi-10-4	2	0.67	13	2	59	163	0.0215535	0	0
poi-10-4	2	0.67	13	2	118	324	0.0370821	0	0
poi-10-4	2	0.67	13	3	59	163	0.0221515	0	0
poi-10-4	2	0.67	13	3	118	324	0.0380065	0	0
poi-10-4	2	0.67	26	1	59	173	0.0326207	0	0
poi-10-4	2	0.67	26	1	118	340	0.0522764	17	0.0001991
poi-10-4	2	0.67	26	2	59	173	0.0347132	0	0
poi-10-4	2	0.67	26	2	118	340	0.0548546	15	0.0001743
poi-10-4	2	0.67	26	3	59	173	0.0366022	0	0
poi-10-4	2	0.67	26	3	118	340	0.0579184	40	0.0005447
poi-10-4	2	1	13	1	59	163	0.0234588	0	0
poi-10-4	2	1	13	1	118	324	0.0619812	0	0
poi-10-4	2	1	13	2	59	163	0.023751	0	0
poi-10-4	2	1	13	2	118	324	0.0625588	0	0
poi-10-4	2	1	13	3	59	163	0.0246661	0	0
poi-10-4	2	1	13	3	118	324	0.0636572	0	0
poi-10-4	2	1	26	1	59	179	0.030263	0	0
poi-10-4	2	1	26	1	118	358	0.0655419	14	0.0001824
poi-10-4	2	1	26	2	59	179	0.0326483	0	0
poi-10-4	2	1	26	2	118	358	0.0709254	4	5.31E-05
poi-10-4	2	1	26	3	59	179	0.035627	0	0
poi-10-4	2	1	26	3	118	358	0.0768165	15	0.0002351
poi-10-4	2	1.33	13	1	59	163	0.0234526	0	0
poi-10-4	2	1.33	13	1	118	324	0.0619666	0	0
poi-10-4	2	1.33	13	2	59	163	0.0240574	0	0
poi-10-4	2	1.33	13	2	118	324	0.0629655	0	0
poi-10-4	2	1.33	13	3	59	163	0.0243602	0	0
poi-10-4	2	1.33	13	3	118	324	0.064214	0	0
poi-10-4	2	1.33	26	1	59	184	0.0293565	0	0
poi-10-4	2	1.33	26	1	118	399	0.0824517	0	0
poi-10-4	2	1.33	26	2	59	184	0.0318973	0	0
poi-10-4	2	1.33	26	2	118	399	0.095069	0	0
poi-10-4	2	1.33	26	3	59	184	0.0342198	0	0
poi-10-4	2	1.33	26	3	118	399	0.1011646	0	0
poi-10-5	1	0.67	14	1	52	109	0.0285437	2	1.38E-05
poi-10-5	1	0.67	14	1	104	215	0.0358487	0	0
poi-10-5	1	0.67	14	2	52	109	0.029216	1	6.4E-06
poi-10-5	1	0.67	14	2	104	215	0.0365085	0	0
poi-10-5	1	0.67	14	3	52	109	0.0295593	2	1.31E-05
poi-10-5	1	0.67	14	3	104	215	0.0373575	0	0
poi-10-5	1	0.67	28	1	52	109	0.0309496	1	6.9E-06
poi-10-5	1	0.67	28	1	104	215	0.047287	0	0
poi-10-5	1	0.67	28	2	52	109	0.0318269	1	7.1E-06
poi-10-5	1	0.67	28	2	104	215	0.0529697	0	0
poi-10-5	1	0.67	28	3	52	109	0.0326289	2	1.49E-05
poi-10-5	1	0.67	28	3	104	215	0.0563938	0	0
poi-10-5	1	1	14	1	52	109	0.0346303	2	1.65E-05
poi-10-5	1	1	14	1	104	215	0.0623513	0	0
poi-10-5	1	1	14	2	52	109	0.0356443	2	1.66E-05
poi-10-5	1	1	14	2	104	215	0.0638585	0	0
poi-10-5	1	1	14	3	52	109	0.0367682	5	4.2E-05
poi-10-5	1	1	14	3	104	215	0.0650305	0	0
poi-10-5	1	1	28	1	52	109	0.0379943	3	2.65E-05
poi-10-5	1	1	28	1	104	215	0.0641244	0	0
poi-10-5	1	1	28	2	52	109	0.0406136	5	4.85E-05
poi-10-5	1	1	28	2	104	222	0.0766178	26	0.0004303
poi-10-5	1	1	28	3	52	109	0.0435226	1	7.1E-06
poi-10-5	1	1	28	3	104	222	0.0808769	5	9.31E-05
poi-10-5	1	1.33	14	1	52	126	0.033975	0	0
poi-10-5	1	1.33	14	1	104	235	0.0617356	0	0
poi-10-5	1	1.33	14	2	52	126	0.0350144	0	0
poi-10-5	1	1.33	14	2	104	235	0.0629764	0	0
poi-10-5	1	1.33	14	3	52	126	0.0358003	0	0
poi-10-5	1	1.33	14	3	104	235	0.0642862	0	0
poi-10-5	1	1.33	28	1	52	126	0.0379562	0	0
poi-10-5	1	1.33	28	1	104	256	0.0651282	0	0
poi-10-5	1	1.33	28	2	52	126	0.040549	0	0
poi-10-5	1	1.33	28	2	104	264	0.0701744	5	8.36E-05
poi-10-5	1	1.33	28	3	52	126	0.0432131	0	0
poi-10-5	1	1.33	28	3	104	264	0.0759007	71	0.0011535
poi-10-5	2	0.67	14	1	52	109	0.02835	1	6.7E-06
poi-10-5	2	0.67	14	1	104	215	0.036008	0	0
poi-10-5	2	0.67	14	2	52	109	0.0291602	2	1.3E-05
poi-10-5	2	0.67	14	2	104	215	0.0367719	0	0
poi-10-5	2	0.67	14	3	52	109	0.0296264	3	1.98E-05
poi-10-5	2	0.67	14	3	104	215	0.0371227	0	0
poi-10-5	2	0.67	28	1	52	109	0.0308866	1	6.7E-06
poi-10-5	2	0.67	28	1	104	215	0.0475633	0	0
poi-10-5	2	0.67	28	2	52	109	0.0316615	2	1.47E-05
poi-10-5	2	0.67	28	2	104	215	0.0529088	0	0
poi-10-5	2	0.67	28	3	52	109	0.0326334	2	1.49E-05
poi-10-5	2	0.67	28	3	104	215	0.0562607	0	0
poi-10-5	2	1	14	1	52	109	0.0345314	1	6.6E-06
poi-10-5	2	1	14	1	104	215	0.0621171	0	0
poi-10-5	2	1	14	2	52	109	0.0356672	2	1.59E-05
poi-10-5	2	1	14	2	104	215	0.0637263	0	0
poi-10-5	2	1	14	3	52	109	0.0365661	1	6.6E-06
poi-10-5	2	1	14	3	104	215	0.0649773	0	0
poi-10-5	2	1	28	1	52	109	0.0382987	1	7.2E-06
poi-10-5	2	1	28	1	104	215	0.066798	0	0
poi-10-5	2	1	28	2	52	109	0.041002	4	3.89E-05
poi-10-5	2	1	28	2	104	222	0.0727223	6	9.51E-05
poi-10-5	2	1	28	3	52	109	0.04365	4	4.07E-05
poi-10-5	2	1	28	3	104	222	0.0778002	2	4.54E-05
poi-10-5	2	1.33	14	1	52	126	0.0341449	0	0
poi-10-5	2	1.33	14	1	104	235	0.0617007	0	0
poi-10-5	2	1.33	14	2	52	126	0.0350904	0	0
poi-10-5	2	1.33	14	2	104	235	0.0628913	0	0
poi-10-5	2	1.33	14	3	52	126	0.0359341	0	0
poi-10-5	2	1.33	14	3	104	235	0.0644993	0	0
poi-10-5	2	1.33	28	1	52	126	0.0384827	0	0
poi-10-5	2	1.33	28	1	104	256	0.0699412	0	0
poi-10-5	2	1.33	28	2	52	126	0.0411801	0	0
poi-10-5	2	1.33	28	2	104	264	0.0753924	7	0.0001098
poi-10-5	2	1.33	28	3	52	126	0.0436518	0	0
poi-10-5	2	1.33	28	3	104	264	0.0812593	44	0.0006384
poi-20-1	1	0.67	14	1	79	301	0.0860885	0	0
poi-20-1	1	0.67	14	1	159	634	0.1258443	0	0
poi-20-1	1	0.67	14	2	79	301	0.0891787	0	0
poi-20-1	1	0.67	14	2	159	634	0.1302268	0	0
poi-20-1	1	0.67	14	3	79	301	0.0905862	0	0
poi-20-1	1	0.67	14	3	159	634	0.1313533	0	0
poi-20-1	1	0.67	28	1	79	301	0.1331924	0	0
poi-20-1	1	0.67	28	1	159	659	0.4794496	6388	0.2681961
poi-20-1	1	0.67	28	2	79	353	0.1638581	318	0.0100042
poi-20-1	1	0.67	28	2	159	673	0.5894639	6505	0.3317202
poi-20-1	1	0.67	28	3	79	363	0.1741021	14	0.0004656
poi-20-1	1	0.67	28	3	159	714	0.2939753	414	0.0191835
poi-20-1	1	1	14	1	79	301	0.1059422	0	0
poi-20-1	1	1	14	1	159	634	0.2326023	0	0
poi-20-1	1	1	14	2	79	301	0.1107298	0	0
poi-20-1	1	1	14	2	159	634	0.219482	0	0
poi-20-1	1	1	14	3	79	301	0.1137337	0	0
poi-20-1	1	1	14	3	159	634	0.2133853	0	0
poi-20-1	1	1	28	1	79	336	0.117978	12	0.0002565
poi-20-1	1	1	28	1	159	724	0.2810063	233	0.0128676
poi-20-1	1	1	28	2	79	406	0.1344007	21	0.0005814
poi-20-1	1	1	28	2	159	765	0.2819797	291	0.0156618
poi-20-1	1	1	28	3	79	427	0.1459506	1	3.02E-05
poi-20-1	1	1	28	3	159	822	0.3375606	960	0.0545967
poi-20-1	1	1.33	14	1	79	352	0.111673	0	0
poi-20-1	1	1.33	14	1	159	713	0.2594765	767	0.0342447
poi-20-1	1	1.33	14	2	79	352	0.1144777	0	0
poi-20-1	1	1.33	14	2	159	742	0.218397	490	0.0194409
poi-20-1	1	1.33	14	3	79	352	0.1175672	0	0
poi-20-1	1	1.33	14	3	159	742	0.2107584	317	0.0122812
poi-20-1	1	1.33	28	1	79	372	0.1214005	9	0.0003481
poi-20-1	1	1.33	28	1	159	847	0.5087956	4020	0.2271241
poi-20-1	1	1.33	28	2	79	457	0.1325313	7	0.0002949
poi-20-1	1	1.33	28	2	159	914	0.7282001	7977	0.4481149
poi-20-1	1	1.33	28	3	79	525	0.1488519	247	0.0069159
poi-20-1	1	1.33	28	3	159	939	0.3290385	701	0.0411902
poi-20-1	2	0.67	14	1	79	301	0.0865236	0	0
poi-20-1	2	0.67	14	1	159	634	0.1252071	0	0
poi-20-1	2	0.67	14	2	79	301	0.0871604	0	0
poi-20-1	2	0.67	14	2	159	634	0.12774	0	0
poi-20-1	2	0.67	14	3	79	301	0.0889846	0	0
poi-20-1	2	0.67	14	3	159	634	0.1291777	0	0
poi-20-1	2	0.67	28	1	79	317	0.1303619	108	0.0028627
poi-20-1	2	0.67	28	1	159	685	0.2807875	1036	0.0448787
poi-20-1	2	0.67	28	2	79	363	0.1601077	49	0.0015327
poi-20-1	2	0.67	28	2	159	733	0.3305739	705	0.0322045
poi-20-1	2	0.67	28	3	79	363	0.1886171	16	0.000672
poi-20-1	2	0.67	28	3	159	735	0.3881284	879	0.052122
poi-20-1	2	1	14	1	79	301	0.1065364	0	0
poi-20-1	2	1	14	1	159	647	0.3888448	3520	0.1599935
poi-20-1	2	1	14	2	79	301	0.1091233	0	0
poi-20-1	2	1	14	2	159	668	0.3115438	2216	0.0959841
poi-20-1	2	1	14	3	79	301	0.1126594	0	0
poi-20-1	2	1	14	3	159	668	0.336669	2686	0.1192306
poi-20-1	2	1	28	1	79	365	0.1392433	634	0.0162572
poi-20-1	2	1	28	1	159	806	0.2794527	817	0.0398686
poi-20-1	2	1	28	2	79	443	0.1518865	40	0.0013388
poi-20-1	2	1	28	2	159	884	0.3785744	3101	0.1465372
poi-20-1	2	1	28	3	79	447	0.1643908	42	0.0015409
poi-20-1	2	1	28	3	159	884	0.2690889	544	0.0258267
poi-20-1	2	1.33	14	1	79	352	0.1115703	0	0
poi-20-1	2	1.33	14	1	159	713	0.2324893	232	0.009519
poi-20-1	2	1.33	14	2	79	352	0.1116358	0	0
poi-20-1	2	1.33	14	2	159	754	0.2871991	2544	0.0960718
poi-20-1	2	1.33	14	3	79	352	0.1140539	0	0
poi-20-1	2	1.33	14	3	159	754	0.356043	3980	0.1575951
poi-20-1	2	1.33	28	1	79	438	0.2252888	3478	0.0926967
poi-20-1	2	1.33	28	1	159	953	0.4903055	4806	0.2420126
poi-20-1	2	1.33	28	2	79	538	0.2113737	1696	0.0541292
poi-20-1	2	1.33	28	2	159	1039	0.2702008	483	0.0242822
poi-20-1	2	1.33	28	3	79	561	0.1932752	162	0.0063306
poi-20-1	2	1.33	28	3	159	1082	0.3710288	2312	0.1180914
poi-20-2	1	0.67	13	1	80	291	0.0752674	0	0
poi-20-2	1	0.67	13	1	160	691	0.1565348	1631	0.037546
poi-20-2	1	0.67	13	2	80	291	0.0766567	0	0
poi-20-2	1	0.67	13	2	160	699	0.1258316	233	0.0053547
poi-20-2	1	0.67	13	3	80	291	0.0789487	0	0
poi-20-2	1	0.67	13	3	160	699	0.1598839	1611	0.0380597
poi-20-2	1	0.67	26	1	80	335	0.1436748	1	3.18E-05
poi-20-2	1	0.67	26	1	160	744	0.3449821	2257	0.1061446
poi-20-2	1	0.67	26	2	80	335	0.1590085	4	0.0001523
poi-20-2	1	0.67	26	2	160	760	0.4459354	2622	0.1518687
poi-20-2	1	0.67	26	3	80	335	0.1726397	2	5.99E-05
poi-20-2	1	0.67	26	3	160	760	0.3789553	1004	0.0622347
poi-20-2	1	1	13	1	80	291	0.1158631	0	0
poi-20-2	1	1	13	1	160	701	0.2006582	42	0.0016056
poi-20-2	1	1	13	2	80	291	0.114898	0	0
poi-20-2	1	1	13	2	160	713	0.2004069	8	0.0003045
poi-20-2	1	1	13	3	80	291	0.1174486	0	0
poi-20-2	1	1	13	3	160	713	0.2043869	14	0.0006441
poi-20-2	1	1	26	1	80	359	0.1726625	1001	0.0296437
poi-20-2	1	1	26	1	160	821	0.4304024	4143	0.1954641
poi-20-2	1	1	26	2	80	359	0.1703995	0	0
poi-20-2	1	1	26	2	160	864	0.2704628	542	0.0269493
poi-20-2	1	1	26	3	80	366	0.2620865	2131	0.0784164
poi-20-2	1	1	26	3	160	864	0.252522	55	0.0028905
poi-20-2	1	1.33	13	1	80	306	0.1147076	0	0
poi-20-2	1	1.33	13	1	160	732	0.2026269	73	0.0027037
poi-20-2	1	1.33	13	2	80	306	0.1138068	0	0
poi-20-2	1	1.33	13	2	160	747	0.2035968	107	0.004108
poi-20-2	1	1.33	13	3	80	306	0.1165044	0	0
poi-20-2	1	1.33	13	3	160	747	0.2018678	26	0.0011068
poi-20-2	1	1.33	26	1	80	438	0.3867247	6912	0.2222368
poi-20-2	1	1.33	26	1	160	981	0.6160067	7708	0.3734934
poi-20-2	1	1.33	26	2	80	441	0.4255727	6208	0.2408879
poi-20-2	1	1.33	26	2	160	1040	0.3424924	1795	0.0909437
poi-20-2	1	1.33	26	3	80	441	0.3660881	4193	0.1739653
poi-20-2	1	1.33	26	3	160	1040	0.2607164	200	0.0101123
poi-20-2	2	0.67	13	1	80	291	0.0760028	0	0
poi-20-2	2	0.67	13	1	160	696	0.1278602	136	0.0030576
poi-20-2	2	0.67	13	2	80	291	0.0781818	0	0
poi-20-2	2	0.67	13	2	160	699	0.1347088	392	0.0091132
poi-20-2	2	0.67	13	3	80	291	0.0798271	0	0
poi-20-2	2	0.67	13	3	160	699	0.1389951	489	0.0111958
poi-20-2	2	0.67	26	1	80	335	0.1331206	7	0.0002699
poi-20-2	2	0.67	26	1	160	776	0.3787714	2918	0.1391971
poi-20-2	2	0.67	26	2	80	335	0.1530359	19	0.0005946
poi-20-2	2	0.67	26	2	160	791	0.5688388	5255	0.2895755
poi-20-2	2	0.67	26	3	80	335	0.1640598	2	7.75E-05
poi-20-2	2	0.67	26	3	160	791	0.346631	837	0.047445
poi-20-2	2	1	13	1	80	291	0.1125162	0	0
poi-20-2	2	1	13	1	160	716	0.2079615	64	0.002547
poi-20-2	2	1	13	2	80	291	0.1149749	0	0
poi-20-2	2	1	13	2	160	716	0.2106008	47	0.0018514
poi-20-2	2	1	13	3	80	291	0.1172641	0	0
poi-20-2	2	1	13	3	160	716	0.2101711	9	0.0003475
poi-20-2	2	1	26	1	80	359	0.1518195	5	0.0001511
poi-20-2	2	1	26	1	160	902	0.3397788	3052	0.129309
poi-20-2	2	1	26	2	80	359	0.1717434	2	8.68E-05
poi-20-2	2	1	26	2	160	927	0.233974	287	0.0129308
poi-20-2	2	1	26	3	80	359	0.1858562	1	3.09E-05
poi-20-2	2	1	26	3	160	927	0.2331236	78	0.0037872
poi-20-2	2	1.33	13	1	80	306	0.1128622	0	0
poi-20-2	2	1.33	13	1	160	750	0.2111006	219	0.0081622
poi-20-2	2	1.33	13	2	80	306	0.1150092	0	0
poi-20-2	2	1.33	13	2	160	750	0.2048988	8	0.0002948
poi-20-2	2	1.33	13	3	80	306	0.1178089	0	0
poi-20-2	2	1.33	13	3	160	750	0.20905	22	0.0008566
poi-20-2	2	1.33	26	1	80	438	0.1656516	5	0.0001862
poi-20-2	2	1.33	26	1	160	1065	0.2530176	993	0.042254
poi-20-2	2	1.33	26	2	80	441	0.2364944	2189	0.0726788
poi-20-2	2	1.33	26	2	160	1101	0.3834958	3351	0.15475
poi-20-2	2	1.33	26	3	80	562	0.4549802	8403	0.2853994
poi-20-2	2	1.33	26	3	160	1099	0.3225621	1733	0.0839391
poi-20-3	1	0.67	15	1	85	336	0.0878244	0	0
poi-20-3	1	0.67	15	1	171	743	0.1233543	34	0.0007238
poi-20-3	1	0.67	15	2	85	336	0.0889275	0	0
poi-20-3	1	0.67	15	2	171	743	0.1268266	112	0.002385
poi-20-3	1	0.67	15	3	85	336	0.0906335	0	0
poi-20-3	1	0.67	15	3	171	743	0.1267178	24	0.0005986
poi-20-3	1	0.67	31	1	85	336	0.1280355	0	0
poi-20-3	1	0.67	31	1	171	769	0.2082483	119	0.0040335
poi-20-3	1	0.67	31	2	85	336	0.1458126	0	0
poi-20-3	1	0.67	31	2	171	769	0.2484258	18	0.0007674
poi-20-3	1	0.67	31	3	85	336	0.1587937	0	0
poi-20-3	1	0.67	31	3	171	769	0.2807802	100	0.0052896
poi-20-3	1	1	15	1	85	336	0.1208447	0	0
poi-20-3	1	1	15	1	171	773	0.2093522	19	0.0008798
poi-20-3	1	1	15	2	85	336	0.1258239	0	0
poi-20-3	1	1	15	2	171	773	0.2224553	236	0.0100669
poi-20-3	1	1	15	3	85	336	0.1336268	0	0
poi-20-3	1	1	15	3	171	773	0.2162256	24	0.0010587
poi-20-3	1	1	31	1	85	336	0.1190981	0	0
poi-20-3	1	1	31	1	171	812	0.2597027	49	0.0024493
poi-20-3	1	1	31	2	85	372	0.1351459	1	2.73E-05
poi-20-3	1	1	31	2	171	859	0.2742071	433	0.0218641
poi-20-3	1	1	31	3	85	431	0.1655202	312	0.0104502
poi-20-3	1	1	31	3	171	906	0.4892214	4119	0.2207955
poi-20-3	1	1.33	15	1	85	375	0.1243022	0	0
poi-20-3	1	1.33	15	1	171	832	0.2167188	113	0.0048221
poi-20-3	1	1.33	15	2	85	375	0.1292405	0	0
poi-20-3	1	1.33	15	2	171	840	0.2281127	353	0.0148555
poi-20-3	1	1.33	15	3	85	375	0.1317192	0	0
poi-20-3	1	1.33	15	3	171	840	0.219365	36	0.0017051
poi-20-3	1	1.33	31	1	85	419	0.1418907	0	0
poi-20-3	1	1.33	31	1	171	948	0.2789342	178	0.0093914
poi-20-3	1	1.33	31	2	85	441	0.160192	440	0.0133973
poi-20-3	1	1.33	31	2	171	1038	0.3212511	1031	0.0549643
poi-20-3	1	1.33	31	3	85	540	0.1577302	23	0.0009378
poi-20-3	1	1.33	31	3	171	1115	0.4942478	3794	0.2123741
poi-20-3	2	0.67	15	1	85	336	0.0875596	0	0
poi-20-3	2	0.67	15	1	171	755	0.1281822	85	0.0020066
poi-20-3	2	0.67	15	2	85	336	0.0901337	0	0
poi-20-3	2	0.67	15	2	171	755	0.1312788	160	0.0035877
poi-20-3	2	0.67	15	3	85	336	0.0926395	0	0
poi-20-3	2	0.67	15	3	171	755	0.1343623	197	0.004453
poi-20-3	2	0.67	31	1	85	336	0.1286629	0	0
poi-20-3	2	0.67	31	1	171	769	0.2267486	23	0.000878
poi-20-3	2	0.67	31	2	85	336	0.1427987	0	0
poi-20-3	2	0.67	31	2	171	769	0.2841454	131	0.0073568
poi-20-3	2	0.67	31	3	85	336	0.1555758	0	0
poi-20-3	2	0.67	31	3	171	801	0.4359468	2399	0.138569
poi-20-3	2	1	15	1	85	336	0.1151303	0	0
poi-20-3	2	1	15	1	171	773	0.2089793	28	0.0011308
poi-20-3	2	1	15	2	85	336	0.1196821	0	0
poi-20-3	2	1	15	2	171	773	0.2083049	5	0.0001927
poi-20-3	2	1	15	3	85	336	0.1242449	0	0
poi-20-3	2	1	15	3	171	773	0.2191925	166	0.0063479
poi-20-3	2	1	31	1	85	372	0.1158622	16	0.0003726
poi-20-3	2	1	31	1	171	859	0.2741108	1141	0.0505673
poi-20-3	2	1	31	2	85	475	0.1377026	21	0.0006999
poi-20-3	2	1	31	2	171	975	0.2705058	896	0.0407079
poi-20-3	2	1	31	3	85	483	0.1529186	3	9.39E-05
poi-20-3	2	1	31	3	171	999	0.2558219	253	0.0124897
poi-20-3	2	1.33	15	1	85	375	0.1249521	0	0
poi-20-3	2	1.33	15	1	171	833	0.2141067	47	0.0017978
poi-20-3	2	1.33	15	2	85	375	0.1296822	0	0
poi-20-3	2	1.33	15	2	171	841	0.2128566	62	0.0026142
poi-20-3	2	1.33	15	3	85	375	0.1323505	0	0
poi-20-3	2	1.33	15	3	171	841	0.213153	88	0.0039166
poi-20-3	2	1.33	31	1	85	441	0.1346492	359	0.0097693
poi-20-3	2	1.33	31	1	171	1023	0.3198661	2049	0.0919818
poi-20-3	2	1.33	31	2	85	598	0.1503497	88	0.0028956
poi-20-3	2	1.33	31	2	171	1178	0.3696608	2798	0.1330542
poi-20-3	2	1.33	31	3	85	608	0.1661253	11	0.0005135
poi-20-3	2	1.33	31	3	171	1241	0.3215514	1396	0.0694301
poi-20-4	1	0.67	13	1	78	412	0.0912217	0	0
poi-20-4	1	0.67	13	1	157	797	0.1327317	7	0.0001571
poi-20-4	1	0.67	13	2	78	412	0.0925784	0	0
poi-20-4	1	0.67	13	2	157	797	0.1347048	3	7.83E-05
poi-20-4	1	0.67	13	3	78	412	0.0943479	0	0
poi-20-4	1	0.67	13	3	157	797	0.1366689	5	0.0001981
poi-20-4	1	0.67	26	1	78	412	0.1376364	0	0
poi-20-4	1	0.67	26	1	157	797	0.2259381	13	0.0005073
poi-20-4	1	0.67	26	2	78	412	0.1543773	0	0
poi-20-4	1	0.67	26	2	157	819	0.3651717	1452	0.0826636
poi-20-4	1	0.67	26	3	78	452	0.3288158	4696	0.1597618
poi-20-4	1	0.67	26	3	157	827	0.3375845	295	0.0174907
poi-20-4	1	1	13	1	78	412	0.1244282	0	0
poi-20-4	1	1	13	1	157	811	0.2370826	8	0.0003594
poi-20-4	1	1	13	2	78	412	0.1260048	0	0
poi-20-4	1	1	13	2	157	811	0.2415487	4	0.0002006
poi-20-4	1	1	13	3	78	412	0.1291317	0	0
poi-20-4	1	1	13	3	157	811	0.24386	3	0.0001239
poi-20-4	1	1	26	1	78	429	0.1522288	191	0.0056135
poi-20-4	1	1	26	1	157	848	0.393918	2593	0.1335375
poi-20-4	1	1	26	2	78	469	0.1698221	8	0.0003525
poi-20-4	1	1	26	2	157	875	0.4665988	4054	0.2087319
poi-20-4	1	1	26	3	78	511	0.1897585	86	0.0034042
poi-20-4	1	1	26	3	157	917	0.3185323	985	0.0523536
poi-20-4	1	1.33	13	1	78	466	0.1251448	0	0
poi-20-4	1	1.33	13	1	157	865	0.2363272	3	0.0002889
poi-20-4	1	1.33	13	2	78	479	0.1311386	1	2.62E-05
poi-20-4	1	1.33	13	2	157	892	0.2355234	9	0.0004892
poi-20-4	1	1.33	13	3	78	479	0.134487	4	0.0001064
poi-20-4	1	1.33	13	3	157	892	0.2372875	31	0.0013819
poi-20-4	1	1.33	26	1	78	510	0.2038959	458	0.0179436
poi-20-4	1	1.33	26	1	157	1012	0.292405	331	0.0178881
poi-20-4	1	1.33	26	2	78	538	0.1636288	49	0.0016114
poi-20-4	1	1.33	26	2	157	1045	0.2949105	257	0.0145162
poi-20-4	1	1.33	26	3	78	585	0.2316325	1757	0.0606593
poi-20-4	1	1.33	26	3	157	1085	1.1001396	14335	0.8151374
poi-20-4	2	0.67	13	1	78	412	0.0895345	0	0
poi-20-4	2	0.67	13	1	157	797	0.1340967	40	0.0009748
poi-20-4	2	0.67	13	2	78	412	0.0917014	0	0
poi-20-4	2	0.67	13	2	157	797	0.1346636	11	0.0002398
poi-20-4	2	0.67	13	3	78	412	0.0934791	0	0
poi-20-4	2	0.67	13	3	157	797	0.1358624	6	0.0001366
poi-20-4	2	0.67	26	1	78	412	0.1313759	0	0
poi-20-4	2	0.67	26	1	157	879	0.3735397	2891	0.1334252
poi-20-4	2	0.67	26	2	78	412	0.1487254	0	0
poi-20-4	2	0.67	26	2	157	903	0.3013108	494	0.025002
poi-20-4	2	0.67	26	3	78	412	0.1642236	0	0
poi-20-4	2	0.67	26	3	157	903	0.4972833	3295	0.1927579
poi-20-4	2	1	13	1	78	412	0.1204123	0	0
poi-20-4	2	1	13	1	157	811	0.228392	4	0.0001552
poi-20-4	2	1	13	2	78	412	0.1232041	0	0
poi-20-4	2	1	13	2	157	811	0.2318411	2	0.000122
poi-20-4	2	1	13	3	78	412	0.1260769	0	0
poi-20-4	2	1	13	3	157	811	0.2345715	3	0.0001214
poi-20-4	2	1	26	1	78	478	0.140736	99	0.0027056
poi-20-4	2	1	26	1	157	961	0.3326723	2465	0.1091022
poi-20-4	2	1	26	2	78	520	0.1834008	7	0.0002628
poi-20-4	2	1	26	2	157	998	0.2389986	300	0.0133277
poi-20-4	2	1	26	3	78	520	0.202669	38	0.0017879
poi-20-4	2	1	26	3	157	998	0.2413534	120	0.0055923
poi-20-4	2	1.33	13	1	78	466	0.1234818	0	0
poi-20-4	2	1.33	13	1	157	865	0.2295562	26	0.0010953
poi-20-4	2	1.33	13	2	78	479	0.1307173	8	0.0002271
poi-20-4	2	1.33	13	2	157	892	0.2323035	38	0.0017311
poi-20-4	2	1.33	13	3	78	479	0.1335545	15	0.0004659
poi-20-4	2	1.33	13	3	157	892	0.2315101	31	0.0013226
poi-20-4	2	1.33	26	1	78	550	0.1764612	1	6.23E-05
poi-20-4	2	1.33	26	1	157	1067	0.4283771	4462	0.2026082
poi-20-4	2	1.33	26	2	78	594	0.1657166	19	0.0006488
poi-20-4	2	1.33	26	2	157	1134	0.4738192	4972	0.2358664
poi-20-4	2	1.33	26	3	78	609	0.2957875	2685	0.1028249
poi-20-4	2	1.33	26	3	157	1170	0.2780055	533	0.0264243
poi-20-5	1	0.67	13	1	74	303	0.1048663	66	0.0015875
poi-20-5	1	0.67	13	1	149	726	0.2089095	3100	0.0793832
poi-20-5	1	0.67	13	2	74	303	0.1066403	34	0.0008051
poi-20-5	1	0.67	13	2	149	726	0.2156054	3135	0.0822115
poi-20-5	1	0.67	13	3	74	303	0.1094638	2	4.17E-05
poi-20-5	1	0.67	13	3	149	726	0.1465136	477	0.0122823
poi-20-5	1	0.67	26	1	74	308	0.1434806	13	0.0003316
poi-20-5	1	0.67	26	1	149	737	0.2191807	579	0.0196791
poi-20-5	1	0.67	26	2	74	334	0.1602214	8	0.0003414
poi-20-5	1	0.67	26	2	149	763	0.2352608	175	0.0063668
poi-20-5	1	0.67	26	3	74	334	0.1676141	12	0.0004892
poi-20-5	1	0.67	26	3	149	763	0.2617818	262	0.0113667
poi-20-5	1	1	13	1	74	333	0.1037168	4	7.55E-05
poi-20-5	1	1	13	1	149	739	0.2267241	102	0.0044085
poi-20-5	1	1	13	2	74	333	0.1105943	11	0.0002601
poi-20-5	1	1	13	2	149	762	0.2336459	167	0.0075036
poi-20-5	1	1	13	3	74	333	0.1159046	1	1.79E-05
poi-20-5	1	1	13	3	149	762	0.2330118	128	0.0058021
poi-20-5	1	1	26	1	74	341	0.1304205	33	0.0008325
poi-20-5	1	1	26	1	149	824	0.243916	60	0.0028713
poi-20-5	1	1	26	2	74	380	0.1445947	1	3.18E-05
poi-20-5	1	1	26	2	149	824	0.2467726	46	0.0023754
poi-20-5	1	1	26	3	74	380	0.1543291	4	0.0001498
poi-20-5	1	1	26	3	149	851	0.4608627	4064	0.2067852
poi-20-5	1	1.33	13	1	74	361	0.1179362	115	0.0027799
poi-20-5	1	1.33	13	1	149	799	0.3294489	2393	0.1056054
poi-20-5	1	1.33	13	2	74	361	0.1202167	31	0.0008402
poi-20-5	1	1.33	13	2	149	843	0.224955	6	0.0003701
poi-20-5	1	1.33	13	3	74	361	0.1222831	44	0.0010619
poi-20-5	1	1.33	13	3	149	855	0.2422307	265	0.0119035
poi-20-5	1	1.33	26	1	74	405	0.1949673	2134	0.0590876
poi-20-5	1	1.33	26	1	149	963	0.2713949	123	0.0072658
poi-20-5	1	1.33	26	2	74	456	0.1928093	1034	0.0325951
poi-20-5	1	1.33	26	2	149	996	0.5481525	5597	0.2889933
poi-20-5	1	1.33	26	3	74	479	0.176794	129	0.0046121
poi-20-5	1	1.33	26	3	149	997	0.5433249	5141	0.2752784
poi-20-5	2	0.67	13	1	74	303	0.1014321	51	0.0011249
poi-20-5	2	0.67	13	1	149	726	0.136168	248	0.005734
poi-20-5	2	0.67	13	2	74	303	0.1077671	217	0.004581
poi-20-5	2	0.67	13	2	149	726	0.1513156	690	0.0173877
poi-20-5	2	0.67	13	3	74	303	0.1070075	6	0.0001289
poi-20-5	2	0.67	13	3	149	726	0.1582405	932	0.0242249
poi-20-5	2	0.67	26	1	74	341	0.1466294	88	0.0026402
poi-20-5	2	0.67	26	1	149	785	0.243859	311	0.0105263
poi-20-5	2	0.67	26	2	74	387	0.1731034	83	0.002775
poi-20-5	2	0.67	26	2	149	785	0.2721923	35	0.0017787
poi-20-5	2	0.67	26	3	74	425	0.1840696	4	0.0001782
poi-20-5	2	0.67	26	3	149	785	0.2906929	82	0.0030286
poi-20-5	2	1	13	1	74	333	0.1104607	7	0.0001645
poi-20-5	2	1	13	1	149	762	0.23285	83	0.0035635
poi-20-5	2	1	13	2	74	333	0.1161789	37	0.0009344
poi-20-5	2	1	13	2	149	762	0.2273853	6	0.0002835
poi-20-5	2	1	13	3	74	333	0.1206234	7	0.0001866
poi-20-5	2	1	13	3	149	762	0.2325932	5	0.0002293
poi-20-5	2	1	26	1	74	390	0.1357361	144	0.0038762
poi-20-5	2	1	26	1	149	868	0.2228008	388	0.0161393
poi-20-5	2	1	26	2	74	460	0.1561269	4	9.1E-05
poi-20-5	2	1	26	2	149	902	0.2393457	522	0.0220163
poi-20-5	2	1	26	3	74	517	0.1653426	4	0.0001177
poi-20-5	2	1	26	3	149	902	0.2497719	418	0.0194287
poi-20-5	2	1.33	13	1	74	361	0.1269032	11	0.0002813
poi-20-5	2	1.33	13	1	149	843	0.3244698	2306	0.1006558
poi-20-5	2	1.33	13	2	74	361	0.1309304	9	0.0002473
poi-20-5	2	1.33	13	2	149	855	0.226987	1	7.12E-05
poi-20-5	2	1.33	13	3	74	361	0.1390044	8	0.0002588
poi-20-5	2	1.33	13	3	149	855	0.2398689	186	0.0081121
poi-20-5	2	1.33	26	1	74	456	0.138993	74	0.0022773
poi-20-5	2	1.33	26	1	149	1010	0.5757681	8811	0.3675218
poi-20-5	2	1.33	26	2	74	528	0.166799	20	0.000673
poi-20-5	2	1.33	26	2	149	1071	0.2946179	1582	0.0716007
poi-20-5	2	1.33	26	3	74	603	0.1768734	7	0.0002744
poi-20-5	2	1.33	26	3	149	1088	0.2652356	419	0.0207679
poi-30-1	1	0.67	13	1	85	463	0.2574099	0	0
poi-30-1	1	0.67	13	1	171	1062	0.4012977	212	0.0130465
poi-30-1	1	0.67	13	2	85	463	0.2781887	0	0
poi-30-1	1	0.67	13	2	171	1062	0.419498	66	0.0035971
poi-30-1	1	0.67	13	3	85	463	0.2963493	0	0
poi-30-1	1	0.67	13	3	171	1062	0.4371461	134	0.0076759
poi-30-1	1	0.67	26	1	85	496	0.4692441	928	0.0704223
poi-30-1	1	0.67	26	1	171	1092	0.6836934	1072	0.11118
poi-30-1	1	0.67	26	2	85	553	0.5741515	921	0.0849583
poi-30-1	1	0.67	26	2	171	1100	0.7141394	154	0.0135018
poi-30-1	1	0.67	26	3	85	568	1.1233605	4622	0.5371274
poi-30-1	1	0.67	26	3	171	1122	1.733623	5945	0.9368895
poi-30-1	1	1	13	1	85	494	0.3235672	113	0.0070438
poi-30-1	1	1	13	1	171	1093	0.5273389	185	0.0156623
poi-30-1	1	1	13	2	85	500	0.3899525	1094	0.0709847
poi-30-1	1	1	13	2	171	1110	0.6792738	2122	0.2003406
poi-30-1	1	1	13	3	85	509	0.4472635	1703	0.1151911
poi-30-1	1	1	13	3	171	1110	0.9608062	5086	0.4824309
poi-30-1	1	1	26	1	85	562	0.4031332	144	0.0112996
poi-30-1	1	1	26	1	171	1167	0.8918572	2463	0.2914446
poi-30-1	1	1	26	2	85	673	0.4907152	932	0.076885
poi-30-1	1	1	26	2	171	1220	0.5829678	683	0.0686629
poi-30-1	1	1	26	3	85	677	0.5177938	373	0.0357497
poi-30-1	1	1	26	3	171	1276	0.5107089	42	0.0045297
poi-30-1	1	1.33	13	1	85	568	0.3805185	605	0.0424751
poi-30-1	1	1.33	13	1	171	1210	1.0202742	4657	0.4903613
poi-30-1	1	1.33	13	2	85	588	0.6786597	4436	0.3214188
poi-30-1	1	1.33	13	2	171	1234	0.7374665	2450	0.239099
poi-30-1	1	1.33	13	3	85	609	0.3667878	29	0.0023259
poi-30-1	1	1.33	13	3	171	1239	1.0383871	5676	0.55441
poi-30-1	1	1.33	26	1	85	668	0.9796744	5909	0.532869
poi-30-1	1	1.33	26	1	171	1355	1.1512853	4556	0.5431155
poi-30-1	1	1.33	26	2	85	821	1.1242266	6821	0.6504078
poi-30-1	1	1.33	26	2	171	1503	1.2310249	6687	0.7042162
poi-30-1	1	1.33	26	3	85	865	0.7666971	2391	0.2502903
poi-30-1	1	1.33	26	3	171	1569	0.7473619	2180	0.2259246
poi-30-1	2	0.67	13	1	85	463	0.2518922	0	0
poi-30-1	2	0.67	13	1	171	1071	0.4295828	497	0.0302917
poi-30-1	2	0.67	13	2	85	463	0.2714967	0	0
poi-30-1	2	0.67	13	2	171	1073	0.4512616	523	0.0331821
poi-30-1	2	0.67	13	3	85	486	0.5191852	4049	0.232312
poi-30-1	2	0.67	13	3	171	1073	0.498834	1015	0.0736179
poi-30-1	2	0.67	26	1	85	590	0.415688	376	0.0288218
poi-30-1	2	0.67	26	1	171	1194	0.7793678	1350	0.1561927
poi-30-1	2	0.67	26	2	85	619	0.6576833	1774	0.1716755
poi-30-1	2	0.67	26	2	171	1231	0.7630808	57	0.0068882
poi-30-1	2	0.67	26	3	85	626	0.9100883	3025	0.3401756
poi-30-1	2	0.67	26	3	171	1231	1.7473879	5161	0.881222
poi-30-1	2	1	13	1	85	557	0.5103329	3306	0.2054508
poi-30-1	2	1	13	1	171	1119	0.5508886	413	0.036677
poi-30-1	2	1	13	2	85	557	0.317821	310	0.0188205
poi-30-1	2	1	13	2	171	1123	0.5201112	207	0.0166904
poi-30-1	2	1	13	3	85	561	0.3323977	397	0.0253746
poi-30-1	2	1	13	3	171	1123	0.5091274	142	0.0118291
poi-30-1	2	1	26	1	85	677	0.3564047	20	0.0013716
poi-30-1	2	1	26	1	171	1367	0.6601688	1719	0.1641393
poi-30-1	2	1	26	2	85	758	0.4060708	112	0.0089827
poi-30-1	2	1	26	2	171	1417	0.5967303	1474	0.1309571
poi-30-1	2	1	26	3	85	808	0.6439471	1897	0.1783973
poi-30-1	2	1	26	3	171	1417	0.5966197	1409	0.1283027
poi-30-1	2	1.33	13	1	85	634	0.3400162	318	0.0209603
poi-30-1	2	1.33	13	1	171	1251	0.5394923	303	0.0236896
poi-30-1	2	1.33	13	2	85	655	0.6184609	3900	0.271919
poi-30-1	2	1.33	13	2	171	1268	0.6003672	981	0.0946863
poi-30-1	2	1.33	13	3	85	669	0.4139011	789	0.0569284
poi-30-1	2	1.33	13	3	171	1277	0.9245848	4255	0.4219482
poi-30-1	2	1.33	26	1	85	835	0.6632835	3996	0.2939295
poi-30-1	2	1.33	26	1	171	1597	1.0098014	5257	0.5145074
poi-30-1	2	1.33	26	2	85	912	0.6085615	2290	0.1932287
poi-30-1	2	1.33	26	2	171	1708	0.7791862	3432	0.3082708
poi-30-1	2	1.33	26	3	85	942	0.7343448	2452	0.2439109
poi-30-1	2	1.33	26	3	171	1735	1.3057665	8754	0.8295877
poi-30-2	1	0.67	12	1	95	641	0.2176397	1078	0.0387103
poi-30-2	1	0.67	12	1	190	1162	0.4229585	1374	0.0825913
poi-30-2	1	0.67	12	2	95	639	0.1799823	55	0.0019013
poi-30-2	1	0.67	12	2	190	1164	0.3962493	1049	0.0620398
poi-30-2	1	0.67	12	3	95	641	0.3198969	2927	0.1191204
poi-30-2	1	0.67	12	3	190	1164	0.3787163	592	0.0376905
poi-30-2	1	0.67	25	1	95	654	0.4068484	1437	0.0906839
poi-30-2	1	0.67	25	1	190	1234	1.2572195	4728	0.6084958
poi-30-2	1	0.67	25	2	95	678	1.113787	8797	0.7108795
poi-30-2	1	0.67	25	2	190	1251	1.1598595	2644	0.3854211
poi-30-2	1	0.67	25	3	95	683	0.8411016	3551	0.3467554
poi-30-2	1	0.67	25	3	190	1251	1.0280449	1179	0.1826302
poi-30-2	1	1	12	1	95	657	0.2326792	30	0.0015806
poi-30-2	1	1	12	1	190	1201	0.7136992	1313	0.1405568
poi-30-2	1	1	12	2	95	680	0.2369966	23	0.0010634
poi-30-2	1	1	12	2	190	1255	0.5940468	286	0.0225255
poi-30-2	1	1	12	3	95	680	0.2392394	40	0.0020871
poi-30-2	1	1	12	3	190	1255	0.5807358	67	0.0052163
poi-30-2	1	1	25	1	95	701	0.3599587	560	0.0373336
poi-30-2	1	1	25	1	190	1348	0.9095378	2158	0.2672493
poi-30-2	1	1	25	2	95	778	0.4891199	2257	0.1518708
poi-30-2	1	1	25	2	190	1384	0.8455458	3158	0.3235778
poi-30-2	1	1	25	3	95	840	0.4874284	1364	0.105511
poi-30-2	1	1	25	3	190	1410	0.5735032	813	0.0773678
poi-30-2	1	1.33	12	1	95	755	0.2292522	7	0.0002883
poi-30-2	1	1.33	12	1	190	1311	0.6245538	436	0.0426849
poi-30-2	1	1.33	12	2	95	778	0.2353754	10	0.0004066
poi-30-2	1	1.33	12	2	190	1356	1.1531911	5433	0.5961324
poi-30-2	1	1.33	12	3	95	785	0.2441631	64	0.0030009
poi-30-2	1	1.33	12	3	190	1366	0.5813863	234	0.017778
poi-30-2	1	1.33	25	1	95	829	0.5059189	2133	0.1502121
poi-30-2	1	1.33	25	1	190	1488	1.0579966	2959	0.3863742
poi-30-2	1	1.33	25	2	95	935	0.4596596	1335	0.0967204
poi-30-2	1	1.33	25	2	190	1665	0.8143573	2732	0.279687
poi-30-2	1	1.33	25	3	95	1020	0.4984772	914	0.077503
poi-30-2	1	1.33	25	3	190	1702	1.0167327	5103	0.5090539
poi-30-2	2	0.67	12	1	95	654	0.1865209	22	0.0007271
poi-30-2	2	0.67	12	1	190	1209	0.6442749	4595	0.3053293
poi-30-2	2	0.67	12	2	95	654	0.1820653	12	0.0005232
poi-30-2	2	0.67	12	2	190	1209	0.616002	4079	0.2740284
poi-30-2	2	0.67	12	3	95	654	0.1848514	3	0.0001499
poi-30-2	2	0.67	12	3	190	1209	0.3658136	405	0.0224104
poi-30-2	2	0.67	25	1	95	805	0.6441499	3734	0.272869
poi-30-2	2	0.67	25	1	190	1260	0.6992102	423	0.0469536
poi-30-2	2	0.67	25	2	95	890	0.5640355	986	0.0924807
poi-30-2	2	0.67	25	2	190	1281	1.820957	7781	1.1044335
poi-30-2	2	0.67	25	3	95	902	0.5717928	47	0.0052171
poi-30-2	2	0.67	25	3	190	1278	1.5034258	4756	0.7237857
poi-30-2	2	1	12	1	95	680	0.2351896	73	0.0036267
poi-30-2	2	1	12	1	190	1268	0.6007764	170	0.0157947
poi-30-2	2	1	12	2	95	680	0.2322322	6	0.0002397
poi-30-2	2	1	12	2	190	1268	0.5877243	341	0.0302498
poi-30-2	2	1	12	3	95	680	0.2364537	14	0.0007281
poi-30-2	2	1	12	3	190	1268	0.5961356	268	0.023129
poi-30-2	2	1	25	1	95	920	0.3078398	119	0.0072632
poi-30-2	2	1	25	1	190	1410	0.5439406	21	0.0016864
poi-30-2	2	1	25	2	95	1064	0.3315168	139	0.0089782
poi-30-2	2	1	25	2	190	1410	0.4659492	9	0.0007142
poi-30-2	2	1	25	3	95	1067	0.3622737	550	0.0359172
poi-30-2	2	1	25	3	190	1410	0.475274	36	0.002943
poi-30-2	2	1.33	12	1	95	785	0.2528651	308	0.0150178
poi-30-2	2	1.33	12	1	190	1366	0.7718469	1645	0.1771073
poi-30-2	2	1.33	12	2	95	785	0.2488188	229	0.0108903
poi-30-2	2	1.33	12	2	190	1366	0.7488836	1660	0.1759084
poi-30-2	2	1.33	12	3	95	785	0.2648925	401	0.0195738
poi-30-2	2	1.33	12	3	190	1366	0.6136653	429	0.0375089
poi-30-2	2	1.33	25	1	95	1078	0.3980679	1301	0.0821775
poi-30-2	2	1.33	25	1	190	1697	1.8230293	11681	1.2696306
poi-30-2	2	1.33	25	2	95	1286	0.7651325	6432	0.4301832
poi-30-2	2	1.33	25	2	190	1751	0.5495309	771	0.0685722
poi-30-2	2	1.33	25	3	95	1300	0.4696394	1768	0.1226859
poi-30-2	2	1.33	25	3	190	1771	0.4988102	92	0.0075255
poi-30-3	1	0.67	12	1	86	452	0.3491336	3922	0.1536332
poi-30-3	1	0.67	12	1	172	1140	0.4154493	875	0.0609534
poi-30-3	1	0.67	12	2	86	460	0.2999188	2513	0.0995853
poi-30-3	1	0.67	12	2	172	1144	0.392088	243	0.0147632
poi-30-3	1	0.67	12	3	86	466	0.4506655	5852	0.2428809
poi-30-3	1	0.67	12	3	172	1156	0.4257252	680	0.0439785
poi-30-3	1	0.67	24	1	86	531	0.3017451	501	0.0281321
poi-30-3	1	0.67	24	1	172	1277	0.7751943	1156	0.1430808
poi-30-3	1	0.67	24	2	86	540	0.3690509	370	0.0250442
poi-30-3	1	0.67	24	2	172	1300	1.6672329	5417	0.8574523
poi-30-3	1	0.67	24	3	86	545	0.401085	63	0.0049568
poi-30-3	1	0.67	24	3	172	1300	2.0679912	6415	1.1544962
poi-30-3	1	1	12	1	86	487	0.2675888	485	0.0236961
poi-30-3	1	1	12	1	172	1188	0.5359042	146	0.0109846
poi-30-3	1	1	12	2	86	487	0.24745	66	0.0038037
poi-30-3	1	1	12	2	172	1215	0.6798031	1706	0.1650466
poi-30-3	1	1	12	3	86	487	0.2580116	87	0.0043475
poi-30-3	1	1	12	3	172	1215	0.5942519	792	0.0784502
poi-30-3	1	1	24	1	86	613	0.3152454	93	0.0059341
poi-30-3	1	1	24	1	172	1398	0.6514633	757	0.0809858
poi-30-3	1	1	24	2	86	627	0.3200383	157	0.0101011
poi-30-3	1	1	24	2	172	1437	0.5705111	834	0.08051
poi-30-3	1	1	24	3	86	627	0.3591132	2	0.000147
poi-30-3	1	1	24	3	172	1449	0.5510924	857	0.0778445
poi-30-3	1	1.33	12	1	86	519	0.2703881	81	0.0042796
poi-30-3	1	1.33	12	1	172	1296	0.9031226	4039	0.4037575
poi-30-3	1	1.33	12	2	86	521	0.3502095	1562	0.0856409
poi-30-3	1	1.33	12	2	172	1316	0.5575889	581	0.0484334
poi-30-3	1	1.33	12	3	86	521	0.2960911	321	0.0183923
poi-30-3	1	1.33	12	3	172	1332	0.6697046	1690	0.164809
poi-30-3	1	1.33	24	1	86	718	0.3851389	444	0.0310563
poi-30-3	1	1.33	24	1	172	1558	0.7368525	1419	0.1553544
poi-30-3	1	1.33	24	2	86	761	0.6379249	4078	0.2869411
poi-30-3	1	1.33	24	2	172	1766	0.5843268	968	0.091717
poi-30-3	1	1.33	24	3	86	799	0.3959508	196	0.0150962
poi-30-3	1	1.33	24	3	172	1789	0.5158249	413	0.0367995
poi-30-3	2	0.67	12	1	86	460	0.3302603	3672	0.1398637
poi-30-3	2	0.67	12	1	172	1154	0.4158313	734	0.0480282
poi-30-3	2	0.67	12	2	86	466	0.3040391	2674	0.1057013
poi-30-3	2	0.67	12	2	172	1163	0.4323726	728	0.0513786
poi-30-3	2	0.67	12	3	86	466	0.2763387	1680	0.0697574
poi-30-3	2	0.67	12	3	172	1163	0.4300184	601	0.0430563
poi-30-3	2	0.67	24	1	86	601	0.4381405	1958	0.1236524
poi-30-3	2	0.67	24	1	172	1319	1.0834019	2245	0.3320214
poi-30-3	2	0.67	24	2	86	607	0.51885	1505	0.1191569
poi-30-3	2	0.67	24	2	172	1328	1.3720381	3128	0.517595
poi-30-3	2	0.67	24	3	86	607	0.4734227	212	0.0187492
poi-30-3	2	0.67	24	3	172	1330	1.7307889	4737	0.8360181
poi-30-3	2	1	12	1	86	487	0.2210704	41	0.0017932
poi-30-3	2	1	12	1	172	1225	0.5353052	223	0.0169886
poi-30-3	2	1	12	2	86	506	0.2785335	1200	0.054846
poi-30-3	2	1	12	2	172	1225	0.6195132	1123	0.1083543
poi-30-3	2	1	12	3	86	506	0.2367825	131	0.0063558
poi-30-3	2	1	12	3	172	1225	0.5486671	390	0.0333375
poi-30-3	2	1	24	1	86	711	0.3466357	1042	0.0597632
poi-30-3	2	1	24	1	172	1449	0.4981975	121	0.0092206
poi-30-3	2	1	24	2	86	720	0.3202774	158	0.0096389
poi-30-3	2	1	24	2	172	1449	0.4287237	2	0.0002312
poi-30-3	2	1	24	3	86	720	0.323828	10	0.0007113
poi-30-3	2	1	24	3	172	1449	0.442635	2	0.0002127
poi-30-3	2	1.33	12	1	86	519	0.2345098	22	0.0011971
poi-30-3	2	1.33	12	1	172	1343	1.3893534	9140	0.8932179
poi-30-3	2	1.33	12	2	86	586	0.2507171	69	0.0036484
poi-30-3	2	1.33	12	2	172	1343	0.5395521	464	0.0389867
poi-30-3	2	1.33	12	3	86	586	0.255565	29	0.0015613
poi-30-3	2	1.33	12	3	172	1341	0.6405207	1587	0.1466912
poi-30-3	2	1.33	24	1	86	839	0.3210639	322	0.0193964
poi-30-3	2	1.33	24	1	172	1718	0.5610316	702	0.0669977
poi-30-3	2	1.33	24	2	86	889	0.4493879	1756	0.1160142
poi-30-3	2	1.33	24	2	172	1801	0.9155856	5665	0.4828636
poi-30-3	2	1.33	24	3	86	917	0.6610148	4723	0.3193552
poi-30-3	2	1.33	24	3	172	1827	0.5025882	528	0.0449688
poi-30-4	1	0.67	11	1	91	772	0.303772	521	0.0257214
poi-30-4	1	0.67	11	1	183	1209	0.4592699	1354	0.0925051
poi-30-4	1	0.67	11	2	91	798	0.3000185	187	0.0098854
poi-30-4	1	0.67	11	2	183	1211	0.3775025	92	0.0038874
poi-30-4	1	0.67	11	3	91	783	0.337112	678	0.0377131
poi-30-4	1	0.67	11	3	183	1211	0.3843452	49	0.0021688
poi-30-4	1	0.67	23	1	91	852	0.4556514	88	0.0072487
poi-30-4	1	0.67	23	1	183	1215	0.6042576	123	0.0096154
poi-30-4	1	0.67	23	2	91	871	0.9519951	3129	0.3663134
poi-30-4	1	0.67	23	2	183	1215	0.7141575	155	0.0152685
poi-30-4	1	0.67	23	3	91	887	0.7667765	77	0.0103959
poi-30-4	1	0.67	23	3	183	1215	0.8568069	210	0.0280032
poi-30-4	1	1	11	1	91	788	0.2866999	113	0.0067843
poi-30-4	1	1	11	1	183	1226	0.5677082	46	0.0041842
poi-30-4	1	1	11	2	91	842	0.3601453	1374	0.0763864
poi-30-4	1	1	11	2	183	1226	0.5291453	23	0.0018609
poi-30-4	1	1	11	3	91	842	0.4318873	2473	0.1421106
poi-30-4	1	1	11	3	183	1226	0.515854	6	0.0004904
poi-30-4	1	1	23	1	91	880	0.6792717	4401	0.3170236
poi-30-4	1	1	23	1	183	1226	0.6809152	4	0.0007147
poi-30-4	1	1	23	2	91	932	0.5294171	1729	0.1369002
poi-30-4	1	1	23	2	183	1226	0.634089	7	0.0007
poi-30-4	1	1	23	3	91	1007	0.8497204	4531	0.4039688
poi-30-4	1	1	23	3	183	1252	0.8608911	2004	0.2475392
poi-30-4	1	1.33	11	1	91	880	0.3101229	576	0.0331326
poi-30-4	1	1.33	11	1	183	1395	0.7844651	2012	0.2216182
poi-30-4	1	1.33	11	2	91	916	0.4224034	2214	0.1290471
poi-30-4	1	1.33	11	2	183	1420	1.0936872	5229	0.5561486
poi-30-4	1	1.33	11	3	91	916	0.3255422	386	0.0240677
poi-30-4	1	1.33	11	3	183	1427	0.5835546	539	0.054737
poi-30-4	1	1.33	23	1	91	993	0.6833855	4048	0.3066306
poi-30-4	1	1.33	23	1	183	1457	1.0237976	2425	0.3286778
poi-30-4	1	1.33	23	2	91	1133	0.6318997	2519	0.2126978
poi-30-4	1	1.33	23	2	183	1525	0.6597883	179	0.0200751
poi-30-4	1	1.33	23	3	91	1203	0.514603	297	0.0292156
poi-30-4	1	1.33	23	3	183	1555	0.6645564	401	0.0481476
poi-30-4	2	0.67	11	1	91	798	0.3483263	1524	0.0808579
poi-30-4	2	0.67	11	1	183	1215	0.3676354	169	0.0070196
poi-30-4	2	0.67	11	2	91	813	0.3343412	985	0.0523213
poi-30-4	2	0.67	11	2	183	1215	0.3823622	227	0.0107365
poi-30-4	2	0.67	11	3	91	813	0.5029563	3779	0.2139453
poi-30-4	2	0.67	11	3	183	1215	0.3861453	168	0.0068569
poi-30-4	2	0.67	23	1	91	977	0.8704133	3129	0.3289843
poi-30-4	2	0.67	23	1	183	1215	0.6102583	246	0.0198227
poi-30-4	2	0.67	23	2	91	978	0.707419	94	0.0116082
poi-30-4	2	0.67	23	2	183	1215	0.7123542	64	0.005542
poi-30-4	2	0.67	23	3	91	978	0.7943658	15	0.0019653
poi-30-4	2	0.67	23	3	183	1217	1.2247947	2628	0.413761
poi-30-4	2	1	11	1	91	842	0.3040296	652	0.03416
poi-30-4	2	1	11	1	183	1226	0.5538274	3	0.0004937
poi-30-4	2	1	11	2	91	863	0.3254689	971	0.0526036
poi-30-4	2	1	11	2	183	1226	0.5396492	5	0.0005549
poi-30-4	2	1	11	3	91	863	0.301283	292	0.0166249
poi-30-4	2	1	11	3	183	1226	0.5403796	1	7.75E-05
poi-30-4	2	1	23	1	91	1074	0.7443162	5282	0.3815797
poi-30-4	2	1	23	1	183	1285	0.637774	103	0.0103789
poi-30-4	2	1	23	2	91	1092	0.3892708	78	0.0064204
poi-30-4	2	1	23	2	183	1298	0.7043363	1060	0.1111961
poi-30-4	2	1	23	3	91	1092	0.4384779	139	0.0121179
poi-30-4	2	1	23	3	183	1298	0.5520443	64	0.0066211
poi-30-4	2	1.33	11	1	91	942	0.2857867	121	0.006847
poi-30-4	2	1.33	11	1	183	1400	0.5633999	70	0.0057325
poi-30-4	2	1.33	11	2	91	952	0.3040106	223	0.0131482
poi-30-4	2	1.33	11	2	183	1431	0.5863465	511	0.0483698
poi-30-4	2	1.33	11	3	91	952	0.3037542	12	0.0008691
poi-30-4	2	1.33	11	3	183	1431	0.545584	92	0.0069237
poi-30-4	2	1.33	23	1	91	1281	0.4789558	1013	0.0809159
poi-30-4	2	1.33	23	1	183	1487	0.7418285	1038	0.1150125
poi-30-4	2	1.33	23	2	91	1351	0.5574589	1668	0.1391658
poi-30-4	2	1.33	23	2	183	1549	0.6293999	399	0.0390551
poi-30-4	2	1.33	23	3	91	1389	0.899763	5064	0.452722
poi-30-4	2	1.33	23	3	183	1632	0.6035009	520	0.0566642
poi-30-5	1	0.67	13	1	82	422	0.1648236	96	0.0032391
poi-30-5	1	0.67	13	1	164	1199	0.3834869	39	0.0019344
poi-30-5	1	0.67	13	2	82	441	0.1768898	10	0.0002985
poi-30-5	1	0.67	13	2	164	1206	0.6136999	2890	0.2194464
poi-30-5	1	0.67	13	3	82	441	0.1895154	45	0.0016642
poi-30-5	1	0.67	13	3	164	1199	0.4287336	461	0.0278287
poi-30-5	1	0.67	26	1	82	454	0.2378006	216	0.0101076
poi-30-5	1	0.67	26	1	164	1233	0.6096474	144	0.0111295
poi-30-5	1	0.67	26	2	82	496	0.2725796	34	0.0018616
poi-30-5	1	0.67	26	2	164	1266	1.2975053	3952	0.5644563
poi-30-5	1	0.67	26	3	82	529	0.3140927	35	0.0021657
poi-30-5	1	0.67	26	3	164	1288	1.5304543	4515	0.7151624
poi-30-5	1	1	13	1	82	457	0.3521819	3774	0.1526275
poi-30-5	1	1	13	1	164	1254	0.9040562	3920	0.3919225
poi-30-5	1	1	13	2	82	494	0.2193795	6	0.0002461
poi-30-5	1	1	13	2	164	1254	0.603803	1068	0.1047035
poi-30-5	1	1	13	3	82	494	0.2255272	5	0.0002283
poi-30-5	1	1	13	3	164	1254	0.7843058	2779	0.2756838
poi-30-5	1	1	26	1	82	499	0.2494261	644	0.0284674
poi-30-5	1	1	26	1	164	1318	0.8727559	3022	0.3246478
poi-30-5	1	1	26	2	82	562	0.2492817	46	0.0023108
poi-30-5	1	1	26	2	164	1387	1.0719195	5929	0.5797864
poi-30-5	1	1	26	3	82	612	0.2747375	96	0.0052354
poi-30-5	1	1	26	3	164	1419	0.4974896	131	0.0126095
poi-30-5	1	1.33	13	1	82	480	0.249714	214	0.010785
poi-30-5	1	1.33	13	1	164	1408	0.9403003	4575	0.4473255
poi-30-5	1	1.33	13	2	82	563	0.2439464	2	0.0001069
poi-30-5	1	1.33	13	2	164	1453	1.3061477	8314	0.8124202
poi-30-5	1	1.33	13	3	82	569	0.4468307	3910	0.1977681
poi-30-5	1	1.33	13	3	164	1432	0.7155013	2188	0.2176448
poi-30-5	1	1.33	26	1	82	589	0.3386755	1517	0.0798627
poi-30-5	1	1.33	26	1	164	1499	0.5584313	214	0.0192043
poi-30-5	1	1.33	26	2	82	649	0.2750302	61	0.0036672
poi-30-5	1	1.33	26	2	164	1680	0.6998449	2323	0.2167169
poi-30-5	1	1.33	26	3	82	715	0.3158054	540	0.0307907
poi-30-5	1	1.33	26	3	164	1731	0.6686357	2025	0.1926901
poi-30-5	2	0.67	13	1	82	472	0.1830853	45	0.0014816
poi-30-5	2	0.67	13	1	164	1211	0.6193815	3199	0.2383045
poi-30-5	2	0.67	13	2	82	487	0.2043415	183	0.006979
poi-30-5	2	0.67	13	2	164	1211	0.6039882	2763	0.2102163
poi-30-5	2	0.67	13	3	82	487	0.2055396	109	0.0045238
poi-30-5	2	0.67	13	3	164	1211	0.5694986	2251	0.1688803
poi-30-5	2	0.67	26	1	82	500	0.2674072	11	0.0005001
poi-30-5	2	0.67	26	1	164	1328	0.8096871	1391	0.1650841
poi-30-5	2	0.67	26	2	82	529	0.407662	1009	0.068207
poi-30-5	2	0.67	26	2	164	1357	0.7396106	38	0.0040915
poi-30-5	2	0.67	26	3	82	529	0.4047458	302	0.023526
poi-30-5	2	0.67	26	3	164	1371	0.8158277	47	0.0053987
poi-30-5	2	1	13	1	82	525	0.1964697	34	0.0013748
poi-30-5	2	1	13	1	164	1268	0.5122051	52	0.0037388
poi-30-5	2	1	13	2	82	562	0.2031029	39	0.0017085
poi-30-5	2	1	13	2	164	1268	0.5030135	43	0.0031284
poi-30-5	2	1	13	3	82	562	0.2110427	85	0.0033593
poi-30-5	2	1	13	3	164	1275	0.9377778	4169	0.4242748
poi-30-5	2	1	26	1	82	575	0.232278	28	0.0013539
poi-30-5	2	1	26	1	164	1457	0.9620496	4742	0.4672716
poi-30-5	2	1	26	2	82	612	0.2630142	9	0.0004508
poi-30-5	2	1	26	2	164	1515	1.0349437	6739	0.5942683
poi-30-5	2	1	26	3	82	633	0.2924981	25	0.0016236
poi-30-5	2	1	26	3	164	1527	1.0726751	7173	0.6315183
poi-30-5	2	1.33	13	1	82	594	0.2358782	302	0.0139011
poi-30-5	2	1.33	13	1	164	1414	0.664587	1964	0.1845425
poi-30-5	2	1.33	13	2	82	633	0.231099	39	0.0018596
poi-30-5	2	1.33	13	2	164	1459	0.8326078	3812	0.3567666
poi-30-5	2	1.33	13	3	82	633	0.2341371	50	0.0024978
poi-30-5	2	1.33	13	3	164	1434	0.749551	2833	0.2695121
poi-30-5	2	1.33	26	1	82	672	0.2495756	15	0.0006234
poi-30-5	2	1.33	26	1	164	1685	1.1945391	7126	0.6979222
poi-30-5	2	1.33	26	2	82	741	0.2761619	55	0.0031614
poi-30-5	2	1.33	26	2	164	1798	0.4533532	24	0.0020594
poi-30-5	2	1.33	26	3	82	761	0.4521098	1544	0.1081487
poi-30-5	2	1.33	26	3	164	1876	0.8663605	4619	0.4164047
poi-40-1	1	0.67	12	1	101	1042	0.4961781	0	0
poi-40-1	1	0.67	12	1	202	1600	1.6211413	4723	0.7780825
poi-40-1	1	0.67	12	2	101	1042	0.544499	0	0
poi-40-1	1	0.67	12	2	202	1618	1.8689111	5834	0.994417
poi-40-1	1	0.67	12	3	101	1042	0.5612259	0	0
poi-40-1	1	0.67	12	3	202	1606	0.9255607	280	0.0370758
poi-40-1	1	0.67	24	1	101	1083	0.7974505	51	0.0065434
poi-40-1	1	0.67	24	1	202	1673	1.3631945	216	0.0311917
poi-40-1	1	0.67	24	2	101	1116	1.111047	386	0.0673568
poi-40-1	1	0.67	24	2	202	1703	1.6606062	261	0.0470173
poi-40-1	1	0.67	24	3	101	1143	1.2267855	250	0.0412726
poi-40-1	1	0.67	24	3	202	1717	5.1676776	9208	3.3377365
poi-40-1	1	1	12	1	101	1079	0.8551809	2451	0.2832572
poi-40-1	1	1	12	1	202	1637	1.5046938	1220	0.265425
poi-40-1	1	1	12	2	101	1084	0.5194394	54	0.0058425
poi-40-1	1	1	12	2	202	1644	1.1563483	315	0.0483923
poi-40-1	1	1	12	3	101	1084	0.6003196	761	0.0800484
poi-40-1	1	1	12	3	202	1659	1.1181851	188	0.0275348
poi-40-1	1	1	24	1	101	1187	1.3479317	4894	0.6605458
poi-40-1	1	1	24	1	202	1745	1.9588777	2867	0.6976809
poi-40-1	1	1	24	2	101	1218	0.7674683	1132	0.1419864
poi-40-1	1	1	24	2	202	1834	1.2060574	1057	0.1826283
poi-40-1	1	1	24	3	101	1285	1.2654301	4283	0.586716
poi-40-1	1	1	24	3	202	1865	2.038869	5395	1.0464278
poi-40-1	1	1.34	12	1	101	1250	0.5673728	6	0.0006889
poi-40-1	1	1.34	12	1	202	1870	3.3277361	9282	2.1579076
poi-40-1	1	1.34	12	2	101	1279	0.5482413	244	0.025452
poi-40-1	1	1.34	12	2	202	1924	1.3432374	1546	0.2887045
poi-40-1	1	1.34	12	3	101	1296	0.6540814	1165	0.1225959
poi-40-1	1	1.34	12	3	202	1949	1.1939946	673	0.1271337
poi-40-1	1	1.34	24	1	101	1288	0.8928376	1237	0.1763256
poi-40-1	1	1.34	24	1	202	2007	2.2291193	3785	0.9448353
poi-40-1	1	1.34	24	2	101	1491	1.0948004	3515	0.449928
poi-40-1	1	1.34	24	2	202	2239	1.1639906	683	0.1221724
poi-40-1	1	1.34	24	3	101	1554	0.9539848	1813	0.2539026
poi-40-1	1	1.34	24	3	202	2281	1.0048318	27	0.0047178
poi-40-1	2	0.67	12	1	101	1054	0.5139047	150	0.0126057
poi-40-1	2	0.67	12	1	202	1633	1.4962561	3700	0.6215068
poi-40-1	2	0.67	12	2	101	1054	0.5449778	89	0.0075367
poi-40-1	2	0.67	12	2	202	1633	1.369085	3156	0.5049752
poi-40-1	2	0.67	12	3	101	1054	0.5536489	151	0.0141848
poi-40-1	2	0.67	12	3	202	1633	0.9430962	345	0.0409106
poi-40-1	2	0.67	24	1	101	1170	0.880475	6	0.0011607
poi-40-1	2	0.67	24	1	202	1718	2.0180078	2642	0.6653415
poi-40-1	2	0.67	24	2	101	1199	1.0927993	1	0.0001451
poi-40-1	2	0.67	24	2	202	1757	1.9009944	1252	0.3286266
poi-40-1	2	0.67	24	3	101	1199	1.231222	3	0.0008782
poi-40-1	2	0.67	24	3	202	1765	1.80788	319	0.0646508
poi-40-1	2	1	12	1	101	1167	0.6202579	841	0.0875512
poi-40-1	2	1	12	1	202	1706	1.5974803	1923	0.4189634
poi-40-1	2	1	12	2	101	1167	0.5460347	612	0.0601108
poi-40-1	2	1	12	2	202	1719	1.1360967	76	0.0094481
poi-40-1	2	1	12	3	101	1167	0.505901	49	0.0046166
poi-40-1	2	1	12	3	202	1719	1.2694354	733	0.1367205
poi-40-1	2	1	24	1	101	1318	1.29161	5430	0.6697856
poi-40-1	2	1	24	1	202	1873	1.2647181	843	0.1731648
poi-40-1	2	1	24	2	101	1388	1.3649147	6815	0.7882656
poi-40-1	2	1	24	2	202	1893	1.003407	140	0.020068
poi-40-1	2	1	24	3	101	1398	0.6611965	354	0.0439322
poi-40-1	2	1	24	3	202	1893	0.9706167	11	0.0022992
poi-40-1	2	1.34	12	1	101	1370	0.5722856	299	0.0305272
poi-40-1	2	1.34	12	1	202	1930	1.7761276	2706	0.6156581
poi-40-1	2	1.34	12	2	101	1399	0.6195472	1389	0.1366715
poi-40-1	2	1.34	12	2	202	1984	1.824917	3767	0.7694478
poi-40-1	2	1.34	12	3	101	1399	0.6176588	1112	0.112471
poi-40-1	2	1.34	12	3	202	2004	1.2691056	1055	0.2032503
poi-40-1	2	1.34	24	1	101	1556	1.6751596	8370	1.0471207
poi-40-1	2	1.34	24	1	202	2206	1.9594392	4111	0.8672217
poi-40-1	2	1.34	24	2	101	1657	0.6820777	840	0.0974146
poi-40-1	2	1.34	24	2	202	2333	2.4774262	7797	1.4955847
poi-40-1	2	1.34	24	3	101	1764	1.2143223	4642	0.5823705
poi-40-1	2	1.34	24	3	202	2363	0.9763703	87	0.012588
poi-40-2	1	0.67	12	1	97	838	0.8395096	4512	0.3966297
poi-40-2	1	0.67	12	1	194	1660	1.2599579	3368	0.4849549
poi-40-2	1	0.67	12	2	97	846	0.4836462	66	0.0048787
poi-40-2	1	0.67	12	2	194	1660	2.4025177	9623	1.5696046
poi-40-2	1	0.67	12	3	97	846	0.5123567	134	0.0109373
poi-40-2	1	0.67	12	3	194	1660	1.2591569	2577	0.4115702
poi-40-2	1	0.67	24	1	97	894	0.696746	156	0.0162915
poi-40-2	1	0.67	24	1	194	1696	1.5002001	604	0.1382725
poi-40-2	1	0.67	24	2	97	918	0.8685972	122	0.0173417
poi-40-2	1	0.67	24	2	194	1700	2.4110024	2529	0.7779433
poi-40-2	1	0.67	24	3	97	918	1.0154666	283	0.0422647
poi-40-2	1	0.67	24	3	194	1705	1.9803493	396	0.1155598
poi-40-2	1	1	12	1	97	886	0.5648863	637	0.0617175
poi-40-2	1	1	12	1	194	1699	1.6282148	2571	0.5340591
poi-40-2	1	1	12	2	97	898	0.484792	319	0.0314564
poi-40-2	1	1	12	2	194	1699	1.0260346	348	0.0557161
poi-40-2	1	1	12	3	97	903	0.6226053	1516	0.1452838
poi-40-2	1	1	12	3	194	1728	1.0545242	589	0.0966854
poi-40-2	1	1	24	1	97	935	0.6750685	733	0.0864907
poi-40-2	1	1	24	1	194	1765	1.8006179	1825	0.4735571
poi-40-2	1	1	24	2	97	999	0.6517424	768	0.0869566
poi-40-2	1	1	24	2	194	1830	2.1545777	5518	1.1295799
poi-40-2	1	1	24	3	97	1035	0.6912021	770	0.094375
poi-40-2	1	1	24	3	194	1850	1.2375163	1493	0.2716903
poi-40-2	1	1.34	12	1	97	986	1.0106413	5181	0.5119734
poi-40-2	1	1.34	12	1	194	1939	1.9984877	4601	0.9435626
poi-40-2	1	1.34	12	2	97	1050	0.5021929	355	0.0334564
poi-40-2	1	1.34	12	2	194	1974	1.2950783	1845	0.3165628
poi-40-2	1	1.34	12	3	97	1090	0.7552885	2828	0.2731631
poi-40-2	1	1.34	12	3	194	2008	1.4131896	2516	0.4434749
poi-40-2	1	1.34	24	1	97	1079	0.9724444	2747	0.3417649
poi-40-2	1	1.34	24	1	194	2106	2.5581215	4752	1.2050658
poi-40-2	1	1.34	24	2	97	1226	0.8200903	1998	0.2332496
poi-40-2	1	1.34	24	2	194	2225	2.5447622	7469	1.5024493
poi-40-2	1	1.34	24	3	97	1306	0.6412001	169	0.0215937
poi-40-2	1	1.34	24	3	194	2303	2.0276512	5516	1.0510152
poi-40-2	2	0.67	12	1	97	846	1.0774647	6986	0.6266132
poi-40-2	2	0.67	12	1	194	1668	1.0137493	1639	0.2345
poi-40-2	2	0.67	12	2	97	846	0.6467091	2012	0.1819903
poi-40-2	2	0.67	12	2	194	1668	0.9390935	860	0.1179392
poi-40-2	2	0.67	12	3	97	846	0.504753	314	0.0250746
poi-40-2	2	0.67	12	3	194	1668	0.8854814	396	0.0495276
poi-40-2	2	0.67	24	1	97	969	1.1465305	2538	0.379002
poi-40-2	2	0.67	24	1	194	1737	1.8837533	2435	0.5963043
poi-40-2	2	0.67	24	2	97	978	0.955162	368	0.0565407
poi-40-2	2	0.67	24	2	194	1739	3.0705069	5551	1.5987186
poi-40-2	2	0.67	24	3	97	1010	1.1161508	726	0.1323601
poi-40-2	2	0.67	24	3	194	1739	3.0029314	4492	1.419067
poi-40-2	2	1	12	1	97	946	0.4864981	207	0.0171276
poi-40-2	2	1	12	1	194	1736	1.1815228	808	0.1449104
poi-40-2	2	1	12	2	97	953	0.4490635	122	0.0104635
poi-40-2	2	1	12	2	194	1736	0.9902513	57	0.0071461
poi-40-2	2	1	12	3	97	953	0.4425906	1	0.0002191
poi-40-2	2	1	12	3	194	1736	0.9802329	8	0.0010845
poi-40-2	2	1	24	1	97	1140	0.7011103	1198	0.13324
poi-40-2	2	1	24	1	194	1885	3.2448206	10077	2.1491541
poi-40-2	2	1	24	2	97	1237	0.7001778	1694	0.1780239
poi-40-2	2	1	24	2	194	1950	1.0985432	912	0.1500167
poi-40-2	2	1	24	3	97	1393	0.8599961	2896	0.3147705
poi-40-2	2	1	24	3	194	1950	0.9729387	324	0.0474933
poi-40-2	2	1.34	12	1	97	1146	0.498287	485	0.0436357
poi-40-2	2	1.34	12	1	194	1995	2.6877258	8768	1.7037303
poi-40-2	2	1.34	12	2	97	1183	0.4579434	407	0.0332811
poi-40-2	2	1.34	12	2	194	2036	1.2610716	1711	0.316685
poi-40-2	2	1.34	12	3	97	1183	0.6441929	2438	0.2104368
poi-40-2	2	1.34	12	3	194	2023	0.9905294	305	0.0460725
poi-40-2	2	1.34	24	1	97	1382	1.007937	3798	0.4342807
poi-40-2	2	1.34	24	1	194	2234	1.5572579	2282	0.4731188
poi-40-2	2	1.34	24	2	97	1548	1.0053411	4232	0.4603564
poi-40-2	2	1.34	24	2	194	2368	1.1566362	1040	0.1846024
poi-40-2	2	1.34	24	3	97	1764	1.6095572	9104	1.0372061
poi-40-2	2	1.34	24	3	194	2411	1.7013703	4058	0.7635887
poi-40-3	1	0.67	13	1	97	684	0.3293148	39	0.0025449
poi-40-3	1	0.67	13	1	195	1469	0.843795	318	0.0350427
poi-40-3	1	0.67	13	2	97	684	0.3517855	98	0.0063417
poi-40-3	1	0.67	13	2	195	1481	1.2516163	2878	0.4480868
poi-40-3	1	0.67	13	3	97	684	0.3970915	747	0.0512823
poi-40-3	1	0.67	13	3	195	1469	0.8777476	427	0.0497752
poi-40-3	1	0.67	27	1	97	782	0.5170823	107	0.010551
poi-40-3	1	0.67	27	1	195	1521	1.334753	67	0.0108084
poi-40-3	1	0.67	27	2	97	818	0.6817935	416	0.0496203
poi-40-3	1	0.67	27	2	195	1583	1.7196084	117	0.0247736
poi-40-3	1	0.67	27	3	97	842	0.9677562	1555	0.2311204
poi-40-3	1	0.67	27	3	195	1603	2.0855897	349	0.0922506
poi-40-3	1	1	13	1	97	723	0.3874919	238	0.0177637
poi-40-3	1	1	13	1	195	1532	1.4607215	2115	0.4227432
poi-40-3	1	1	13	2	97	723	0.3901577	121	0.0095515
poi-40-3	1	1	13	2	195	1570	1.4012705	2371	0.4401874
poi-40-3	1	1	13	3	97	727	0.465837	1045	0.0806757
poi-40-3	1	1	13	3	195	1537	1.7922312	4260	0.8097331
poi-40-3	1	1	27	1	97	851	0.4607406	11	0.0011429
poi-40-3	1	1	27	1	195	1596	1.9135643	3755	0.8041648
poi-40-3	1	1	27	2	97	904	0.4983136	242	0.0244855
poi-40-3	1	1	27	2	195	1735	1.2634234	2236	0.3780939
poi-40-3	1	1	27	3	97	971	0.6367794	1142	0.119693
poi-40-3	1	1	27	3	195	1798	1.3928785	3109	0.5292668
poi-40-3	1	1.34	13	1	97	796	0.4003594	215	0.0164045
poi-40-3	1	1.34	13	1	195	1718	1.180562	818	0.1461255
poi-40-3	1	1.34	13	2	97	804	0.4007546	168	0.0127571
poi-40-3	1	1.34	13	2	195	1736	2.4754636	7901	1.5103658
poi-40-3	1	1.34	13	3	97	819	0.6241729	3069	0.2406198
poi-40-3	1	1.34	13	3	195	1781	0.9629465	63	0.0078927
poi-40-3	1	1.34	27	1	97	981	0.5180508	216	0.0218804
poi-40-3	1	1.34	27	1	195	1837	1.7631289	2946	0.6462442
poi-40-3	1	1.34	27	2	97	1078	0.6533606	1493	0.1502752
poi-40-3	1	1.34	27	2	195	2068	2.274878	7888	1.3894773
poi-40-3	1	1.34	27	3	97	1232	0.6042739	455	0.0523575
poi-40-3	1	1.34	27	3	195	2186	1.0533565	1121	0.1908389
poi-40-3	2	0.67	13	1	97	714	0.3491212	117	0.0083163
poi-40-3	2	0.67	13	1	195	1499	0.7909517	28	0.0027037
poi-40-3	2	0.67	13	2	97	714	0.3981124	546	0.0375911
poi-40-3	2	0.67	13	2	195	1513	1.6331475	5166	0.824654
poi-40-3	2	0.67	13	3	97	714	0.4756861	1499	0.1087462
poi-40-3	2	0.67	13	3	195	1499	0.8362483	153	0.0156786
poi-40-3	2	0.67	27	1	97	899	0.6437921	6	0.0011024
poi-40-3	2	0.67	27	1	195	1670	1.3904261	157	0.0296425
poi-40-3	2	0.67	27	2	97	1013	1.1903359	2301	0.3780026
poi-40-3	2	0.67	27	2	195	1695	1.931939	1165	0.3369188
poi-40-3	2	0.67	27	3	97	1067	1.6641877	4886	0.8205813
poi-40-3	2	0.67	27	3	195	1695	2.2103788	1457	0.4813404
poi-40-3	2	1	13	1	97	802	0.3987978	658	0.0475634
poi-40-3	2	1	13	1	195	1568	1.8295515	4406	0.8512103
poi-40-3	2	1	13	2	97	812	0.3804151	299	0.0213932
poi-40-3	2	1	13	2	195	1606	1.7807275	4397	0.8290732
poi-40-3	2	1	13	3	97	812	0.400925	364	0.0278602
poi-40-3	2	1	13	3	195	1583	1.0729075	709	0.1199235
poi-40-3	2	1	27	1	97	1040	0.8510051	4506	0.4039063
poi-40-3	2	1	27	1	195	1816	2.0218865	5096	1.0127191
poi-40-3	2	1	27	2	97	1232	0.859503	4299	0.3980669
poi-40-3	2	1	27	2	195	1868	0.8663163	99	0.0125499
poi-40-3	2	1	27	3	97	1324	0.5708064	801	0.0785406
poi-40-3	2	1	27	3	195	1899	0.8663981	280	0.0411941
poi-40-3	2	1.34	13	1	97	860	0.4050526	612	0.0445787
poi-40-3	2	1.34	13	1	195	1808	0.9949133	131	0.0167803
poi-40-3	2	1.34	13	2	97	923	0.4120589	581	0.0458824
poi-40-3	2	1.34	13	2	195	1836	1.0059381	515	0.0754122
poi-40-3	2	1.34	13	3	97	923	0.3991358	206	0.015594
poi-40-3	2	1.34	13	3	195	1844	1.0596382	694	0.1144071
poi-40-3	2	1.34	27	1	97	1238	0.6391036	2026	0.1816021
poi-40-3	2	1.34	27	1	195	2148	1.021355	11	0.0018742
poi-40-3	2	1.34	27	2	97	1507	0.9159175	4658	0.4406421
poi-40-3	2	1.34	27	2	195	2301	0.9767577	677	0.1052843
poi-40-3	2	1.34	27	3	97	1632	1.2652571	7414	0.7548405
poi-40-3	2	1.34	27	3	195	2333	0.9959574	874	0.1455884
poi-40-4	1	0.67	13	1	103	600	0.3872363	127	0.0082925
poi-40-4	1	0.67	13	1	207	1549	0.8661689	402	0.0569394
poi-40-4	1	0.67	13	2	103	600	0.400047	173	0.0137149
poi-40-4	1	0.67	13	2	207	1586	0.9817027	933	0.1360249
poi-40-4	1	0.67	13	3	103	600	0.404871	9	0.000775
poi-40-4	1	0.67	13	3	207	1573	1.1955159	2023	0.3277045
poi-40-4	1	0.67	27	1	103	627	0.5612827	915	0.0839154
poi-40-4	1	0.67	27	1	207	1611	2.4773746	4500	1.1558544
poi-40-4	1	0.67	27	2	103	690	1.1715306	5360	0.6043203
poi-40-4	1	0.67	27	2	207	1667	1.6878049	146	0.0263189
poi-40-4	1	0.67	27	3	103	725	1.2002886	4479	0.5626756
poi-40-4	1	0.67	27	3	207	1676	1.9956333	431	0.1305072
poi-40-4	1	1	13	1	103	635	0.5034699	1377	0.1115998
poi-40-4	1	1	13	1	207	1596	1.4393579	1862	0.3778159
poi-40-4	1	1	13	2	103	635	0.5211418	1075	0.0929215
poi-40-4	1	1	13	2	207	1644	1.4558558	2919	0.5319501
poi-40-4	1	1	13	3	103	635	0.4335179	8	0.0006723
poi-40-4	1	1	13	3	207	1648	0.9609037	116	0.0150236
poi-40-4	1	1	27	1	103	708	0.9458095	5447	0.4908166
poi-40-4	1	1	27	1	207	1662	2.4996641	5071	1.2494359
poi-40-4	1	1	27	2	103	830	0.5503092	741	0.0710679
poi-40-4	1	1	27	2	207	1892	2.4110941	7251	1.4248333
poi-40-4	1	1	27	3	103	876	0.9374075	4146	0.4218141
poi-40-4	1	1	27	3	207	1905	1.0087254	477	0.0769753
poi-40-4	1	1.34	13	1	103	691	0.4302517	131	0.0107973
poi-40-4	1	1.34	13	1	207	1851	1.4471946	1672	0.3486632
poi-40-4	1	1.34	13	2	103	736	0.4420557	54	0.004828
poi-40-4	1	1.34	13	2	207	1956	1.1469383	1024	0.169861
poi-40-4	1	1.34	13	3	103	736	0.4922508	380	0.0346706
poi-40-4	1	1.34	13	3	207	2007	2.0104574	5585	1.0403985
poi-40-4	1	1.34	27	1	103	787	0.587112	1149	0.1066068
poi-40-4	1	1.34	27	1	207	1902	1.4130718	661	0.1368343
poi-40-4	1	1.34	27	2	103	983	0.8353135	3225	0.3288976
poi-40-4	1	1.34	27	2	207	2200	1.9371186	4830	0.9463347
poi-40-4	1	1.34	27	3	103	1067	0.6626672	1161	0.1246145
poi-40-4	1	1.34	27	3	207	2398	1.5216469	3037	0.5696892
poi-40-4	2	0.67	13	1	103	623	0.3857707	123	0.0080688
poi-40-4	2	0.67	13	1	207	1593	0.8384506	317	0.0380794
poi-40-4	2	0.67	13	2	103	641	0.4269267	695	0.0539408
poi-40-4	2	0.67	13	2	207	1597	0.8717269	398	0.0465876
poi-40-4	2	0.67	13	3	103	641	0.4496208	586	0.0452978
poi-40-4	2	0.67	13	3	207	1597	0.8763234	308	0.0403649
poi-40-4	2	0.67	27	1	103	723	0.7309054	1537	0.1689165
poi-40-4	2	0.67	27	1	207	1709	1.4543826	214	0.0403365
poi-40-4	2	0.67	27	2	103	818	0.6505018	244	0.0282928
poi-40-4	2	0.67	27	2	207	1719	1.8975592	769	0.2261189
poi-40-4	2	0.67	27	3	103	820	1.0129827	2636	0.3450617
poi-40-4	2	0.67	27	3	207	1732	2.6306028	2349	0.8204302
poi-40-4	2	1	13	1	103	682	0.4382268	779	0.0579048
poi-40-4	2	1	13	1	207	1648	1.0670571	389	0.057681
poi-40-4	2	1	13	2	103	709	0.3848036	71	0.0055857
poi-40-4	2	1	13	2	207	1657	1.469901	2890	0.5354013
poi-40-4	2	1	13	3	103	709	0.4272922	467	0.0366921
poi-40-4	2	1	13	3	207	1657	1.4051879	2379	0.4530092
poi-40-4	2	1	27	1	103	854	0.4818695	564	0.0501006
poi-40-4	2	1	27	1	207	1878	2.7368014	8633	1.728329
poi-40-4	2	1	27	2	103	1025	0.4617783	41	0.0039806
poi-40-4	2	1	27	2	207	1948	0.9023427	27	0.0039068
poi-40-4	2	1	27	3	103	1033	0.8191354	3731	0.3514046
poi-40-4	2	1	27	3	207	1948	0.8880272	46	0.006602
poi-40-4	2	1.34	13	1	103	738	0.4338925	272	0.0233022
poi-40-4	2	1.34	13	1	207	1939	1.1752123	956	0.1726387
poi-40-4	2	1.34	13	2	103	798	0.6350209	2453	0.20877
poi-40-4	2	1.34	13	2	207	1983	1.4381311	3079	0.544061
poi-40-4	2	1.34	13	3	103	806	0.4682859	290	0.0268345
poi-40-4	2	1.34	13	3	207	1999	1.0715155	882	0.1484584
poi-40-4	2	1.34	27	1	103	1016	0.7220785	3036	0.2708629
poi-40-4	2	1.34	27	1	207	2171	1.1507258	857	0.1410685
poi-40-4	2	1.34	27	2	103	1276	0.6885001	2163	0.2054721
poi-40-4	2	1.34	27	2	207	2425	0.9635736	367	0.0536554
poi-40-4	2	1.34	27	3	103	1276	0.5183547	7	0.0008179
poi-40-4	2	1.34	27	3	207	2459	2.4178724	8350	1.5068895
poi-40-5	1	0.67	12	1	105	761	0.4820734	449	0.0376856
poi-40-5	1	0.67	12	1	211	1624	1.6500731	6399	0.9219342
poi-40-5	1	0.67	12	2	105	848	1.3879945	9474	0.9035475
poi-40-5	1	0.67	12	2	211	1650	0.9405	1659	0.2287887
poi-40-5	1	0.67	12	3	105	878	0.7802307	3118	0.2962291
poi-40-5	1	0.67	12	3	211	1636	1.3542731	4196	0.6148278
poi-40-5	1	0.67	25	1	105	935	1.4100503	5547	0.7379772
poi-40-5	1	0.67	25	1	211	1670	1.8702413	1579	0.4243868
poi-40-5	1	0.67	25	2	105	906	0.8926971	545	0.0798175
poi-40-5	1	0.67	25	2	211	1682	3.9753384	7163	2.3019402
poi-40-5	1	0.67	25	3	105	1013	1.0630807	713	0.1212547
poi-40-5	1	0.67	25	3	211	1703	1.9213376	456	0.1203933
poi-40-5	1	1	12	1	105	907	0.5292641	2683	0.1830127
poi-40-5	1	1	12	1	211	1637	0.6561502	77	0.0118672
poi-40-5	1	1	12	2	105	937	0.6528251	3704	0.2720023
poi-40-5	1	1	12	2	211	1665	0.6683752	79	0.0106421
poi-40-5	1	1	12	3	105	920	0.4153467	284	0.0230937
poi-40-5	1	1	12	3	211	1685	0.688269	411	0.0570344
poi-40-5	1	1	25	1	105	1014	0.909727	4662	0.4401195
poi-40-5	1	1	25	1	211	1711	1.1959345	1413	0.2580014
poi-40-5	1	1	25	2	105	1081	0.6798197	1137	0.1253596
poi-40-5	1	1	25	2	211	1836	1.5599616	4418	0.7226176
poi-40-5	1	1	25	3	105	1108	0.9254844	3286	0.3661804
poi-40-5	1	1	25	3	211	1867	1.1367745	1765	0.2906406
poi-40-5	1	1.34	12	1	105	904	0.4011763	845	0.0592097
poi-40-5	1	1.34	12	1	211	1841	0.6241711	68	0.0103484
poi-40-5	1	1.34	12	2	105	930	0.4002046	18	0.0016098
poi-40-5	1	1.34	12	2	211	1877	0.6649653	22	0.0030972
poi-40-5	1	1.34	12	3	105	1049	0.9503875	6761	0.5459675
poi-40-5	1	1.34	12	3	211	1872	0.6566143	17	0.0026513
poi-40-5	1	1.34	25	1	105	1132	0.6877123	2130	0.2045236
poi-40-5	1	1.34	25	1	211	2025	1.0140628	91	0.0151554
poi-40-5	1	1.34	25	2	105	1264	0.6619394	663	0.0774951
poi-40-5	1	1.34	25	2	211	2245	0.872743	103	0.014696
poi-40-5	1	1.34	25	3	105	1419	0.8509642	2364	0.2750299
poi-40-5	1	1.34	25	3	211	2321	0.8950068	157	0.0229099
poi-40-5	2	0.67	12	1	105	915	0.6979177	2938	0.2549598
poi-40-5	2	0.67	12	1	211	1637	1.2795148	4244	0.5791497
poi-40-5	2	0.67	12	2	105	920	0.5571302	980	0.0871247
poi-40-5	2	0.67	12	2	211	1650	0.7222526	73	0.0067699
poi-40-5	2	0.67	12	3	105	938	0.591995	1129	0.1072226
poi-40-5	2	0.67	12	3	211	1650	0.9800606	1819	0.2576754
poi-40-5	2	0.67	25	1	105	1079	1.8600657	6043	1.0132888
poi-40-5	2	0.67	25	1	211	1734	2.949875	5765	1.5353673
poi-40-5	2	0.67	25	2	105	1166	2.0358855	4980	1.0059261
poi-40-5	2	0.67	25	2	211	1734	1.5985324	108	0.0238256
poi-40-5	2	0.67	25	3	105	1167	1.3797462	1302	0.2733512
poi-40-5	2	0.67	25	3	211	1751	2.5579822	2832	0.8804476
poi-40-5	2	1	12	1	105	999	0.363271	227	0.0164773
poi-40-5	2	1	12	1	211	1675	1.1312911	4398	0.5257728
poi-40-5	2	1	12	2	105	999	0.3703768	166	0.0109529
poi-40-5	2	1	12	2	211	1687	0.8646908	1642	0.2044235
poi-40-5	2	1	12	3	105	1027	0.7817159	5711	0.4187077
poi-40-5	2	1	12	3	211	1691	0.8522162	1462	0.1959467
poi-40-5	2	1	25	1	105	1246	0.541899	845	0.0784391
poi-40-5	2	1	25	1	211	1867	0.9007791	536	0.0811747
poi-40-5	2	1	25	2	105	1425	0.5599623	631	0.0637067
poi-40-5	2	1	25	2	211	1897	0.8407638	152	0.0190988
poi-40-5	2	1	25	3	105	1481	0.6923211	1474	0.1572633
poi-40-5	2	1	25	3	211	1897	0.8593713	13	0.001886
poi-40-5	2	1.34	12	1	105	1123	0.3672883	109	0.0087157
poi-40-5	2	1.34	12	1	211	1880	0.6460275	23	0.0036269
poi-40-5	2	1.34	12	2	105	1157	0.6931799	4069	0.31072
poi-40-5	2	1.34	12	2	211	1955	1.0430151	2980	0.3820717
poi-40-5	2	1.34	12	3	105	1184	0.4659155	986	0.0776358
poi-40-5	2	1.34	12	3	211	1930	0.643518	9	0.0017154
poi-40-5	2	1.34	25	1	105	1450	1.2344318	8361	0.7692833
poi-40-5	2	1.34	25	1	211	2228	1.110081	2131	0.332881
poi-40-5	2	1.34	25	2	105	1710	1.0723573	5564	0.5634934
poi-40-5	2	1.34	25	2	211	2330	1.5280366	4209	0.6946504
poi-40-5	2	1.34	25	3	105	1846	0.7860124	2223	0.2448068
poi-40-5	2	1.34	25	3	211	2371	1.1664428	1838	0.2948689
poi-50-1	1	0.67	12	1	108	972	0.7038904	218	0.0258411
poi-50-1	1	0.67	12	1	217	1921	3.0013019	5102	1.504089
poi-50-1	1	0.67	12	2	108	991	0.7600961	293	0.0382949
poi-50-1	1	0.67	12	2	217	1919	1.664395	343	0.0905599
poi-50-1	1	0.67	12	3	108	991	0.768567	247	0.0343331
poi-50-1	1	0.67	12	3	217	1939	3.9204212	7476	2.3342113
poi-50-1	1	0.67	25	1	108	1033	1.1479578	1234	0.2209666
poi-50-1	1	0.67	25	1	217	2030	2.5681103	186	0.0526394
poi-50-1	1	0.67	25	2	108	1048	1.1485386	167	0.0309561
poi-50-1	1	0.67	25	2	217	2077	3.2305972	98	0.0369059
poi-50-1	1	0.67	25	3	108	1069	1.7683661	2186	0.5236593
poi-50-1	1	0.67	25	3	217	2140	4.1640787	871	0.5709005
poi-50-1	1	1	12	1	108	997	0.6506735	34	0.0040941
poi-50-1	1	1	12	1	217	1984	4.1663217	7335	2.4571534
poi-50-1	1	1	12	2	108	1026	0.6291422	24	0.0031225
poi-50-1	1	1	12	2	217	2044	2.1003521	1865	0.5303012
poi-50-1	1	1	12	3	108	1026	0.6442501	94	0.0114273
poi-50-1	1	1	12	3	217	2044	1.8095469	983	0.2630316
poi-50-1	1	1	25	1	108	1097	1.0222267	1692	0.2541589
poi-50-1	1	1	25	1	217	2135	4.2966317	5266	2.1783951
poi-50-1	1	1	25	2	108	1138	1.2594234	3484	0.5200251
poi-50-1	1	1	25	2	217	2332	2.3234495	2124	0.6616398
poi-50-1	1	1	25	3	108	1180	0.8265223	535	0.0802969
poi-50-1	1	1	25	3	217	2399	3.9053633	7948	2.3759892
poi-50-1	1	1.34	12	1	108	1148	1.253326	4502	0.5882478
poi-50-1	1	1.34	12	1	217	2268	3.808445	6251	2.0998451
poi-50-1	1	1.34	12	2	108	1185	0.6899105	378	0.0479187
poi-50-1	1	1.34	12	2	217	2428	3.1437083	5303	1.6064638
poi-50-1	1	1.34	12	3	108	1185	0.6384853	40	0.0048882
poi-50-1	1	1.34	12	3	217	2457	2.0817393	1871	0.5314284
poi-50-1	1	1.34	25	1	108	1219	0.9134706	958	0.1512431
poi-50-1	1	1.34	25	1	217	2388	2.6000244	1145	0.4642542
poi-50-1	1	1.34	25	2	108	1359	2.2071321	10098	1.4757931
poi-50-1	1	1.34	25	2	217	2842	3.3205341	5078	1.637134
poi-50-1	1	1.34	25	3	108	1440	1.0363758	1752	0.2672871
poi-50-1	1	1.34	25	3	217	2961	2.5988325	3537	1.061161
poi-50-1	2	0.67	12	1	108	1016	0.7319159	192	0.0238711
poi-50-1	2	0.67	12	1	217	1998	3.9028834	8018	2.38457
poi-50-1	2	0.67	12	2	108	1016	0.7514964	250	0.0311208
poi-50-1	2	0.67	12	2	217	2005	1.8053258	974	0.2641124
poi-50-1	2	0.67	12	3	108	1016	0.8124328	543	0.07445
poi-50-1	2	0.67	12	3	217	2022	1.6965958	548	0.138172
poi-50-1	2	0.67	25	1	108	1151	1.2757891	28	0.0052255
poi-50-1	2	0.67	25	1	217	2176	2.9597339	391	0.1542079
poi-50-1	2	0.67	25	2	108	1244	1.5775033	294	0.0771014
poi-50-1	2	0.67	25	2	217	2209	3.5264345	848	0.4476953
poi-50-1	2	0.67	25	3	108	1291	3.1992536	4561	1.519399
poi-50-1	2	0.67	25	3	217	2214	4.2655691	1719	1.0582554
poi-50-1	2	1	12	1	108	1074	0.662055	29	0.0037135
poi-50-1	2	1	12	1	217	2217	1.6797948	226	0.0506122
poi-50-1	2	1	12	2	108	1074	0.6872776	505	0.0631211
poi-50-1	2	1	12	2	217	2234	1.7576963	848	0.2237955
poi-50-1	2	1	12	3	108	1074	0.6602701	170	0.0200427
poi-50-1	2	1	12	3	217	2234	1.6570164	571	0.1232036
poi-50-1	2	1	25	1	108	1371	0.7910059	345	0.0512246
poi-50-1	2	1	25	1	217	2431	2.9762168	3271	1.1610165
poi-50-1	2	1	25	2	108	1566	1.1276659	2962	0.4158649
poi-50-1	2	1	25	2	217	2431	1.5457983	12	0.0024974
poi-50-1	2	1	25	3	108	1643	0.9798884	1909	0.2663184
poi-50-1	2	1	25	3	217	2431	1.4747049	19	0.0040414
poi-50-1	2	1.34	12	1	108	1249	0.7532291	709	0.090307
poi-50-1	2	1.34	12	1	217	2588	2.7790183	3920	1.19192
poi-50-1	2	1.34	12	2	108	1266	0.7475862	901	0.1117613
poi-50-1	2	1.34	12	2	217	2639	3.0661038	5398	1.5651233
poi-50-1	2	1.34	12	3	108	1270	0.7320116	777	0.09667
poi-50-1	2	1.34	12	3	217	2655	2.4378612	3309	0.9424971
poi-50-1	2	1.34	25	1	108	1606	1.1766248	2878	0.4231877
poi-50-1	2	1.34	25	1	217	2885	3.2916327	4160	1.4860938
poi-50-1	2	1.34	25	2	108	1959	1.457808	5294	0.7509264
poi-50-1	2	1.34	25	2	217	3080	2.7658285	4065	1.2078515
poi-50-1	2	1.34	25	3	108	1991	1.1233137	2775	0.4033737
poi-50-1	2	1.34	25	3	217	3089	2.6430367	3696	1.1117596
poi-50-2	1	0.67	12	1	112	1443	1.0314243	233	0.0375165
poi-50-2	1	0.67	12	1	225	2066	1.7980175	775	0.2309062
poi-50-2	1	0.67	12	2	112	1459	1.1861185	237	0.0463996
poi-50-2	1	0.67	12	2	225	2076	3.4775576	6055	1.8686381
poi-50-2	1	0.67	12	3	112	1479	1.1883152	24	0.0039545
poi-50-2	1	0.67	12	3	225	2080	1.6357948	13	0.00265
poi-50-2	1	0.67	24	1	112	1479	1.5933568	749	0.1991827
poi-50-2	1	0.67	24	1	225	2120	3.477207	1520	0.7780535
poi-50-2	1	0.67	24	2	112	1517	1.8323614	232	0.0663586
poi-50-2	1	0.67	24	2	225	2159	3.4740917	304	0.1506948
poi-50-2	1	0.67	24	3	112	1518	2.1294857	141	0.044513
poi-50-2	1	0.67	24	3	225	2170	3.8483693	178	0.0900007
poi-50-2	1	1	12	1	112	1529	1.0096543	224	0.0369655
poi-50-2	1	1	12	1	225	2123	5.4538033	7897	3.2866283
poi-50-2	1	1	12	2	112	1529	0.8656125	71	0.0108312
poi-50-2	1	1	12	2	225	2172	4.8392078	8485	3.0076432
poi-50-2	1	1	12	3	112	1564	1.2227958	2482	0.403845
poi-50-2	1	1	12	3	225	2182	1.812321	215	0.038762
poi-50-2	1	1	24	1	112	1548	2.5506439	6074	1.3992817
poi-50-2	1	1	24	1	225	2197	4.8387168	5221	2.418514
poi-50-2	1	1	24	2	112	1627	1.516799	2714	0.5295071
poi-50-2	1	1	24	2	225	2255	3.469314	4507	1.6150466
poi-50-2	1	1	24	3	112	1660	1.1254954	718	0.1405358
poi-50-2	1	1	24	3	225	2317	2.9169586	3622	1.1829875
poi-50-2	1	1.34	12	1	112	1801	1.663578	3615	0.6844319
poi-50-2	1	1.34	12	1	225	2468	2.2359878	362	0.1129629
poi-50-2	1	1.34	12	2	112	1874	1.5618867	4311	0.7163225
poi-50-2	1	1.34	12	2	225	2567	2.4784054	1995	0.6759874
poi-50-2	1	1.34	12	3	112	1890	1.4426218	3876	0.6280615
poi-50-2	1	1.34	12	3	225	2607	3.0144868	3695	1.2557725
poi-50-2	1	1.34	24	1	112	1804	1.8920389	3139	0.7217451
poi-50-2	1	1.34	24	1	225	2547	5.0244692	5419	2.587854
poi-50-2	1	1.34	24	2	112	1984	1.3963119	1966	0.3956067
poi-50-2	1	1.34	24	2	225	2771	4.6913605	7636	2.8125403
poi-50-2	1	1.34	24	3	112	2043	1.503714	2457	0.4915728
poi-50-2	1	1.34	24	3	225	2818	1.7404298	35	0.0100856
poi-50-2	2	0.67	12	1	112	1467	1.5406018	2830	0.5518576
poi-50-2	2	0.67	12	1	225	2087	2.5569988	3478	1.0318658
poi-50-2	2	0.67	12	2	112	1480	1.1322686	376	0.0663455
poi-50-2	2	0.67	12	2	225	2088	1.5666035	8	0.0016356
poi-50-2	2	0.67	12	3	112	1480	1.1463264	214	0.0405129
poi-50-2	2	0.67	12	3	225	2099	1.7614504	606	0.171005
poi-50-2	2	0.67	24	1	112	1612	2.2549385	1372	0.4618559
poi-50-2	2	0.67	24	1	225	2220	4.4774809	4035	1.9690775
poi-50-2	2	0.67	24	2	112	1633	2.5964507	1055	0.4338922
poi-50-2	2	0.67	24	2	225	2224	5.5743322	4944	2.7559945
poi-50-2	2	0.67	24	3	112	1699	3.0927032	1465	0.6746636
poi-50-2	2	0.67	24	3	225	2227	3.1741518	166	0.0640852
poi-50-2	2	1	12	1	112	1571	1.1770297	1441	0.2503943
poi-50-2	2	1	12	1	225	2255	5.7601246	8971	3.6596952
poi-50-2	2	1	12	2	112	1629	1.4930647	4037	0.6584709
poi-50-2	2	1	12	2	225	2255	1.8765328	120	0.0211947
poi-50-2	2	1	12	3	112	1636	1.463273	4171	0.6626261
poi-50-2	2	1	12	3	225	2255	1.8836952	246	0.0636196
poi-50-2	2	1	24	1	112	1823	4.0846351	13825	2.998508
poi-50-2	2	1	24	1	225	2364	2.2210736	742	0.2137701
poi-50-2	2	1	24	2	112	1985	1.0081713	308	0.0551618
poi-50-2	2	1	24	2	225	2390	2.5262372	2344	0.7782104
poi-50-2	2	1	24	3	112	2021	0.980207	231	0.0413231
poi-50-2	2	1	24	3	225	2390	1.6793798	20	0.0064771
poi-50-2	2	1.34	12	1	112	1850	1.7232507	4533	0.8188091
poi-50-2	2	1.34	12	1	225	2540	3.2661867	3239	1.2643173
poi-50-2	2	1.34	12	2	112	1946	1.2655638	2510	0.4208753
poi-50-2	2	1.34	12	2	225	2685	2.2671746	1220	0.4118222
poi-50-2	2	1.34	12	3	112	1957	1.4495884	3765	0.6221735
poi-50-2	2	1.34	12	3	225	2712	2.2093859	1225	0.365387
poi-50-2	2	1.34	24	1	112	2075	2.3698377	5860	1.2827756
poi-50-2	2	1.34	24	1	225	2753	5.2415369	8323	3.2102024
poi-50-2	2	1.34	24	2	112	2428	2.3627109	7284	1.3941497
poi-50-2	2	1.34	24	2	225	2880	2.0029365	764	0.220095
poi-50-2	2	1.34	24	3	112	2481	1.8403224	4678	0.8839371
poi-50-2	2	1.34	24	3	225	2966	3.0819936	3848	1.2962012
poi-50-3	1	0.67	13	1	109	1070	0.865183	4	0.000577
poi-50-3	1	0.67	13	1	218	1911	1.7858338	592	0.1570485
poi-50-3	1	0.67	13	2	109	1095	1.1595595	1373	0.2436626
poi-50-3	1	0.67	13	2	218	1944	2.2080123	1504	0.4637703
poi-50-3	1	0.67	13	3	109	1095	1.3797253	2419	0.4468879
poi-50-3	1	0.67	13	3	218	1994	2.3893491	1676	0.5668277
poi-50-3	1	0.67	26	1	109	1108	1.5513483	1738	0.3836681
poi-50-3	1	0.67	26	1	218	2015	4.626921	4066	2.0501762
poi-50-3	1	0.67	26	2	109	1157	1.6777822	682	0.1795467
poi-50-3	1	0.67	26	2	218	2073	3.2221661	108	0.0357096
poi-50-3	1	0.67	26	3	109	1210	3.0076161	3857	1.2951037
poi-50-3	1	0.67	26	3	218	2107	4.3611698	1086	0.706002
poi-50-3	1	1	13	1	109	1088	0.8337647	12	0.0020323
poi-50-3	1	1	13	1	218	2024	2.5678286	1881	0.6547998
poi-50-3	1	1	13	2	109	1101	0.8262853	550	0.0800158
poi-50-3	1	1	13	2	218	2063	2.1809975	1865	0.5702559
poi-50-3	1	1	13	3	109	1088	0.7349855	19	0.0028788
poi-50-3	1	1	13	3	218	2093	3.8753296	7732	2.3401305
poi-50-3	1	1	26	1	109	1166	1.245934	1233	0.2458852
poi-50-3	1	1	26	1	218	2167	3.8124108	3288	1.4908447
poi-50-3	1	1	26	2	109	1239	1.7035561	4733	0.8330038
poi-50-3	1	1	26	2	218	2233	3.1567151	4126	1.4056829
poi-50-3	1	1	26	3	109	1290	1.1284822	1313	0.2351464
poi-50-3	1	1	26	3	218	2362	3.6969921	6772	2.1103075
poi-50-3	1	1.34	13	1	109	1266	0.9098748	344	0.0548137
poi-50-3	1	1.34	13	1	218	2320	2.715397	2133	0.7649167
poi-50-3	1	1.34	13	2	109	1306	1.0990762	2375	0.3503854
poi-50-3	1	1.34	13	2	218	2406	1.6291625	61	0.0109008
poi-50-3	1	1.34	13	3	109	1326	1.3368182	4184	0.6054242
poi-50-3	1	1.34	13	3	218	2493	1.6223616	413	0.0961824
poi-50-3	1	1.34	26	1	109	1270	1.1294345	428	0.0849474
poi-50-3	1	1.34	26	1	218	2490	7.3368058	10443	4.9185935
poi-50-3	1	1.34	26	2	109	1469	2.1976643	7245	1.2990206
poi-50-3	1	1.34	26	2	218	2659	2.3123828	1609	0.5439364
poi-50-3	1	1.34	26	3	109	1602	1.6206163	3919	0.7105456
poi-50-3	1	1.34	26	3	218	2835	2.0656759	1497	0.4623861
poi-50-3	2	0.67	13	1	109	1095	0.9720852	718	0.1125046
poi-50-3	2	0.67	13	1	218	2033	2.693037	3580	1.0895373
poi-50-3	2	0.67	13	2	109	1120	1.3092748	2279	0.3970859
poi-50-3	2	0.67	13	2	218	2045	3.0588601	4182	1.364048
poi-50-3	2	0.67	13	3	109	1164	1.8471511	4890	0.9082068
poi-50-3	2	0.67	13	3	218	2040	1.8943513	599	0.1701714
poi-50-3	2	0.67	26	1	109	1223	1.6693341	927	0.2451583
poi-50-3	2	0.67	26	1	218	2178	5.1947407	4465	2.4270733
poi-50-3	2	0.67	26	2	109	1310	3.2531672	3492	1.31883
poi-50-3	2	0.67	26	2	218	2186	5.9469245	4632	2.8041917
poi-50-3	2	0.67	26	3	109	1428	2.9874354	1875	0.7821591
poi-50-3	2	0.67	26	3	218	2210	3.8658757	832	0.4981136
poi-50-3	2	1	13	1	109	1188	1.0048971	1336	0.1996117
poi-50-3	2	1	13	1	218	2176	2.3983722	1926	0.6455848
poi-50-3	2	1	13	2	109	1227	0.9465905	1446	0.2074056
poi-50-3	2	1	13	2	218	2222	3.6109432	6562	2.027574
poi-50-3	2	1	13	3	109	1299	1.0823152	2315	0.3453601
poi-50-3	2	1	13	3	218	2222	5.6751059	13383	4.1146685
poi-50-3	2	1	26	1	109	1434	1.063808	631	0.110783
poi-50-3	2	1	26	1	218	2403	3.4599781	4086	1.5551059
poi-50-3	2	1	26	2	109	1611	1.5005405	3798	0.6460699
poi-50-3	2	1	26	2	218	2449	1.7036402	462	0.1011423
poi-50-3	2	1	26	3	109	1871	2.1743999	7767	1.3179188
poi-50-3	2	1	26	3	218	2449	1.52387	80	0.0161125
poi-50-3	2	1.34	13	1	109	1350	1.0086407	1304	0.2067602
poi-50-3	2	1.34	13	1	218	2522	1.7860112	105	0.0220002
poi-50-3	2	1.34	13	2	109	1460	1.077774	2374	0.3393838
poi-50-3	2	1.34	13	2	218	2619	2.6677349	3577	1.0987053
poi-50-3	2	1.34	13	3	109	1656	0.875704	956	0.1363602
poi-50-3	2	1.34	13	3	218	2642	1.7919655	1004	0.2505616
poi-50-3	2	1.34	26	1	109	1729	2.4077476	7564	1.4494318
poi-50-3	2	1.34	26	1	218	2836	5.8032034	10087	3.869018
poi-50-3	2	1.34	26	2	109	2039	1.0770618	1192	0.2075647
poi-50-3	2	1.34	26	2	218	3030	1.7082029	271	0.055643
poi-50-3	2	1.34	26	3	109	2348	0.9051592	218	0.0371376
poi-50-3	2	1.34	26	3	218	3077	2.2520004	2129	0.6401019
poi-50-4	1	0.67	13	1	108	805	0.598224	253	0.0269735
poi-50-4	1	0.67	13	1	216	1700	1.6038479	361	0.0740649
poi-50-4	1	0.67	13	2	108	815	0.5984814	2	0.00032
poi-50-4	1	0.67	13	2	216	1752	1.9054742	1026	0.3005394
poi-50-4	1	0.67	13	3	108	815	0.6126879	18	0.0020834
poi-50-4	1	0.67	13	3	216	1725	1.9697184	1213	0.3572378
poi-50-4	1	0.67	27	1	108	857	1.3596366	3397	0.548421
poi-50-4	1	0.67	27	1	216	1846	3.1939104	1632	0.7394882
poi-50-4	1	0.67	27	2	108	882	1.9256573	4159	0.875527
poi-50-4	1	0.67	27	2	216	1959	4.237678	1952	1.1191356
poi-50-4	1	0.67	27	3	108	912	1.5136203	1146	0.2780771
poi-50-4	1	0.67	27	3	216	2019	3.710434	294	0.1258297
poi-50-4	1	1	13	1	108	838	0.5619404	3	0.0005032
poi-50-4	1	1	13	1	216	1765	2.601599	3053	0.9553116
poi-50-4	1	1	13	2	108	838	0.5801572	0	0
poi-50-4	1	1	13	2	216	1843	1.9040345	1585	0.4188381
poi-50-4	1	1	13	3	108	866	0.7460629	1266	0.1510741
poi-50-4	1	1	13	3	216	1832	4.6601882	10595	3.153177
poi-50-4	1	1	27	1	108	905	1.5641485	6167	0.8637283
poi-50-4	1	1	27	1	216	1880	2.4043011	1447	0.5028441
poi-50-4	1	1	27	2	108	1018	1.2843995	4344	0.5981674
poi-50-4	1	1	27	2	216	2102	3.5137849	6929	2.0167014
poi-50-4	1	1	27	3	108	1111	1.4450659	4728	0.7049142
poi-50-4	1	1	27	3	216	2263	2.5243426	4149	1.1213221
poi-50-4	1	1.34	13	1	108	965	0.6582789	732	0.0862774
poi-50-4	1	1.34	13	1	216	1926	2.6074608	2867	0.9181543
poi-50-4	1	1.34	13	2	108	995	0.5989524	69	0.0077457
poi-50-4	1	1.34	13	2	216	2071	1.6373424	532	0.1257049
poi-50-4	1	1.34	13	3	108	1023	0.8292618	1790	0.2194155
poi-50-4	1	1.34	13	3	216	2150	2.9433235	4987	1.4527445
poi-50-4	1	1.34	27	1	108	1109	1.7052568	6577	0.9694829
poi-50-4	1	1.34	27	1	216	2188	2.3565305	1238	0.3974896
poi-50-4	1	1.34	27	2	108	1227	0.8467562	910	0.1312166
poi-50-4	1	1.34	27	2	216	2585	3.9872255	8103	2.4572327
poi-50-4	1	1.34	27	3	108	1340	1.4867554	4745	0.7238226
poi-50-4	1	1.34	27	3	216	2730	1.8604803	1588	0.4376209
poi-50-4	2	0.67	13	1	108	823	0.5758525	0	0
poi-50-4	2	0.67	13	1	216	1762	2.8195078	4828	1.3732761
poi-50-4	2	0.67	13	2	108	823	0.5974734	0	0
poi-50-4	2	0.67	13	2	216	1774	3.0483989	5446	1.5621447
poi-50-4	2	0.67	13	3	108	823	0.6053317	0	0
poi-50-4	2	0.67	13	3	216	1872	1.9004089	1502	0.3953217
poi-50-4	2	0.67	27	1	108	949	2.0055115	4583	0.9531077
poi-50-4	2	0.67	27	1	216	2080	3.941127	2610	1.3150132
poi-50-4	2	0.67	27	2	108	1063	2.018663	2157	0.5850511
poi-50-4	2	0.67	27	2	216	2102	8.2925891	8726	5.2593081
poi-50-4	2	0.67	27	3	108	1090	3.1114456	4794	1.5024997
poi-50-4	2	0.67	27	3	216	2122	5.4717666	3336	2.1306909
poi-50-4	2	1	13	1	108	910	0.6813819	840	0.0988804
poi-50-4	2	1	13	1	216	1842	2.5937332	3260	0.9983973
poi-50-4	2	1	13	2	108	909	0.6072896	386	0.0436703
poi-50-4	2	1	13	2	216	2003	2.2585924	2703	0.751105
poi-50-4	2	1	13	3	108	912	0.826256	2184	0.252079
poi-50-4	2	1	13	3	216	2003	1.6883626	708	0.1795687
poi-50-4	2	1	27	1	108	1115	0.9112348	1567	0.2156153
poi-50-4	2	1	27	1	216	2294	1.9142507	1042	0.2863849
poi-50-4	2	1	27	2	108	1329	0.8211512	1015	0.1409382
poi-50-4	2	1	27	2	216	2408	2.4067928	3418	0.947996
poi-50-4	2	1	27	3	108	1457	1.0681399	2493	0.355301
poi-50-4	2	1	27	3	216	2408	1.456098	157	0.0327936
poi-50-4	2	1.34	13	1	108	1029	1.3641648	6537	0.7741269
poi-50-4	2	1.34	13	1	216	2098	1.7443523	587	0.1506013
poi-50-4	2	1.34	13	2	108	1061	1.019926	3875	0.4471835
poi-50-4	2	1.34	13	2	216	2323	2.4949732	3430	0.988766
poi-50-4	2	1.34	13	3	108	1081	0.7246975	1133	0.1338131
poi-50-4	2	1.34	13	3	216	2379	1.9406464	1663	0.4485106
poi-50-4	2	1.34	27	1	108	1272	0.8428842	1049	0.1457974
poi-50-4	2	1.34	27	1	216	2741	2.0275803	1207	0.3845493
poi-50-4	2	1.34	27	2	108	1621	0.9630921	2086	0.2832792
poi-50-4	2	1.34	27	2	216	2960	2.4507377	3364	0.9634077
poi-50-4	2	1.34	27	3	108	1818	0.8916695	1166	0.1668399
poi-50-4	2	1.34	27	3	216	3026	2.7630499	4629	1.2949904
poi-50-5	1	0.67	11	1	111	1255	0.9735173	196	0.0283954
poi-50-5	1	0.67	11	1	222	2094	2.959473	4524	1.3783576
poi-50-5	1	0.67	11	2	111	1255	1.7127711	3732	0.7162604
poi-50-5	1	0.67	11	2	222	2070	1.7218499	302	0.0614237
poi-50-5	1	0.67	11	3	111	1255	1.6705159	3382	0.6600647
poi-50-5	1	0.67	11	3	222	2091	3.083224	4142	1.3624291
poi-50-5	1	0.67	23	1	111	1320	1.5662653	41	0.0092159
poi-50-5	1	0.67	23	1	222	2127	4.4332929	3095	1.6607359
poi-50-5	1	0.67	23	2	111	1383	4.8280197	6643	2.7249866
poi-50-5	1	0.67	23	2	222	2160	9.0293902	8161	5.6069534
poi-50-5	1	0.67	23	3	111	1423	3.2957212	1841	0.865869
poi-50-5	1	0.67	23	3	222	2162	4.8639849	1391	1.0258274
poi-50-5	1	1	11	1	111	1329	1.5073099	4017	0.6707597
poi-50-5	1	1	11	1	222	2116	4.3141782	6312	2.3933824
poi-50-5	1	1	11	2	111	1329	1.1755744	2730	0.4138221
poi-50-5	1	1	11	2	222	2138	1.8332061	169	0.0445278
poi-50-5	1	1	11	3	111	1334	1.0344905	1803	0.266707
poi-50-5	1	1	11	3	222	2164	1.7528686	310	0.0791997
poi-50-5	1	1	23	1	111	1412	1.4551964	1255	0.2840035
poi-50-5	1	1	23	1	222	2183	4.4463098	4125	1.943259
poi-50-5	1	1	23	2	111	1503	1.3380308	1832	0.357307
poi-50-5	1	1	23	2	222	2331	3.1470173	4123	1.3501857
poi-50-5	1	1	23	3	111	1589	1.4015023	2198	0.4265665
poi-50-5	1	1	23	3	222	2440	2.6427216	3065	0.9680435
poi-50-5	1	1.34	11	1	111	1513	1.550958	4139	0.7005087
poi-50-5	1	1.34	11	1	222	2454	2.0756607	338	0.0929407
poi-50-5	1	1.34	11	2	111	1594	1.1470037	2355	0.3712792
poi-50-5	1	1.34	11	2	222	2482	3.2078331	4294	1.4514235
poi-50-5	1	1.34	11	3	111	1611	0.9653315	1368	0.2030548
poi-50-5	1	1.34	11	3	222	2530	3.5923767	5922	1.9318399
poi-50-5	1	1.34	23	1	111	1597	1.5838191	1742	0.4025744
poi-50-5	1	1.34	23	1	222	2586	3.9264119	2866	1.4143344
poi-50-5	1	1.34	23	2	111	1836	3.4397637	12548	2.4570082
poi-50-5	1	1.34	23	2	222	2819	3.3292659	4336	1.517607
poi-50-5	1	1.34	23	3	111	1924	1.950144	4958	0.9743639
poi-50-5	1	1.34	23	3	222	3004	5.384811	11137	3.6972424
poi-50-5	2	0.67	11	1	111	1356	0.995736	406	0.0672422
poi-50-5	2	0.67	11	1	222	2108	1.9167186	1054	0.3092576
poi-50-5	2	0.67	11	2	111	1356	0.996907	158	0.0251455
poi-50-5	2	0.67	11	2	222	2116	2.9433649	4040	1.2861668
poi-50-5	2	0.67	11	3	111	1356	0.9777319	44	0.0066791
poi-50-5	2	0.67	11	3	222	2116	1.684147	229	0.0507996
poi-50-5	2	0.67	23	1	111	1510	3.8649662	5256	1.9565705
poi-50-5	2	0.67	23	1	222	2184	3.0399127	578	0.2214217
poi-50-5	2	0.67	23	2	111	1562	2.6544285	797	0.3321935
poi-50-5	2	0.67	23	2	222	2215	3.3326544	334	0.1670734
poi-50-5	2	0.67	23	3	111	1589	3.0835311	1100	0.516933
poi-50-5	2	0.67	23	3	222	2215	3.6554936	478	0.2677854
poi-50-5	2	1	11	1	111	1486	1.0096204	1251	0.1943173
poi-50-5	2	1	11	1	222	2262	2.1453943	775	0.25342
poi-50-5	2	1	11	2	111	1486	0.858933	835	0.1164616
poi-50-5	2	1	11	2	222	2268	3.874933	6305	2.1311538
poi-50-5	2	1	11	3	111	1486	1.3311364	4009	0.5898494
poi-50-5	2	1	11	3	222	2290	2.5113161	2562	0.8213155
poi-50-5	2	1	23	1	111	1723	1.9375301	4213	0.8820413
poi-50-5	2	1	23	1	222	2463	2.5140897	1566	0.5605617
poi-50-5	2	1	23	2	111	1877	2.7430476	9556	1.8105395
poi-50-5	2	1	23	2	222	2467	1.7192041	290	0.0630379
poi-50-5	2	1	23	3	111	1921	1.4931585	3281	0.5933569
poi-50-5	2	1	23	3	222	2467	1.6208643	165	0.0320854
poi-50-5	2	1.34	11	1	111	1701	1.252994	2790	0.4441344
poi-50-5	2	1.34	11	1	222	2497	3.5332375	4682	1.6936212
poi-50-5	2	1.34	11	2	111	1723	1.0891668	2388	0.3487556
poi-50-5	2	1.34	11	2	222	2551	2.3513282	2224	0.6779232
poi-50-5	2	1.34	11	3	111	1708	0.8318548	715	0.0967846
poi-50-5	2	1.34	11	3	222	2581	2.1636071	1536	0.498649
poi-50-5	2	1.34	23	1	111	2051	2.2590372	5719	1.2054908
poi-50-5	2	1.34	23	1	222	2905	2.6936455	2024	0.7080154
poi-50-5	2	1.34	23	2	111	2293	2.1824387	6574	1.2310356
poi-50-5	2	1.34	23	2	222	3042	2.4254079	2237	0.7342107
poi-50-5	2	1.34	23	3	111	2377	1.0867034	907	0.1660308
poi-50-5	2	1.34	23	3	222	3089	1.6642819	110	0.0213267
AverageObj: 1019.61, IterToBest: 1368.91, TimeToBest: 0.25
