InstanceName	alpha	beta	L	m	Tmax	ObjValue	CpuTime	IterToBest	TimeToBest
poi-10-1	1	0.67	15	1	59	201	0.0230609	0	0
poi-10-1	1	0.67	15	1	118	295	0.0398217	0	0
poi-10-1	1	0.67	15	2	59	201	0.0236007	0	0
poi-10-1	1	0.67	15	2	118	295	0.0407657	0	0
poi-10-1	1	0.67	15	3	59	201	0.0241614	0	0
poi-10-1	1	0.67	15	3	118	295	0.0418528	0	0
poi-10-1	1	0.67	30	1	59	201	0.0250358	0	0
poi-10-1	1	0.67	30	1	118	295	0.0527578	0	0
poi-10-1	1	0.67	30	2	59	201	0.0260349	0	0
poi-10-1	1	0.67	30	2	118	295	0.0554011	0	0
poi-10-1	1	0.67	30	3	59	201	0.0270122	0	0
poi-10-1	1	0.67	30	3	118	295	0.0585564	0	0
poi-10-1	1	1	15	1	59	201	0.0318438	0	0
poi-10-1	1	1	15	1	118	295	0.0669145	0	0
poi-10-1	1	1	15	2	59	201	0.0331902	0	0
poi-10-1	1	1	15	2	118	295	0.068622	0	0
poi-10-1	1	1	15	3	59	201	0.0345363	0	0
poi-10-1	1	1	15	3	118	295	0.0705465	0	0
poi-10-1	1	1	30	1	59	201	0.0352553	0	0
poi-10-1	1	1	30	1	118	295	0.0706584	0	0
poi-10-1	1	1	30	2	59	201	0.0389672	0	0
poi-10-1	1	1	30	2	118	295	0.0764857	0	0
poi-10-1	1	1	30	3	59	201	0.042449	0	0
poi-10-1	1	1	30	3	118	295	0.0825405	0	0
poi-10-1	1	1.33	15	1	59	233	0.0300999	0	0
poi-10-1	1	1.33	15	1	118	327	0.0624143	0	0
poi-10-1	1	1.33	15	2	59	233	0.0315235	0	0
poi-10-1	1	1.33	15	2	118	327	0.0639964	0	0
poi-10-1	1	1.33	15	3	59	233	0.0325775	0	0
poi-10-1	1	1.33	15	3	118	327	0.0654712	0	0
poi-10-1	1	1.33	30	1	59	233	0.0348722	0	0
poi-10-1	1	1.33	30	1	118	347	0.0650526	1	1.81E-05
poi-10-1	1	1.33	30	2	59	233	0.0384807	0	0
poi-10-1	1	1.33	30	2	118	347	0.0697334	2	3.44E-05
poi-10-1	1	1.33	30	3	59	233	0.0417788	0	0
poi-10-1	1	1.33	30	3	118	347	0.0748711	4	6.45E-05
poi-10-1	2	0.67	15	1	59	201	0.0229494	0	0
poi-10-1	2	0.67	15	1	118	295	0.0398321	0	0
poi-10-1	2	0.67	15	2	59	201	0.0235795	0	0
poi-10-1	2	0.67	15	2	118	295	0.0407067	0	0
poi-10-1	2	0.67	15	3	59	201	0.0241365	0	0
poi-10-1	2	0.67	15	3	118	295	0.0415779	0	0
poi-10-1	2	0.67	30	1	59	201	0.0252615	0	0
poi-10-1	2	0.67	30	1	118	295	0.0523981	0	0
poi-10-1	2	0.67	30	2	59	201	0.0261112	0	0
poi-10-1	2	0.67	30	2	118	295	0.0554382	0	0
poi-10-1	2	0.67	30	3	59	201	0.0269259	0	0
poi-10-1	2	0.67	30	3	118	295	0.0582502	0	0
poi-10-1	2	1	15	1	59	201	0.0305544	0	0
poi-10-1	2	1	15	1	118	295	0.0672159	0	0
poi-10-1	2	1	15	2	59	201	0.0318718	0	0
poi-10-1	2	1	15	2	118	295	0.0691998	0	0
poi-10-1	2	1	15	3	59	201	0.0330907	0	0
poi-10-1	2	1	15	3	118	295	0.0703661	0	0
poi-10-1	2	1	30	1	59	201	0.0351816	0	0
poi-10-1	2	1	30	1	118	295	0.0700116	0	0
poi-10-1	2	1	30	2	59	201	0.038807	0	0
poi-10-1	2	1	30	2	118	295	0.0765644	0	0
poi-10-1	2	1	30	3	59	201	0.0427053	0	0
poi-10-1	2	1	30	3	118	295	0.0819947	0	0
poi-10-1	2	1.33	15	1	59	233	0.0301523	0	0
poi-10-1	2	1.33	15	1	118	327	0.0624276	0	0
poi-10-1	2	1.33	15	2	59	233	0.0314904	0	0
poi-10-1	2	1.33	15	2	118	327	0.0639734	0	0
poi-10-1	2	1.33	15	3	59	233	0.032488	0	0
poi-10-1	2	1.33	15	3	118	327	0.0652448	0	0
poi-10-1	2	1.33	30	1	59	233	0.0348083	0	0
poi-10-1	2	1.33	30	1	118	347	0.0649107	9	0.0001288
poi-10-1	2	1.33	30	2	59	233	0.0383007	0	0
poi-10-1	2	1.33	30	2	118	347	0.0694733	5	7.75E-05
poi-10-1	2	1.33	30	3	59	233	0.0418696	0	0
poi-10-1	2	1.33	30	3	118	347	0.0747095	4	6.32E-05
poi-10-2	1	0.67	13	1	58	76	0.0225743	0	0
poi-10-2	1	0.67	13	1	116	296	0.0356175	2	1.75E-05
poi-10-2	1	0.67	13	2	58	76	0.0230177	0	0
poi-10-2	1	0.67	13	2	116	296	0.0361976	11	8.02E-05
poi-10-2	1	0.67	13	3	58	76	0.0236415	0	0
poi-10-2	1	0.67	13	3	116	296	0.0365885	1	8.4E-06
poi-10-2	1	0.67	27	1	58	76	0.0271007	0	0
poi-10-2	1	0.67	27	1	116	296	0.0464671	7	5.54E-05
poi-10-2	1	0.67	27	2	58	76	0.0284024	0	0
poi-10-2	1	0.67	27	2	116	296	0.0489892	1	9.8E-06
poi-10-2	1	0.67	27	3	58	76	0.0295895	0	0
poi-10-2	1	0.67	27	3	116	296	0.0507737	2	1.84E-05
poi-10-2	1	1	13	1	58	76	0.0227094	0	0
poi-10-2	1	1	13	1	116	296	0.0596349	6	7.77E-05
poi-10-2	1	1	13	2	58	76	0.0230001	0	0
poi-10-2	1	1	13	2	116	296	0.0606307	1	2.04E-05
poi-10-2	1	1	13	3	58	76	0.0235813	0	0
poi-10-2	1	1	13	3	116	296	0.0624963	28	0.0004065
poi-10-2	1	1	27	1	58	76	0.0272008	0	0
poi-10-2	1	1	27	1	116	296	0.0710993	6	9.62E-05
poi-10-2	1	1	27	2	58	76	0.0283763	0	0
poi-10-2	1	1	27	2	116	296	0.0788003	1	2.33E-05
poi-10-2	1	1	27	3	58	76	0.0294773	0	0
poi-10-2	1	1	27	3	116	296	0.083988	9	0.0001667
poi-10-2	1	1.33	13	1	58	76	0.0224825	0	0
poi-10-2	1	1.33	13	1	116	313	0.0595609	2	9.08E-05
poi-10-2	1	1.33	13	2	58	76	0.0230173	0	0
poi-10-2	1	1.33	13	2	116	313	0.0610598	17	0.0002115
poi-10-2	1	1.33	13	3	58	76	0.0237335	0	0
poi-10-2	1	1.33	13	3	116	313	0.0617238	1	2.28E-05
poi-10-2	1	1.33	27	1	58	76	0.0272186	0	0
poi-10-2	1	1.33	27	1	116	343	0.0717042	9	0.0001468
poi-10-2	1	1.33	27	2	58	76	0.0285506	0	0
poi-10-2	1	1.33	27	2	116	345	0.0820275	9	0.0001564
poi-10-2	1	1.33	27	3	58	76	0.0295494	0	0
poi-10-2	1	1.33	27	3	116	345	0.0854191	8	0.0001484
poi-10-2	2	0.67	13	1	58	76	0.0225544	0	0
poi-10-2	2	0.67	13	1	116	296	0.0355627	6	4.49E-05
poi-10-2	2	0.67	13	2	58	76	0.0229385	0	0
poi-10-2	2	0.67	13	2	116	296	0.0362239	16	0.0001149
poi-10-2	2	0.67	13	3	58	76	0.0234691	0	0
poi-10-2	2	0.67	13	3	116	296	0.0367083	5	3.8E-05
poi-10-2	2	0.67	27	1	58	76	0.0272725	0	0
poi-10-2	2	0.67	27	1	116	296	0.0474206	2	4.73E-05
poi-10-2	2	0.67	27	2	58	76	0.0284521	0	0
poi-10-2	2	0.67	27	2	116	296	0.0499356	48	0.0004428
poi-10-2	2	0.67	27	3	58	76	0.0294459	0	0
poi-10-2	2	0.67	27	3	116	296	0.0518641	5	7.32E-05
poi-10-2	2	1	13	1	58	76	0.0226048	0	0
poi-10-2	2	1	13	1	116	296	0.0595829	8	9.94E-05
poi-10-2	2	1	13	2	58	76	0.023203	0	0
poi-10-2	2	1	13	2	116	296	0.0606033	25	0.0003635
poi-10-2	2	1	13	3	58	76	0.0235649	0	0
poi-10-2	2	1	13	3	116	296	0.0616947	3	4.39E-05
poi-10-2	2	1	27	1	58	76	0.0272601	0	0
poi-10-2	2	1	27	1	116	296	0.0668373	6	9.23E-05
poi-10-2	2	1	27	2	58	76	0.0285064	0	0
poi-10-2	2	1	27	2	116	296	0.0743041	1	2.38E-05
poi-10-2	2	1	27	3	58	76	0.029634	0	0
poi-10-2	2	1	27	3	116	296	0.0782591	1	2.49E-05
poi-10-2	2	1.33	13	1	58	76	0.0225032	0	0
poi-10-2	2	1.33	13	1	116	313	0.0597937	9	0.0001114
poi-10-2	2	1.33	13	2	58	76	0.0229733	0	0
poi-10-2	2	1.33	13	2	116	313	0.0608164	2	3.19E-05
poi-10-2	2	1.33	13	3	58	76	0.0237022	0	0
poi-10-2	2	1.33	13	3	116	313	0.0617337	5	0.0001234
poi-10-2	2	1.33	27	1	58	76	0.0272763	0	0
poi-10-2	2	1.33	27	1	116	355	0.0704438	6	9.51E-05
poi-10-2	2	1.33	27	2	58	76	0.0285045	0	0
poi-10-2	2	1.33	27	2	116	355	0.0796699	7	0.0001259
poi-10-2	2	1.33	27	3	58	76	0.0294535	0	0
poi-10-2	2	1.33	27	3	116	355	0.0827087	1	2.32E-05
poi-10-3	1	0.67	14	1	59	0	0.0215416	0	0
poi-10-3	1	0.67	14	1	119	243	0.0403469	0	0
poi-10-3	1	0.67	14	2	59	0	0.0220954	0	0
poi-10-3	1	0.67	14	2	119	243	0.0431708	0	0
poi-10-3	1	0.67	14	3	59	0	0.0230472	0	0
poi-10-3	1	0.67	14	3	119	243	0.0441472	0	0
poi-10-3	1	0.67	28	1	59	0	0.0219998	0	0
poi-10-3	1	0.67	28	1	119	243	0.0493738	0	0
poi-10-3	1	0.67	28	2	59	0	0.0229017	0	0
poi-10-3	1	0.67	28	2	119	243	0.0584302	0	0
poi-10-3	1	0.67	28	3	59	0	0.0239607	0	0
poi-10-3	1	0.67	28	3	119	243	0.0639712	0	0
poi-10-3	1	1	14	1	59	0	0.0215877	0	0
poi-10-3	1	1	14	1	119	243	0.0645849	0	0
poi-10-3	1	1	14	2	59	0	0.0222116	0	0
poi-10-3	1	1	14	2	119	243	0.0740597	0	0
poi-10-3	1	1	14	3	59	0	0.0231382	0	0
poi-10-3	1	1	14	3	119	243	0.0778439	0	0
poi-10-3	1	1	28	1	59	0	0.0221955	0	0
poi-10-3	1	1	28	1	119	243	0.0752369	0	0
poi-10-3	1	1	28	2	59	0	0.0229545	0	0
poi-10-3	1	1	28	2	119	243	0.0858445	0	0
poi-10-3	1	1	28	3	59	0	0.0238236	0	0
poi-10-3	1	1	28	3	119	243	0.0903739	0	0
poi-10-3	1	1.33	14	1	59	0	0.0215123	0	0
poi-10-3	1	1.33	14	1	119	275	0.0645898	0	0
poi-10-3	1	1.33	14	2	59	0	0.0222198	0	0
poi-10-3	1	1.33	14	2	119	295	0.0767043	3	5.23E-05
poi-10-3	1	1.33	14	3	59	0	0.0230775	0	0
poi-10-3	1	1.33	14	3	119	295	0.0799564	5	8.77E-05
poi-10-3	1	1.33	28	1	59	0	0.0222248	0	0
poi-10-3	1	1.33	28	1	119	295	0.0729865	0	0
poi-10-3	1	1.33	28	2	59	0	0.0229756	0	0
poi-10-3	1	1.33	28	2	119	301	0.0800749	1	2.43E-05
poi-10-3	1	1.33	28	3	59	0	0.0239913	0	0
poi-10-3	1	1.33	28	3	119	301	0.085443	4	8.08E-05
poi-10-3	2	0.67	14	1	59	0	0.021562	0	0
poi-10-3	2	0.67	14	1	119	243	0.0402554	0	0
poi-10-3	2	0.67	14	2	59	0	0.0223332	0	0
poi-10-3	2	0.67	14	2	119	243	0.042971	0	0
poi-10-3	2	0.67	14	3	59	0	0.0231949	0	0
poi-10-3	2	0.67	14	3	119	243	0.04457	0	0
poi-10-3	2	0.67	28	1	59	0	0.0220471	0	0
poi-10-3	2	0.67	28	1	119	243	0.0499834	0	0
poi-10-3	2	0.67	28	2	59	0	0.0230472	0	0
poi-10-3	2	0.67	28	2	119	243	0.0584608	0	0
poi-10-3	2	0.67	28	3	59	0	0.023845	0	0
poi-10-3	2	0.67	28	3	119	243	0.0644227	0	0
poi-10-3	2	1	14	1	59	0	0.0214892	0	0
poi-10-3	2	1	14	1	119	243	0.0643523	0	0
poi-10-3	2	1	14	2	59	0	0.0222031	0	0
poi-10-3	2	1	14	2	119	243	0.0731658	0	0
poi-10-3	2	1	14	3	59	0	0.0230354	0	0
poi-10-3	2	1	14	3	119	243	0.0775222	0	0
poi-10-3	2	1	28	1	59	0	0.0220228	0	0
poi-10-3	2	1	28	1	119	243	0.0762626	0	0
poi-10-3	2	1	28	2	59	0	0.0231217	0	0
poi-10-3	2	1	28	2	119	243	0.0832533	0	0
poi-10-3	2	1	28	3	59	0	0.0239498	0	0
poi-10-3	2	1	28	3	119	243	0.0865504	0	0
poi-10-3	2	1.33	14	1	59	0	0.0214889	0	0
poi-10-3	2	1.33	14	1	119	295	0.0651849	2	3.56E-05
poi-10-3	2	1.33	14	2	59	0	0.022112	0	0
poi-10-3	2	1.33	14	2	119	295	0.0806417	0	0
poi-10-3	2	1.33	14	3	59	0	0.0230758	0	0
poi-10-3	2	1.33	14	3	119	295	0.0843841	0	0
poi-10-3	2	1.33	28	1	59	0	0.0219726	0	0
poi-10-3	2	1.33	28	1	119	295	0.0718128	0	0
poi-10-3	2	1.33	28	2	59	0	0.0231899	0	0
poi-10-3	2	1.33	28	2	119	301	0.0825898	30	0.0004763
poi-10-3	2	1.33	28	3	59	0	0.0239623	0	0
poi-10-3	2	1.33	28	3	119	301	0.0881517	59	0.0010371
poi-10-4	1	0.67	13	1	59	163	0.0211437	0	0
poi-10-4	1	0.67	13	1	118	324	0.0371308	0	0
poi-10-4	1	0.67	13	2	59	163	0.0215793	0	0
poi-10-4	1	0.67	13	2	118	324	0.0373175	0	0
poi-10-4	1	0.67	13	3	59	163	0.0222836	0	0
poi-10-4	1	0.67	13	3	118	324	0.0379334	0	0
poi-10-4	1	0.67	26	1	59	173	0.0322647	0	0
poi-10-4	1	0.67	26	1	118	340	0.0516213	48	0.0005883
poi-10-4	1	0.67	26	2	59	173	0.033797	0	0
poi-10-4	1	0.67	26	2	118	340	0.0549519	62	0.0007628
poi-10-4	1	0.67	26	3	59	173	0.0356952	0	0
poi-10-4	1	0.67	26	3	118	340	0.0569938	13	0.0001686
poi-10-4	1	1	13	1	59	163	0.0229327	0	0
poi-10-4	1	1	13	1	118	324	0.0615167	0	0
poi-10-4	1	1	13	2	59	163	0.0238968	0	0
poi-10-4	1	1	13	2	118	324	0.0623257	0	0
poi-10-4	1	1	13	3	59	163	0.0246072	0	0
poi-10-4	1	1	13	3	118	324	0.0635919	0	0
poi-10-4	1	1	26	1	59	179	0.0297238	0	0
poi-10-4	1	1	26	1	118	358	0.0662021	12	0.0001685
poi-10-4	1	1	26	2	59	179	0.0321458	0	0
poi-10-4	1	1	26	2	118	358	0.0720414	35	0.0005882
poi-10-4	1	1	26	3	59	179	0.0345853	0	0
poi-10-4	1	1	26	3	118	358	0.0771666	19	0.0003625
poi-10-4	1	1.33	13	1	59	163	0.0232265	0	0
poi-10-4	1	1.33	13	1	118	324	0.0616088	0	0
poi-10-4	1	1.33	13	2	59	163	0.0237176	0	0
poi-10-4	1	1.33	13	2	118	324	0.0626372	0	0
poi-10-4	1	1.33	13	3	59	163	0.0242525	0	0
poi-10-4	1	1.33	13	3	118	324	0.0635123	0	0
poi-10-4	1	1.33	26	1	59	184	0.0289072	0	0
poi-10-4	1	1.33	26	1	118	399	0.0923668	0	0
poi-10-4	1	1.33	26	2	59	184	0.0314424	0	0
poi-10-4	1	1.33	26	2	118	399	0.0933976	0	0
poi-10-4	1	1.33	26	3	59	184	0.0334523	0	0
poi-10-4	1	1.33	26	3	118	399	0.0999021	0	0
poi-10-4	2	0.67	13	1	59	163	0.0209159	0	0
poi-10-4	2	0.67	13	1	118	324	0.036515	0	0
poi-10-4	2	0.67	13	2	59	163	0.0215565	0	0
poi-10-4	2	0.67	13	2	118	324	0.0369996	0	0
poi-10-4	2	0.67	13	3	59	163	0.0221173	0	0
poi-10-4	2	0.67	13	3	118	324	0.0377667	0	0
poi-10-4	2	0.67	26	1	59	173	0.0326767	0	0
poi-10-4	2	0.67	26	1	118	340	0.0525071	31	0.0003357
poi-10-4	2	0.67	26	2	59	173	0.0345554	0	0
poi-10-4	2	0.67	26	2	118	340	0.0550626	20	0.0002276
poi-10-4	2	0.67	26	3	59	173	0.0365871	0	0
poi-10-4	2	0.67	26	3	118	340	0.0576623	2	3.3E-05
poi-10-4	2	1	13	1	59	163	0.0231193	0	0
poi-10-4	2	1	13	1	118	324	0.0615931	0	0
poi-10-4	2	1	13	2	59	163	0.0237265	0	0
poi-10-4	2	1	13	2	118	324	0.0625623	0	0
poi-10-4	2	1	13	3	59	163	0.0244223	0	0
poi-10-4	2	1	13	3	118	324	0.0640127	0	0
poi-10-4	2	1	26	1	59	179	0.0304337	0	0
poi-10-4	2	1	26	1	118	358	0.0654536	13	0.0001765
poi-10-4	2	1	26	2	59	179	0.0328852	0	0
poi-10-4	2	1	26	2	118	358	0.0708644	7	0.0001116
poi-10-4	2	1	26	3	59	179	0.0353952	0	0
poi-10-4	2	1	26	3	118	358	0.0768862	14	0.0002212
poi-10-4	2	1.33	13	1	59	163	0.0231675	0	0
poi-10-4	2	1.33	13	1	118	324	0.0616197	0	0
poi-10-4	2	1.33	13	2	59	163	0.023846	0	0
poi-10-4	2	1.33	13	2	118	324	0.0625872	0	0
poi-10-4	2	1.33	13	3	59	163	0.0246733	0	0
poi-10-4	2	1.33	13	3	118	324	0.0637009	0	0
poi-10-4	2	1.33	26	1	59	184	0.0295665	0	0
poi-10-4	2	1.33	26	1	118	399	0.0832675	0	0
poi-10-4	2	1.33	26	2	59	184	0.0319218	0	0
poi-10-4	2	1.33	26	2	118	399	0.0942653	0	0
poi-10-4	2	1.33	26	3	59	184	0.0342842	0	0
poi-10-4	2	1.33	26	3	118	399	0.1000204	0	0
poi-10-5	1	0.67	14	1	52	109	0.0285334	2	1.38E-05
poi-10-5	1	0.67	14	1	104	215	0.036481	0	0
poi-10-5	1	0.67	14	2	52	109	0.0292043	4	2.52E-05
poi-10-5	1	0.67	14	2	104	215	0.0368254	0	0
poi-10-5	1	0.67	14	3	52	109	0.0296698	2	1.32E-05
poi-10-5	1	0.67	14	3	104	215	0.0377064	0	0
poi-10-5	1	0.67	28	1	52	109	0.0309466	3	2.08E-05
poi-10-5	1	0.67	28	1	104	215	0.0483921	0	0
poi-10-5	1	0.67	28	2	52	109	0.0318383	1	7.4E-06
poi-10-5	1	0.67	28	2	104	215	0.0533976	0	0
poi-10-5	1	0.67	28	3	52	109	0.0327541	1	7.6E-06
poi-10-5	1	0.67	28	3	104	215	0.0572649	0	0
poi-10-5	1	1	14	1	52	109	0.0348126	1	6.6E-06
poi-10-5	1	1	14	1	104	215	0.0627606	0	0
poi-10-5	1	1	14	2	52	109	0.0356458	1	6.9E-06
poi-10-5	1	1	14	2	104	215	0.0644484	0	0
poi-10-5	1	1	14	3	52	109	0.0370508	2	1.7E-05
poi-10-5	1	1	14	3	104	215	0.0659663	0	0
poi-10-5	1	1	28	1	52	109	0.0380602	1	7.3E-06
poi-10-5	1	1	28	1	104	215	0.0647813	0	0
poi-10-5	1	1	28	2	52	109	0.0410459	5	4.86E-05
poi-10-5	1	1	28	2	104	222	0.0777215	12	0.0001876
poi-10-5	1	1	28	3	52	109	0.0430405	4	4E-05
poi-10-5	1	1	28	3	104	222	0.0814331	9	0.0001531
poi-10-5	1	1.33	14	1	52	126	0.0341397	0	0
poi-10-5	1	1.33	14	1	104	235	0.0623782	0	0
poi-10-5	1	1.33	14	2	52	126	0.0350049	0	0
poi-10-5	1	1.33	14	2	104	235	0.0637412	0	0
poi-10-5	1	1.33	14	3	52	126	0.0358231	0	0
poi-10-5	1	1.33	14	3	104	235	0.065068	0	0
poi-10-5	1	1.33	28	1	52	126	0.0379468	0	0
poi-10-5	1	1.33	28	1	104	256	0.0650639	0	0
poi-10-5	1	1.33	28	2	52	126	0.0406758	0	0
poi-10-5	1	1.33	28	2	104	264	0.0717578	27	0.0003816
poi-10-5	1	1.33	28	3	52	126	0.0431853	0	0
poi-10-5	1	1.33	28	3	104	264	0.0756841	1	1.92E-05
poi-10-5	2	0.67	14	1	52	109	0.0286787	1	6.7E-06
poi-10-5	2	0.67	14	1	104	215	0.0363492	0	0
poi-10-5	2	0.67	14	2	52	109	0.029324	1	6.7E-06
poi-10-5	2	0.67	14	2	104	215	0.0371021	0	0
poi-10-5	2	0.67	14	3	52	109	0.029832	1	6.7E-06
poi-10-5	2	0.67	14	3	104	215	0.0377077	0	0
poi-10-5	2	0.67	28	1	52	109	0.0309401	1	7E-06
poi-10-5	2	0.67	28	1	104	215	0.048544	0	0
poi-10-5	2	0.67	28	2	52	109	0.0320283	2	1.46E-05
poi-10-5	2	0.67	28	2	104	215	0.0539958	0	0
poi-10-5	2	0.67	28	3	52	109	0.0326289	4	2.92E-05
poi-10-5	2	0.67	28	3	104	215	0.0573699	0	0
poi-10-5	2	1	14	1	52	109	0.0345315	3	2.34E-05
poi-10-5	2	1	14	1	104	215	0.0630378	0	0
poi-10-5	2	1	14	2	52	109	0.0358255	1	6.8E-06
poi-10-5	2	1	14	2	104	215	0.0645211	0	0
poi-10-5	2	1	14	3	52	109	0.0369293	3	2.47E-05
poi-10-5	2	1	14	3	104	215	0.0660505	0	0
poi-10-5	2	1	28	1	52	109	0.0383038	1	7.3E-06
poi-10-5	2	1	28	1	104	215	0.068205	0	0
poi-10-5	2	1	28	2	52	109	0.0414152	4	3.83E-05
poi-10-5	2	1	28	2	104	222	0.0732042	19	0.000266
poi-10-5	2	1	28	3	52	109	0.0434435	4	3.89E-05
poi-10-5	2	1	28	3	104	222	0.078068	3	5.76E-05
poi-10-5	2	1.33	14	1	52	126	0.034023	0	0
poi-10-5	2	1.33	14	1	104	235	0.0624805	0	0
poi-10-5	2	1.33	14	2	52	126	0.0348476	0	0
poi-10-5	2	1.33	14	2	104	235	0.063795	0	0
poi-10-5	2	1.33	14	3	52	126	0.0358411	0	0
poi-10-5	2	1.33	14	3	104	235	0.065198	0	0
poi-10-5	2	1.33	28	1	52	126	0.0386192	0	0
poi-10-5	2	1.33	28	1	104	256	0.0706414	0	0
poi-10-5	2	1.33	28	2	52	126	0.0412403	0	0
poi-10-5	2	1.33	28	2	104	264	0.0762318	2	3.92E-05
poi-10-5	2	1.33	28	3	52	126	0.0437786	0	0
poi-10-5	2	1.33	28	3	104	264	0.0816135	42	0.0007216
poi-20-1	1	0.67	14	1	79	301	0.0853005	0	0
poi-20-1	1	0.67	14	1	159	634	0.1245807	0	0
poi-20-1	1	0.67	14	2	79	301	0.0873045	0	0
poi-20-1	1	0.67	14	2	159	634	0.1277647	0	0
poi-20-1	1	0.67	14	3	79	301	0.0890363	0	0
poi-20-1	1	0.67	14	3	159	634	0.1299006	0	0
poi-20-1	1	0.67	28	1	79	301	0.1311741	0	0
poi-20-1	1	0.67	28	1	159	641	0.2414405	834	0.034768
poi-20-1	1	0.67	28	2	79	353	0.1620483	331	0.0102079
poi-20-1	1	0.67	28	2	159	683	0.4009856	2957	0.1461015
poi-20-1	1	0.67	28	3	79	363	0.1737949	31	0.0011275
poi-20-1	1	0.67	28	3	159	715	0.4618471	3225	0.1826972
poi-20-1	1	1	14	1	79	301	0.1053518	0	0
poi-20-1	1	1	14	1	159	644	0.329295	2254	0.1013485
poi-20-1	1	1	14	2	79	301	0.1093946	0	0
poi-20-1	1	1	14	2	159	644	0.312296	2212	0.0949912
poi-20-1	1	1	14	3	79	301	0.1132428	0	0
poi-20-1	1	1	14	3	159	644	0.3902756	4041	0.1762785
poi-20-1	1	1	28	1	79	336	0.1173477	44	0.0011452
poi-20-1	1	1	28	1	159	724	0.3459692	1479	0.078947
poi-20-1	1	1	28	2	79	406	0.1357686	37	0.0011834
poi-20-1	1	1	28	2	159	765	0.329541	1209	0.0638391
poi-20-1	1	1	28	3	79	427	0.1475643	3	0.0001071
poi-20-1	1	1	28	3	159	772	0.3143384	552	0.0310287
poi-20-1	1	1.33	14	1	79	352	0.1123393	0	0
poi-20-1	1	1.33	14	1	159	707	0.373813	3256	0.1467635
poi-20-1	1	1.33	14	2	79	352	0.1140906	0	0
poi-20-1	1	1.33	14	2	159	742	0.2769014	2068	0.080184
poi-20-1	1	1.33	14	3	79	352	0.117423	0	0
poi-20-1	1	1.33	14	3	159	742	0.2382535	970	0.0378571
poi-20-1	1	1.33	28	1	79	372	0.1195151	1	3.91E-05
poi-20-1	1	1.33	28	1	159	838	0.3068615	414	0.0236821
poi-20-1	1	1.33	28	2	79	457	0.132073	12	0.0002956
poi-20-1	1	1.33	28	2	159	911	0.3508335	1251	0.0706658
poi-20-1	1	1.33	28	3	79	525	0.1433278	17	0.0004649
poi-20-1	1	1.33	28	3	159	975	0.6814816	6822	0.3938358
poi-20-1	2	0.67	14	1	79	301	0.0861888	0	0
poi-20-1	2	0.67	14	1	159	634	0.1256731	0	0
poi-20-1	2	0.67	14	2	79	301	0.0863894	0	0
poi-20-1	2	0.67	14	2	159	634	0.127245	0	0
poi-20-1	2	0.67	14	3	79	301	0.0885224	0	0
poi-20-1	2	0.67	14	3	159	634	0.1290319	0	0
poi-20-1	2	0.67	28	1	79	317	0.1271514	56	0.0014736
poi-20-1	2	0.67	28	1	159	685	0.4536147	4676	0.2198894
poi-20-1	2	0.67	28	2	79	363	0.1601744	84	0.0026157
poi-20-1	2	0.67	28	2	159	733	0.3708874	1400	0.0775976
poi-20-1	2	0.67	28	3	79	363	0.1926054	24	0.0008857
poi-20-1	2	0.67	28	3	159	735	0.353811	385	0.0211913
poi-20-1	2	1	14	1	79	301	0.1056556	0	0
poi-20-1	2	1	14	1	159	644	0.3202218	2071	0.0934297
poi-20-1	2	1	14	2	79	301	0.1079315	0	0
poi-20-1	2	1	14	2	159	684	0.2882303	1596	0.0700451
poi-20-1	2	1	14	3	79	301	0.110685	0	0
poi-20-1	2	1	14	3	159	684	0.2400613	567	0.0244372
poi-20-1	2	1	28	1	79	365	0.1251118	80	0.0021255
poi-20-1	2	1	28	1	159	806	0.512471	5804	0.2755672
poi-20-1	2	1	28	2	79	443	0.1815407	1038	0.031327
poi-20-1	2	1	28	2	159	884	0.3109986	1602	0.0760839
poi-20-1	2	1	28	3	79	447	0.1811991	558	0.0179032
poi-20-1	2	1	28	3	159	884	0.2684405	490	0.0239024
poi-20-1	2	1.33	14	1	79	352	0.1115968	0	0
poi-20-1	2	1.33	14	1	159	727	0.3696525	3387	0.1480608
poi-20-1	2	1.33	14	2	79	352	0.1098721	0	0
poi-20-1	2	1.33	14	2	159	754	0.2383617	1253	0.0460511
poi-20-1	2	1.33	14	3	79	352	0.1135949	0	0
poi-20-1	2	1.33	14	3	159	754	0.2771877	2086	0.0810475
poi-20-1	2	1.33	28	1	79	438	0.2075073	2804	0.0756454
poi-20-1	2	1.33	28	1	159	953	0.4716486	4450	0.2230994
poi-20-1	2	1.33	28	2	79	538	0.1684238	342	0.0107175
poi-20-1	2	1.33	28	2	159	1039	0.2780958	565	0.0280938
poi-20-1	2	1.33	28	3	79	561	0.2256369	1056	0.0395998
poi-20-1	2	1.33	28	3	159	1082	0.3626736	2090	0.1070587
poi-20-2	1	0.67	13	1	80	291	0.0778169	0	0
poi-20-2	1	0.67	13	1	160	679	0.1279705	313	0.0071535
poi-20-2	1	0.67	13	2	80	291	0.077918	0	0
poi-20-2	1	0.67	13	2	160	699	0.1342287	574	0.0127348
poi-20-2	1	0.67	13	3	80	291	0.0790579	0	0
poi-20-2	1	0.67	13	3	160	699	0.1414708	737	0.0177093
poi-20-2	1	0.67	26	1	80	335	0.144881	1	3.14E-05
poi-20-2	1	0.67	26	1	160	740	0.3203379	1678	0.0792602
poi-20-2	1	0.67	26	2	80	335	0.1589206	1	3.26E-05
poi-20-2	1	0.67	26	2	160	760	0.3199726	437	0.0243618
poi-20-2	1	0.67	26	3	80	335	0.1727966	3	9.69E-05
poi-20-2	1	0.67	26	3	160	760	0.3306258	170	0.0097905
poi-20-2	1	1	13	1	80	291	0.1140629	0	0
poi-20-2	1	1	13	1	160	701	0.203473	44	0.0017758
poi-20-2	1	1	13	2	80	291	0.1152776	0	0
poi-20-2	1	1	13	2	160	713	0.2035264	43	0.0016466
poi-20-2	1	1	13	3	80	291	0.1182791	0	0
poi-20-2	1	1	13	3	160	713	0.2083503	67	0.0027642
poi-20-2	1	1	26	1	80	359	0.1736607	1001	0.0294349
poi-20-2	1	1	26	1	160	824	0.3397183	2097	0.1009326
poi-20-2	1	1	26	2	80	359	0.1697025	0	0
poi-20-2	1	1	26	2	160	864	0.2641097	369	0.0181677
poi-20-2	1	1	26	3	80	366	0.2627257	2082	0.0775755
poi-20-2	1	1	26	3	160	864	0.2531999	39	0.0019035
poi-20-2	1	1.33	13	1	80	306	0.1138946	0	0
poi-20-2	1	1.33	13	1	160	732	0.2012986	19	0.000688
poi-20-2	1	1.33	13	2	80	306	0.1154751	0	0
poi-20-2	1	1.33	13	2	160	747	0.2014267	25	0.0010387
poi-20-2	1	1.33	13	3	80	306	0.117741	0	0
poi-20-2	1	1.33	13	3	160	747	0.2111349	168	0.0066142
poi-20-2	1	1.33	26	1	80	438	0.368669	6325	0.2026986
poi-20-2	1	1.33	26	1	160	981	0.5184061	5579	0.2736836
poi-20-2	1	1.33	26	2	80	441	0.2674574	2080	0.0813602
poi-20-2	1	1.33	26	2	160	1040	0.2812716	520	0.0265435
poi-20-2	1	1.33	26	3	80	441	0.3738719	4045	0.17267
poi-20-2	1	1.33	26	3	160	1040	0.3009402	959	0.0491548
poi-20-2	2	0.67	13	1	80	291	0.0761595	0	0
poi-20-2	2	0.67	13	1	160	696	0.1285955	175	0.0037504
poi-20-2	2	0.67	13	2	80	291	0.0777992	0	0
poi-20-2	2	0.67	13	2	160	699	0.1316389	289	0.006524
poi-20-2	2	0.67	13	3	80	291	0.0791046	0	0
poi-20-2	2	0.67	13	3	160	699	0.1435981	724	0.0175879
poi-20-2	2	0.67	26	1	80	335	0.1335418	5	0.0001412
poi-20-2	2	0.67	26	1	160	782	0.5369702	6171	0.2946486
poi-20-2	2	0.67	26	2	80	335	0.1526862	1	3.2E-05
poi-20-2	2	0.67	26	2	160	789	0.6417928	6565	0.3633967
poi-20-2	2	0.67	26	3	80	335	0.1646723	2	7.89E-05
poi-20-2	2	0.67	26	3	160	791	0.4519572	2538	0.1499457
poi-20-2	2	1	13	1	80	291	0.1134887	0	0
poi-20-2	2	1	13	1	160	716	0.2045652	20	0.0008463
poi-20-2	2	1	13	2	80	291	0.1140565	0	0
poi-20-2	2	1	13	2	160	716	0.2089763	49	0.0019949
poi-20-2	2	1	13	3	80	291	0.1163318	0	0
poi-20-2	2	1	13	3	160	716	0.2137852	43	0.0016709
poi-20-2	2	1	26	1	80	359	0.1508773	1	3.73E-05
poi-20-2	2	1	26	1	160	902	0.2211289	250	0.0102551
poi-20-2	2	1	26	2	80	465	0.2944536	3586	0.1248023
poi-20-2	2	1	26	2	160	927	0.2274302	81	0.0039543
poi-20-2	2	1	26	3	80	465	0.3167111	3461	0.1316486
poi-20-2	2	1	26	3	160	927	0.2317157	36	0.0016765
poi-20-2	2	1.33	13	1	80	306	0.1136292	0	0
poi-20-2	2	1.33	13	1	160	750	0.2096252	218	0.0081219
poi-20-2	2	1.33	13	2	80	306	0.1136678	0	0
poi-20-2	2	1.33	13	2	160	750	0.2090726	86	0.0032345
poi-20-2	2	1.33	13	3	80	306	0.1165846	0	0
poi-20-2	2	1.33	13	3	160	750	0.2138339	134	0.0051568
poi-20-2	2	1.33	26	1	80	438	0.1678607	91	0.0031966
poi-20-2	2	1.33	26	1	160	1065	0.6177272	9454	0.4038232
poi-20-2	2	1.33	26	2	80	441	0.2370829	2208	0.0734691
poi-20-2	2	1.33	26	2	160	1112	0.2644063	702	0.0323059
poi-20-2	2	1.33	26	3	80	562	0.4108996	7127	0.2425381
poi-20-2	2	1.33	26	3	160	1101	0.264339	480	0.0234546
poi-20-3	1	0.67	15	1	85	336	0.0863787	0	0
poi-20-3	1	0.67	15	1	171	743	0.1250468	88	0.0019082
poi-20-3	1	0.67	15	2	85	336	0.0886587	0	0
poi-20-3	1	0.67	15	2	171	743	0.1264147	77	0.0016363
poi-20-3	1	0.67	15	3	85	336	0.0905211	0	0
poi-20-3	1	0.67	15	3	171	743	0.127701	60	0.001338
poi-20-3	1	0.67	31	1	85	336	0.128306	0	0
poi-20-3	1	0.67	31	1	171	769	0.2036868	39	0.0016078
poi-20-3	1	0.67	31	2	85	336	0.1450813	0	0
poi-20-3	1	0.67	31	2	171	769	0.2513336	20	0.0010431
poi-20-3	1	0.67	31	3	85	336	0.1578548	0	0
poi-20-3	1	0.67	31	3	171	769	0.2774737	50	0.002514
poi-20-3	1	1	15	1	85	336	0.1163057	0	0
poi-20-3	1	1	15	1	171	773	0.2133472	80	0.0033444
poi-20-3	1	1	15	2	85	336	0.1260496	0	0
poi-20-3	1	1	15	2	171	773	0.2140085	11	0.0004257
poi-20-3	1	1	15	3	85	336	0.1303315	0	0
poi-20-3	1	1	15	3	171	773	0.2199058	76	0.0031646
poi-20-3	1	1	31	1	85	336	0.118351	0	0
poi-20-3	1	1	31	1	171	812	0.258735	67	0.0034418
poi-20-3	1	1	31	2	85	372	0.1372441	15	0.0005926
poi-20-3	1	1	31	2	171	859	0.2677852	288	0.0140806
poi-20-3	1	1	31	3	85	431	0.1577546	22	0.000798
poi-20-3	1	1	31	3	171	906	0.5341282	4844	0.2622752
poi-20-3	1	1.33	15	1	85	375	0.1255624	0	0
poi-20-3	1	1.33	15	1	171	832	0.2213812	145	0.0058249
poi-20-3	1	1.33	15	2	85	375	0.126177	0	0
poi-20-3	1	1.33	15	2	171	840	0.2167422	72	0.0030933
poi-20-3	1	1.33	15	3	85	375	0.1309699	0	0
poi-20-3	1	1.33	15	3	171	840	0.226212	203	0.0086713
poi-20-3	1	1.33	31	1	85	419	0.1389198	0	0
poi-20-3	1	1.33	31	1	171	955	0.3452888	1361	0.0731704
poi-20-3	1	1.33	31	2	85	441	0.1586401	383	0.0119818
poi-20-3	1	1.33	31	2	171	1036	0.3443268	1442	0.0767998
poi-20-3	1	1.33	31	3	85	540	0.1606366	106	0.0038882
poi-20-3	1	1.33	31	3	171	1115	0.3614271	1408	0.0796893
poi-20-3	2	0.67	15	1	85	336	0.0874994	0	0
poi-20-3	2	0.67	15	1	171	755	0.1277708	70	0.0015724
poi-20-3	2	0.67	15	2	85	336	0.0883994	0	0
poi-20-3	2	0.67	15	2	171	755	0.1317348	194	0.0043556
poi-20-3	2	0.67	15	3	85	336	0.0903307	0	0
poi-20-3	2	0.67	15	3	171	755	0.1338553	188	0.0042633
poi-20-3	2	0.67	31	1	85	336	0.1273681	0	0
poi-20-3	2	0.67	31	1	171	769	0.2300288	48	0.0021627
poi-20-3	2	0.67	31	2	85	336	0.1430759	0	0
poi-20-3	2	0.67	31	2	171	769	0.2808223	40	0.0019636
poi-20-3	2	0.67	31	3	85	336	0.1561768	0	0
poi-20-3	2	0.67	31	3	171	801	0.3678621	1263	0.0705045
poi-20-3	2	1	15	1	85	336	0.1145239	0	0
poi-20-3	2	1	15	1	171	773	0.2106146	59	0.0023194
poi-20-3	2	1	15	2	85	336	0.1175962	0	0
poi-20-3	2	1	15	2	171	773	0.2089999	62	0.0023439
poi-20-3	2	1	15	3	85	336	0.1207224	0	0
poi-20-3	2	1	15	3	171	773	0.2163618	69	0.0027683
poi-20-3	2	1	31	1	85	372	0.1148959	25	0.0005994
poi-20-3	2	1	31	1	171	859	0.2901163	1445	0.0650274
poi-20-3	2	1	31	2	85	475	0.1404782	78	0.0025132
poi-20-3	2	1	31	2	171	975	0.4769605	5289	0.2441625
poi-20-3	2	1	31	3	85	483	0.1532099	3	9.44E-05
poi-20-3	2	1	31	3	171	999	0.273599	625	0.0310382
poi-20-3	2	1.33	15	1	85	375	0.1244385	0	0
poi-20-3	2	1.33	15	1	171	833	0.2653422	1246	0.0524794
poi-20-3	2	1.33	15	2	85	375	0.1262512	0	0
poi-20-3	2	1.33	15	2	171	841	0.2180124	246	0.0098961
poi-20-3	2	1.33	15	3	85	375	0.1291487	0	0
poi-20-3	2	1.33	15	3	171	841	0.2335915	541	0.0225393
poi-20-3	2	1.33	31	1	85	441	0.1307893	173	0.0049482
poi-20-3	2	1.33	31	1	171	1023	0.3736851	3179	0.1454124
poi-20-3	2	1.33	31	2	85	598	0.1498757	106	0.0033751
poi-20-3	2	1.33	31	2	171	1178	0.3983477	3442	0.1620634
poi-20-3	2	1.33	31	3	85	608	0.168277	25	0.0009471
poi-20-3	2	1.33	31	3	171	1246	0.5036233	5031	0.2520559
poi-20-4	1	0.67	13	1	78	412	0.0914619	0	0
poi-20-4	1	0.67	13	1	157	797	0.1299651	12	0.0002587
poi-20-4	1	0.67	13	2	78	412	0.0919605	0	0
poi-20-4	1	0.67	13	2	157	797	0.1334218	15	0.0003164
poi-20-4	1	0.67	13	3	78	412	0.0940828	0	0
poi-20-4	1	0.67	13	3	157	797	0.1351935	13	0.0003582
poi-20-4	1	0.67	26	1	78	412	0.1362578	0	0
poi-20-4	1	0.67	26	1	157	797	0.22303	35	0.001325
poi-20-4	1	0.67	26	2	78	412	0.1533656	0	0
poi-20-4	1	0.67	26	2	157	800	0.2805827	83	0.0036152
poi-20-4	1	0.67	26	3	78	412	0.1686162	0	0
poi-20-4	1	0.67	26	3	157	827	0.5914227	4403	0.2765638
poi-20-4	1	1	13	1	78	412	0.123554	0	0
poi-20-4	1	1	13	1	157	811	0.233236	9	0.0003658
poi-20-4	1	1	13	2	78	412	0.1260117	0	0
poi-20-4	1	1	13	2	157	811	0.2416615	12	0.000431
poi-20-4	1	1	13	3	78	412	0.1292078	0	0
poi-20-4	1	1	13	3	157	811	0.2411366	2	8.81E-05
poi-20-4	1	1	26	1	78	429	0.1460399	26	0.0008511
poi-20-4	1	1	26	1	157	841	0.2564764	8	0.0006094
poi-20-4	1	1	26	2	78	469	0.1715191	52	0.0021293
poi-20-4	1	1	26	2	157	905	0.4461803	3776	0.1916748
poi-20-4	1	1	26	3	78	511	0.207374	594	0.0230555
poi-20-4	1	1	26	3	157	917	0.2885054	468	0.024442
poi-20-4	1	1.33	13	1	78	466	0.1248226	0	0
poi-20-4	1	1.33	13	1	157	865	0.2310889	2	0.0001637
poi-20-4	1	1.33	13	2	78	479	0.1310133	3	7.67E-05
poi-20-4	1	1.33	13	2	157	892	0.232828	21	0.0009481
poi-20-4	1	1.33	13	3	78	479	0.1337597	1	2.64E-05
poi-20-4	1	1.33	13	3	157	892	0.2340574	6	0.0003232
poi-20-4	1	1.33	26	1	78	510	0.305274	3122	0.1203324
poi-20-4	1	1.33	26	1	157	1014	0.3586757	1661	0.0873353
poi-20-4	1	1.33	26	2	78	538	0.1626236	14	0.00049
poi-20-4	1	1.33	26	2	157	1045	0.2737613	20	0.0011325
poi-20-4	1	1.33	26	3	78	585	0.1990057	852	0.0295276
poi-20-4	1	1.33	26	3	157	1076	0.4177188	2451	0.1377005
poi-20-4	2	0.67	13	1	78	412	0.0892763	0	0
poi-20-4	2	0.67	13	1	157	797	0.130789	13	0.0003431
poi-20-4	2	0.67	13	2	78	412	0.0921982	0	0
poi-20-4	2	0.67	13	2	157	797	0.1335179	10	0.000231
poi-20-4	2	0.67	13	3	78	412	0.0938083	0	0
poi-20-4	2	0.67	13	3	157	797	0.1361892	32	0.0007977
poi-20-4	2	0.67	26	1	78	412	0.1305754	0	0
poi-20-4	2	0.67	26	1	157	879	0.2955213	1271	0.0577606
poi-20-4	2	0.67	26	2	78	412	0.1485047	0	0
poi-20-4	2	0.67	26	2	157	903	0.4970806	4109	0.2213108
poi-20-4	2	0.67	26	3	78	412	0.1643889	0	0
poi-20-4	2	0.67	26	3	157	903	0.3312258	546	0.029985
poi-20-4	2	1	13	1	78	412	0.1212806	0	0
poi-20-4	2	1	13	1	157	811	0.2259458	7	0.0002881
poi-20-4	2	1	13	2	78	412	0.1238605	0	0
poi-20-4	2	1	13	2	157	811	0.2289285	3	0.0001494
poi-20-4	2	1	13	3	78	412	0.127014	0	0
poi-20-4	2	1	13	3	157	811	0.2328397	4	0.0003258
poi-20-4	2	1	26	1	78	478	0.1393524	14	0.0004056
poi-20-4	2	1	26	1	157	961	0.2289086	161	0.0072069
poi-20-4	2	1	26	2	78	520	0.1853221	29	0.0010635
poi-20-4	2	1	26	2	157	998	0.2461415	516	0.0231489
poi-20-4	2	1	26	3	78	520	0.2043748	21	0.0010644
poi-20-4	2	1	26	3	157	998	0.2411121	125	0.005947
poi-20-4	2	1.33	13	1	78	466	0.1240305	0	0
poi-20-4	2	1.33	13	1	157	865	0.2278774	1	6.25E-05
poi-20-4	2	1.33	13	2	78	479	0.1309173	2	5.13E-05
poi-20-4	2	1.33	13	2	157	892	0.2284505	13	0.0005307
poi-20-4	2	1.33	13	3	78	479	0.1335524	1	2.61E-05
poi-20-4	2	1.33	13	3	157	892	0.2301243	4	0.0001737
poi-20-4	2	1.33	26	1	78	550	0.176758	4	0.0001893
poi-20-4	2	1.33	26	1	157	1068	0.2444273	446	0.0196905
poi-20-4	2	1.33	26	2	78	594	0.1647602	34	0.0011058
poi-20-4	2	1.33	26	2	157	1144	0.2819892	1054	0.0487811
poi-20-4	2	1.33	26	3	78	609	0.2823533	2297	0.0883028
poi-20-4	2	1.33	26	3	157	1170	0.2627801	240	0.0120653
poi-20-5	1	0.67	13	1	74	303	0.1011989	29	0.0006239
poi-20-5	1	0.67	13	1	149	726	0.1525416	922	0.0231759
poi-20-5	1	0.67	13	2	74	303	0.1060208	76	0.0016482
poi-20-5	1	0.67	13	2	149	726	0.1389234	272	0.0062856
poi-20-5	1	0.67	13	3	74	303	0.1085658	5	0.0001048
poi-20-5	1	0.67	13	3	149	726	0.1584671	856	0.0229296
poi-20-5	1	0.67	26	1	74	308	0.1419864	5	0.0001605
poi-20-5	1	0.67	26	1	149	739	0.2130124	415	0.0149687
poi-20-5	1	0.67	26	2	74	334	0.1597786	3	8.95E-05
poi-20-5	1	0.67	26	2	149	763	0.2457445	379	0.0157358
poi-20-5	1	0.67	26	3	74	334	0.1667322	3	0.0002123
poi-20-5	1	0.67	26	3	149	763	0.2614143	223	0.0091153
poi-20-5	1	1	13	1	74	333	0.1039237	26	0.0006536
poi-20-5	1	1	13	1	149	739	0.2314315	217	0.00931
poi-20-5	1	1	13	2	74	333	0.1112912	15	0.0003257
poi-20-5	1	1	13	2	149	762	0.2234872	9	0.0003755
poi-20-5	1	1	13	3	74	333	0.1147749	2	3.77E-05
poi-20-5	1	1	13	3	149	762	0.2312137	83	0.0036534
poi-20-5	1	1	26	1	74	341	0.1297883	32	0.000943
poi-20-5	1	1	26	1	149	824	0.2613742	441	0.0212493
poi-20-5	1	1	26	2	74	380	0.142859	4	0.0001236
poi-20-5	1	1	26	2	149	824	0.2438686	21	0.001087
poi-20-5	1	1	26	3	74	380	0.1526121	15	0.0005982
poi-20-5	1	1	26	3	149	851	0.2777572	492	0.024924
poi-20-5	1	1.33	13	1	74	361	0.1151689	41	0.0010357
poi-20-5	1	1.33	13	1	149	799	0.2305467	189	0.0084357
poi-20-5	1	1.33	13	2	74	361	0.1206609	15	0.0004278
poi-20-5	1	1.33	13	2	149	843	0.2249985	11	0.0004373
poi-20-5	1	1.33	13	3	74	361	0.120795	1	1.93E-05
poi-20-5	1	1.33	13	3	149	855	0.2306504	39	0.0016468
poi-20-5	1	1.33	26	1	74	405	0.2320007	3526	0.0963298
poi-20-5	1	1.33	26	1	149	963	0.2873412	430	0.0227748
poi-20-5	1	1.33	26	2	74	456	0.1905122	1007	0.0317384
poi-20-5	1	1.33	26	2	149	996	0.4073635	2870	0.1483146
poi-20-5	1	1.33	26	3	74	479	0.1763098	135	0.0048618
poi-20-5	1	1.33	26	3	149	997	0.3337127	1285	0.0689388
poi-20-5	2	0.67	13	1	74	303	0.1005925	27	0.0005673
poi-20-5	2	0.67	13	1	149	726	0.1593444	1224	0.0301449
poi-20-5	2	0.67	13	2	74	303	0.1034814	30	0.0006849
poi-20-5	2	0.67	13	2	149	726	0.1663887	1315	0.0341643
poi-20-5	2	0.67	13	3	74	303	0.1069296	20	0.0004266
poi-20-5	2	0.67	13	3	149	726	0.1461577	468	0.0122209
poi-20-5	2	0.67	26	1	74	341	0.1449843	42	0.0012783
poi-20-5	2	0.67	26	1	149	785	0.2378177	173	0.0064376
poi-20-5	2	0.67	26	2	74	387	0.1705366	27	0.0010304
poi-20-5	2	0.67	26	2	149	785	0.2698089	60	0.0026817
poi-20-5	2	0.67	26	3	74	425	0.1825865	7	0.0002697
poi-20-5	2	0.67	26	3	149	785	0.2950026	59	0.0025641
poi-20-5	2	1	13	1	74	333	0.1101828	2	3.55E-05
poi-20-5	2	1	13	1	149	762	0.3982938	3799	0.1712678
poi-20-5	2	1	13	2	74	333	0.1156595	23	0.0005891
poi-20-5	2	1	13	2	149	762	0.2314111	81	0.0034846
poi-20-5	2	1	13	3	74	333	0.1203122	28	0.0007658
poi-20-5	2	1	13	3	149	762	0.2326627	26	0.0011589
poi-20-5	2	1	26	1	74	390	0.1318902	40	0.0011494
poi-20-5	2	1	26	1	149	868	0.3003392	2246	0.0930565
poi-20-5	2	1	26	2	74	460	0.1562084	29	0.0010241
poi-20-5	2	1	26	2	149	902	0.2233689	145	0.0063494
poi-20-5	2	1	26	3	74	517	0.165416	1	3.45E-05
poi-20-5	2	1	26	3	149	902	0.2416219	241	0.0110407
poi-20-5	2	1.33	13	1	74	361	0.1253012	17	0.0004542
poi-20-5	2	1.33	13	1	149	843	0.4568144	5289	0.2356943
poi-20-5	2	1.33	13	2	74	361	0.1335829	21	0.0005235
poi-20-5	2	1.33	13	2	149	855	0.2315964	87	0.0038067
poi-20-5	2	1.33	13	3	74	361	0.1383848	3	9.06E-05
poi-20-5	2	1.33	13	3	149	855	0.2343378	88	0.0037631
poi-20-5	2	1.33	26	1	74	456	0.1420452	221	0.0062545
poi-20-5	2	1.33	26	1	149	1001	0.2117749	173	0.0073074
poi-20-5	2	1.33	26	2	74	528	0.1650836	20	0.000733
poi-20-5	2	1.33	26	2	149	1071	0.3317968	2337	0.1061439
poi-20-5	2	1.33	26	3	74	603	0.1756386	7	0.0002463
poi-20-5	2	1.33	26	3	149	1088	0.3159902	1418	0.0705228
poi-30-1	1	0.67	13	1	85	463	0.2600509	0	0
poi-30-1	1	0.67	13	1	171	1062	0.4000605	168	0.0095603
poi-30-1	1	0.67	13	2	85	463	0.2780363	0	0
poi-30-1	1	0.67	13	2	171	1062	0.4265046	169	0.0098917
poi-30-1	1	0.67	13	3	85	463	0.29917	0	0
poi-30-1	1	0.67	13	3	171	1062	0.4336407	12	0.0005358
poi-30-1	1	0.67	26	1	85	496	0.4110519	180	0.012149
poi-30-1	1	0.67	26	1	171	1093	0.7346226	1538	0.1577588
poi-30-1	1	0.67	26	2	85	559	0.5574967	760	0.0670103
poi-30-1	1	0.67	26	2	171	1111	0.7114184	129	0.012275
poi-30-1	1	0.67	26	3	85	568	0.7680705	1563	0.178458
poi-30-1	1	0.67	26	3	171	1122	1.174283	2517	0.37733
poi-30-1	1	1	13	1	85	494	0.3342591	253	0.0164718
poi-30-1	1	1	13	1	171	1093	0.5280636	239	0.0226861
poi-30-1	1	1	13	2	85	500	0.3387221	352	0.0224322
poi-30-1	1	1	13	2	171	1110	0.4833249	66	0.0050391
poi-30-1	1	1	13	3	85	509	0.5539941	3328	0.2236809
poi-30-1	1	1	13	3	171	1110	0.5208249	491	0.044336
poi-30-1	1	1	26	1	85	557	0.4812328	1068	0.0852475
poi-30-1	1	1	26	1	171	1191	1.0057228	3460	0.4059502
poi-30-1	1	1	26	2	85	673	0.4660678	599	0.0503033
poi-30-1	1	1	26	2	171	1282	1.1898652	6627	0.6760918
poi-30-1	1	1	26	3	85	677	0.5339635	623	0.0587553
poi-30-1	1	1	26	3	171	1286	0.5650157	583	0.0597433
poi-30-1	1	1.33	13	1	85	568	0.4650191	1767	0.1237369
poi-30-1	1	1.33	13	1	171	1220	0.5426235	159	0.0132345
poi-30-1	1	1.33	13	2	85	585	0.627407	3690	0.2682144
poi-30-1	1	1.33	13	2	171	1239	1.1114103	6241	0.6107383
poi-30-1	1	1.33	13	3	85	609	0.4105355	665	0.0495446
poi-30-1	1	1.33	13	3	171	1239	0.5562567	644	0.0612918
poi-30-1	1	1.33	26	1	85	669	0.7114529	2851	0.2591618
poi-30-1	1	1.33	26	1	171	1375	1.4890922	7357	0.8818504
poi-30-1	1	1.33	26	2	85	813	0.9380396	5260	0.4910948
poi-30-1	1	1.33	26	2	171	1466	0.6464739	830	0.089614
poi-30-1	1	1.33	26	3	85	859	0.4946864	46	0.0048573
poi-30-1	1	1.33	26	3	171	1564	0.5506517	25	0.0027933
poi-30-1	2	0.67	13	1	85	463	0.2633354	0	0
poi-30-1	2	0.67	13	1	171	1071	0.422844	419	0.0229189
poi-30-1	2	0.67	13	2	85	463	0.2752301	0	0
poi-30-1	2	0.67	13	2	171	1073	0.4825777	888	0.0628373
poi-30-1	2	0.67	13	3	85	463	0.2895012	0	0
poi-30-1	2	0.67	13	3	171	1073	0.4382917	216	0.012367
poi-30-1	2	0.67	26	1	85	590	0.4276734	168	0.0118076
poi-30-1	2	0.67	26	1	171	1194	0.6423228	418	0.0402525
poi-30-1	2	0.67	26	2	85	597	0.5319148	161	0.013992
poi-30-1	2	0.67	26	2	171	1231	0.8430663	951	0.1218209
poi-30-1	2	0.67	26	3	85	619	0.6755414	615	0.0684858
poi-30-1	2	0.67	26	3	171	1231	1.7478959	5733	0.924553
poi-30-1	2	1	13	1	85	557	0.3728628	1371	0.0818165
poi-30-1	2	1	13	1	171	1119	0.5210696	22	0.0017741
poi-30-1	2	1	13	2	85	557	0.3134369	186	0.0114315
poi-30-1	2	1	13	2	171	1123	0.5083552	111	0.0078495
poi-30-1	2	1	13	3	85	561	0.3218753	256	0.0165532
poi-30-1	2	1	13	3	171	1123	0.5016111	40	0.003563
poi-30-1	2	1	26	1	85	677	0.35587	2	0.0001643
poi-30-1	2	1	26	1	171	1367	0.5317937	332	0.0289365
poi-30-1	2	1	26	2	85	758	0.4015497	20	0.0016445
poi-30-1	2	1	26	2	171	1417	0.5986207	1478	0.1342378
poi-30-1	2	1	26	3	85	758	0.4673059	2	0.0002359
poi-30-1	2	1	26	3	171	1417	0.7911303	3413	0.3193494
poi-30-1	2	1.33	13	1	85	634	0.3610404	588	0.03833
poi-30-1	2	1.33	13	1	171	1251	0.557727	521	0.0435545
poi-30-1	2	1.33	13	2	85	655	0.3914592	645	0.0455234
poi-30-1	2	1.33	13	2	171	1270	0.6678849	1712	0.1669597
poi-30-1	2	1.33	13	3	85	680	0.3917846	467	0.0338513
poi-30-1	2	1.33	13	3	171	1293	1.5003164	9903	0.9942038
poi-30-1	2	1.33	26	1	85	836	0.6563822	3896	0.2860557
poi-30-1	2	1.33	26	1	171	1599	0.8980193	4078	0.3939569
poi-30-1	2	1.33	26	2	85	912	1.1296078	8487	0.7119734
poi-30-1	2	1.33	26	2	171	1704	0.4855088	174	0.0142962
poi-30-1	2	1.33	26	3	85	989	0.6917603	1992	0.1952427
poi-30-1	2	1.33	26	3	171	1735	0.7700963	3009	0.2913091
poi-30-2	1	0.67	12	1	95	641	0.2075742	658	0.0247303
poi-30-2	1	0.67	12	1	190	1162	0.3463516	47	0.0020387
poi-30-2	1	0.67	12	2	95	641	0.2295078	1350	0.0489942
poi-30-2	1	0.67	12	2	190	1164	0.4287005	1389	0.0901991
poi-30-2	1	0.67	12	3	95	641	0.2277852	606	0.0244793
poi-30-2	1	0.67	12	3	190	1164	0.5106469	2526	0.1646894
poi-30-2	1	0.67	25	1	95	654	0.329321	174	0.0112777
poi-30-2	1	0.67	25	1	190	1227	1.0780006	3676	0.438677
poi-30-2	1	0.67	25	2	95	665	0.4109061	76	0.006282
poi-30-2	1	0.67	25	2	190	1263	1.9428264	7671	1.172594
poi-30-2	1	0.67	25	3	95	683	0.5371405	536	0.0515091
poi-30-2	1	0.67	25	3	190	1263	1.2983929	2678	0.4484041
poi-30-2	1	1	12	1	95	657	0.2312248	14	0.0006992
poi-30-2	1	1	12	1	190	1201	0.8725394	2811	0.3011466
poi-30-2	1	1	12	2	95	680	0.234238	15	0.0007035
poi-30-2	1	1	12	2	190	1255	0.587442	246	0.0189971
poi-30-2	1	1	12	3	95	680	0.2400915	26	0.001368
poi-30-2	1	1	12	3	190	1255	0.7541873	1673	0.1740809
poi-30-2	1	1	25	1	95	701	0.34741	343	0.0223457
poi-30-2	1	1	25	1	190	1309	0.983174	2741	0.340299
poi-30-2	1	1	25	2	95	755	0.6187488	4223	0.2831564
poi-30-2	1	1	25	2	190	1369	0.5765771	552	0.0528605
poi-30-2	1	1	25	3	95	840	0.438992	772	0.0592809
poi-30-2	1	1	25	3	190	1387	0.5146467	214	0.0187678
poi-30-2	1	1.33	12	1	95	755	0.2314655	14	0.0006811
poi-30-2	1	1.33	12	1	190	1311	0.6087259	202	0.0173815
poi-30-2	1	1.33	12	2	95	778	0.2442893	109	0.005605
poi-30-2	1	1.33	12	2	190	1331	0.7145472	1483	0.1541465
poi-30-2	1	1.33	12	3	95	785	0.3419883	2051	0.1001015
poi-30-2	1	1.33	12	3	190	1356	0.7931086	2068	0.2266093
poi-30-2	1	1.33	25	1	95	829	0.3773886	268	0.0191398
poi-30-2	1	1.33	25	1	190	1500	0.7992756	1008	0.1315757
poi-30-2	1	1.33	25	2	95	959	0.6532159	4032	0.2925976
poi-30-2	1	1.33	25	2	190	1635	0.5568898	213	0.0197717
poi-30-2	1	1.33	25	3	95	1030	0.6397214	2612	0.2214341
poi-30-2	1	1.33	25	3	190	1717	1.0919355	5839	0.5867475
poi-30-2	2	0.67	12	1	95	654	0.1895361	59	0.0019736
poi-30-2	2	0.67	12	1	190	1209	0.4434452	1568	0.1040485
poi-30-2	2	0.67	12	2	95	654	0.1855206	12	0.0004617
poi-30-2	2	0.67	12	2	190	1209	0.6574538	4689	0.3131678
poi-30-2	2	0.67	12	3	95	654	0.1881113	29	0.0010323
poi-30-2	2	0.67	12	3	190	1190	0.5233192	2673	0.1790006
poi-30-2	2	0.67	25	1	95	805	0.9437568	7645	0.5684762
poi-30-2	2	0.67	25	1	190	1281	0.9225874	2076	0.2664774
poi-30-2	2	0.67	25	2	95	890	0.5112688	408	0.0369514
poi-30-2	2	0.67	25	2	190	1278	1.781361	7355	1.058088
poi-30-2	2	0.67	25	3	95	902	0.5735916	52	0.0058268
poi-30-2	2	0.67	25	3	190	1281	1.3186566	3547	0.543979
poi-30-2	2	1	12	1	95	680	0.2351438	25	0.0012639
poi-30-2	2	1	12	1	190	1268	0.649735	652	0.0660304
poi-30-2	2	1	12	2	95	680	0.2324435	6	0.0002973
poi-30-2	2	1	12	2	190	1268	0.6036641	345	0.0333376
poi-30-2	2	1	12	3	95	680	0.2359294	7	0.0002971
poi-30-2	2	1	12	3	190	1268	0.5956363	286	0.0244039
poi-30-2	2	1	25	1	95	935	0.5439085	3885	0.2386966
poi-30-2	2	1	25	1	190	1410	0.5553977	159	0.012789
poi-30-2	2	1	25	2	95	1067	0.3670318	690	0.044394
poi-30-2	2	1	25	2	190	1410	0.47244	58	0.0047609
poi-30-2	2	1	25	3	95	1067	0.3654054	551	0.0364406
poi-30-2	2	1	25	3	190	1410	0.4719303	39	0.0033357
poi-30-2	2	1.33	12	1	95	785	0.3030394	1336	0.0650593
poi-30-2	2	1.33	12	1	190	1363	0.6554755	649	0.0617576
poi-30-2	2	1.33	12	2	95	785	0.37473	2831	0.1367674
poi-30-2	2	1.33	12	2	190	1366	0.9217525	3120	0.3487455
poi-30-2	2	1.33	12	3	95	785	0.3265684	1749	0.0841897
poi-30-2	2	1.33	12	3	190	1366	0.7860778	1950	0.208312
poi-30-2	2	1.33	25	1	95	1075	0.3471472	498	0.0312932
poi-30-2	2	1.33	25	1	190	1692	0.8909426	3125	0.3387321
poi-30-2	2	1.33	25	2	95	1286	0.5719614	3524	0.2354484
poi-30-2	2	1.33	25	2	190	1742	0.8248852	3651	0.3436742
poi-30-2	2	1.33	25	3	95	1302	0.5711906	3272	0.2282
poi-30-2	2	1.33	25	3	190	1773	1.1841961	7098	0.6896756
poi-30-3	1	0.67	12	1	86	441	0.2265812	747	0.0293051
poi-30-3	1	0.67	12	1	172	1140	0.6432749	3908	0.2780109
poi-30-3	1	0.67	12	2	86	460	0.2330484	738	0.0302398
poi-30-3	1	0.67	12	2	172	1148	0.5148701	1813	0.1359721
poi-30-3	1	0.67	12	3	86	466	0.440369	5539	0.2310721
poi-30-3	1	0.67	12	3	172	1156	0.8254216	5813	0.44116
poi-30-3	1	0.67	24	1	86	531	0.316077	651	0.035976
poi-30-3	1	0.67	24	1	172	1277	0.7585206	1089	0.1302864
poi-30-3	1	0.67	24	2	86	540	0.344593	20	0.0015938
poi-30-3	1	0.67	24	2	172	1300	1.267457	2850	0.457325
poi-30-3	1	0.67	24	3	86	545	0.3946034	17	0.0014776
poi-30-3	1	0.67	24	3	172	1298	1.3227908	2325	0.4130247
poi-30-3	1	1	12	1	86	487	0.2651984	466	0.0232333
poi-30-3	1	1	12	1	172	1176	0.5230265	76	0.0060716
poi-30-3	1	1	12	2	86	487	0.2426493	14	0.0007068
poi-30-3	1	1	12	2	172	1215	0.5885253	847	0.0780438
poi-30-3	1	1	12	3	86	487	0.2584781	150	0.0074778
poi-30-3	1	1	12	3	172	1215	0.693099	1768	0.1778784
poi-30-3	1	1	24	1	86	613	0.3376115	503	0.030471
poi-30-3	1	1	24	1	172	1430	0.609058	472	0.0457976
poi-30-3	1	1	24	2	86	627	0.3280045	236	0.0147566
poi-30-3	1	1	24	2	172	1442	0.6876505	2144	0.2038591
poi-30-3	1	1	24	3	86	627	0.3613616	7	0.0003447
poi-30-3	1	1	24	3	172	1449	0.4833734	124	0.0114667
poi-30-3	1	1.33	12	1	86	519	0.2886842	426	0.0238318
poi-30-3	1	1.33	12	1	172	1299	0.6158075	1224	0.1158405
poi-30-3	1	1.33	12	2	86	521	0.3186708	1027	0.0569222
poi-30-3	1	1.33	12	2	172	1328	0.5384776	349	0.029106
poi-30-3	1	1.33	12	3	86	521	0.2799147	37	0.002273
poi-30-3	1	1.33	12	3	172	1329	0.6899981	1871	0.1817146
poi-30-3	1	1.33	24	1	86	718	0.4653341	1595	0.1129756
poi-30-3	1	1.33	24	1	172	1590	0.699696	1068	0.1197542
poi-30-3	1	1.33	24	2	86	779	0.4862211	1978	0.1387451
poi-30-3	1	1.33	24	2	172	1756	0.560442	769	0.071832
poi-30-3	1	1.33	24	3	86	802	0.4762709	1262	0.0961748
poi-30-3	1	1.33	24	3	172	1810	0.7581618	2956	0.2806282
poi-30-3	2	0.67	12	1	86	460	0.2807824	2335	0.0894272
poi-30-3	2	0.67	12	1	172	1165	0.7163898	4833	0.3453135
poi-30-3	2	0.67	12	2	86	466	0.210876	264	0.0107469
poi-30-3	2	0.67	12	2	172	1165	0.6826279	4008	0.3007021
poi-30-3	2	0.67	12	3	86	466	0.389517	4485	0.1840528
poi-30-3	2	0.67	12	3	172	1165	0.6068649	2930	0.220335
poi-30-3	2	0.67	24	1	86	601	0.4464276	2039	0.1302493
poi-30-3	2	0.67	24	1	172	1310	0.7501456	26	0.0032715
poi-30-3	2	0.67	24	2	86	607	0.40848	45	0.0033819
poi-30-3	2	0.67	24	2	172	1330	2.3140945	8735	1.4663526
poi-30-3	2	0.67	24	3	86	607	0.4493682	56	0.0052424
poi-30-3	2	0.67	24	3	172	1323	1.3140349	2080	0.3710801
poi-30-3	2	1	12	1	86	487	0.2290311	37	0.0017593
poi-30-3	2	1	12	1	172	1225	0.5329331	128	0.0097312
poi-30-3	2	1	12	2	86	506	0.2273021	127	0.0059405
poi-30-3	2	1	12	2	172	1225	0.5361897	307	0.0245806
poi-30-3	2	1	12	3	86	506	0.328448	2150	0.0999526
poi-30-3	2	1	12	3	172	1225	0.5557376	460	0.0401435
poi-30-3	2	1	24	1	86	711	0.3567128	1235	0.0705126
poi-30-3	2	1	24	1	172	1449	0.4941789	58	0.0048599
poi-30-3	2	1	24	2	86	720	0.3150344	78	0.0048602
poi-30-3	2	1	24	2	172	1449	0.4313425	25	0.0021038
poi-30-3	2	1	24	3	86	720	0.32814	42	0.0026411
poi-30-3	2	1	24	3	172	1449	0.4387559	8	0.0006283
poi-30-3	2	1.33	12	1	86	519	0.241138	119	0.0060086
poi-30-3	2	1.33	12	1	172	1341	0.509907	168	0.0122245
poi-30-3	2	1.33	12	2	86	586	0.2763636	604	0.0314354
poi-30-3	2	1.33	12	2	172	1343	0.8846342	3870	0.3836459
poi-30-3	2	1.33	12	3	86	586	0.2567497	69	0.0038296
poi-30-3	2	1.33	12	3	172	1343	0.5431579	585	0.0518561
poi-30-3	2	1.33	24	1	86	852	0.4203764	1966	0.1180305
poi-30-3	2	1.33	24	1	172	1722	1.1757013	7066	0.6867848
poi-30-3	2	1.33	24	2	86	889	0.5956944	3913	0.2615942
poi-30-3	2	1.33	24	2	172	1804	0.4433602	141	0.0105023
poi-30-3	2	1.33	24	3	86	902	0.3547158	214	0.0144804
poi-30-3	2	1.33	24	3	172	1838	0.8456071	4291	0.3877715
poi-30-4	1	0.67	11	1	91	798	0.7322057	8276	0.4561974
poi-30-4	1	0.67	11	1	183	1211	0.3825983	364	0.0151079
poi-30-4	1	0.67	11	2	91	798	0.4669763	3041	0.1745213
poi-30-4	1	0.67	11	2	183	1211	0.4328396	855	0.0543437
poi-30-4	1	0.67	11	3	91	798	0.3204308	359	0.0196812
poi-30-4	1	0.67	11	3	183	1211	0.4160662	524	0.0305616
poi-30-4	1	0.67	23	1	91	852	0.5151649	815	0.0693394
poi-30-4	1	0.67	23	1	183	1215	0.917664	2908	0.3295812
poi-30-4	1	0.67	23	2	91	882	1.4390898	7427	0.8569341
poi-30-4	1	0.67	23	2	183	1215	0.716903	204	0.0212383
poi-30-4	1	0.67	23	3	91	887	0.9208376	1598	0.2222972
poi-30-4	1	0.67	23	3	183	1215	0.8574292	158	0.0175688
poi-30-4	1	1	11	1	91	842	0.4579793	3190	0.1786524
poi-30-4	1	1	11	1	183	1226	0.5606489	4	0.0005746
poi-30-4	1	1	11	2	91	842	0.2891666	168	0.0097465
poi-30-4	1	1	11	2	183	1226	0.5313981	5	0.0004508
poi-30-4	1	1	11	3	91	842	0.352288	1193	0.067675
poi-30-4	1	1	11	3	183	1226	0.5150476	13	0.0011613
poi-30-4	1	1	23	1	91	893	1.3782497	14162	1.0180448
poi-30-4	1	1	23	1	183	1226	0.6895102	64	0.0072917
poi-30-4	1	1	23	2	91	932	0.3990599	175	0.0137916
poi-30-4	1	1	23	2	183	1226	0.6283001	4	0.0002998
poi-30-4	1	1	23	3	91	1017	0.6431576	2257	0.2003425
poi-30-4	1	1	23	3	183	1280	1.0791633	4180	0.4983062
poi-30-4	1	1.33	11	1	91	911	0.5085771	4066	0.2282833
poi-30-4	1	1.33	11	1	183	1395	0.6300074	589	0.0596668
poi-30-4	1	1.33	11	2	91	916	0.3389122	803	0.046852
poi-30-4	1	1.33	11	2	183	1425	0.5263794	69	0.00545
poi-30-4	1	1.33	11	3	91	916	0.3101425	284	0.0163455
poi-30-4	1	1.33	11	3	183	1427	0.5448008	127	0.0102489
poi-30-4	1	1.33	23	1	91	986	0.6247217	3322	0.2503435
poi-30-4	1	1.33	23	1	183	1461	0.9743779	2052	0.2768078
poi-30-4	1	1.33	23	2	91	1108	0.4300528	152	0.0132449
poi-30-4	1	1.33	23	2	183	1533	1.2255427	4635	0.5869242
poi-30-4	1	1.33	23	3	91	1227	0.6326693	1566	0.1506256
poi-30-4	1	1.33	23	3	183	1556	0.7846195	1428	0.1685577
poi-30-4	2	0.67	11	1	91	798	0.2891413	515	0.0254032
poi-30-4	2	0.67	11	1	183	1215	0.3913011	419	0.0272311
poi-30-4	2	0.67	11	2	91	813	0.3846626	1939	0.1073108
poi-30-4	2	0.67	11	2	183	1215	0.4464719	1101	0.0744754
poi-30-4	2	0.67	11	3	91	799	0.3864316	1803	0.1005236
poi-30-4	2	0.67	11	3	183	1215	0.4010364	371	0.0271494
poi-30-4	2	0.67	23	1	91	977	0.9463265	3255	0.359991
poi-30-4	2	0.67	23	1	183	1215	0.5578354	76	0.0055576
poi-30-4	2	0.67	23	2	91	978	0.7564881	45	0.0058019
poi-30-4	2	0.67	23	2	183	1215	0.6968607	32	0.0029609
poi-30-4	2	0.67	23	3	91	978	0.7820422	86	0.012965
poi-30-4	2	0.67	23	3	183	1216	1.09544	1850	0.2906444
poi-30-4	2	1	11	1	91	863	0.5100477	4716	0.2481317
poi-30-4	2	1	11	1	183	1226	0.5640175	3	0.0004961
poi-30-4	2	1	11	2	91	842	0.2742062	56	0.0029621
poi-30-4	2	1	11	2	183	1226	0.5413025	1	9.62E-05
poi-30-4	2	1	11	3	91	852	0.3651382	1492	0.0848258
poi-30-4	2	1	11	3	183	1226	0.5409067	1	0.0001231
poi-30-4	2	1	23	1	91	1066	0.3663721	179	0.0125943
poi-30-4	2	1	23	1	183	1285	0.8745578	2010	0.2502227
poi-30-4	2	1	23	2	91	1092	0.3788941	2	0.0002035
poi-30-4	2	1	23	2	183	1298	0.6123734	246	0.0255875
poi-30-4	2	1	23	3	91	1092	0.4303924	68	0.0055797
poi-30-4	2	1	23	3	183	1298	0.5472012	33	0.0032346
poi-30-4	2	1.33	11	1	91	942	0.2801834	182	0.0102214
poi-30-4	2	1.33	11	1	183	1407	0.9887806	4018	0.4362041
poi-30-4	2	1.33	11	2	91	976	0.2961588	207	0.0119359
poi-30-4	2	1.33	11	2	183	1431	0.6386726	1138	0.1025298
poi-30-4	2	1.33	11	3	91	976	0.3026835	132	0.0079083
poi-30-4	2	1.33	11	3	183	1431	0.6314949	1025	0.1005942
poi-30-4	2	1.33	23	1	91	1245	0.8802622	6154	0.4865026
poi-30-4	2	1.33	23	1	183	1497	1.2953919	5433	0.6725639
poi-30-4	2	1.33	23	2	91	1370	0.5865008	2012	0.1670422
poi-30-4	2	1.33	23	2	183	1569	1.0334679	3888	0.4464119
poi-30-4	2	1.33	23	3	91	1389	0.6451975	2199	0.1962893
poi-30-4	2	1.33	23	3	183	1613	0.9103499	3384	0.3632577
poi-30-5	1	0.67	13	1	82	422	0.1702174	297	0.0097135
poi-30-5	1	0.67	13	1	164	1206	0.648158	3656	0.2668902
poi-30-5	1	0.67	13	2	82	441	0.1763833	3	0.0001295
poi-30-5	1	0.67	13	2	164	1202	0.645224	3342	0.2546655
poi-30-5	1	0.67	13	3	82	441	0.185925	22	0.0006601
poi-30-5	1	0.67	13	3	164	1202	0.8315979	5596	0.4339263
poi-30-5	1	0.67	26	1	82	454	0.3622626	3072	0.1383697
poi-30-5	1	0.67	26	1	164	1233	0.7208938	1144	0.1276062
poi-30-5	1	0.67	26	2	82	496	0.2666701	8	0.0005531
poi-30-5	1	0.67	26	2	164	1255	0.7377652	100	0.0095391
poi-30-5	1	0.67	26	3	82	529	0.3137556	67	0.0040196
poi-30-5	1	0.67	26	3	164	1283	0.8181182	152	0.0168993
poi-30-5	1	1	13	1	82	431	0.2024234	86	0.0037084
poi-30-5	1	1	13	1	164	1254	0.5114307	85	0.0064415
poi-30-5	1	1	13	2	82	494	0.2180903	39	0.0018689
poi-30-5	1	1	13	2	164	1254	0.6588572	1726	0.1702199
poi-30-5	1	1	13	3	82	494	0.2206785	13	0.0006812
poi-30-5	1	1	13	3	164	1254	0.5882681	848	0.0822097
poi-30-5	1	1	26	1	82	499	0.2494869	723	0.0314364
poi-30-5	1	1	26	1	164	1318	0.6127736	590	0.0585989
poi-30-5	1	1	26	2	82	562	0.2472761	51	0.0024983
poi-30-5	1	1	26	2	164	1397	0.5516303	616	0.0594519
poi-30-5	1	1	26	3	82	612	0.2882128	463	0.024641
poi-30-5	1	1	26	3	164	1419	0.4940534	116	0.0111117
poi-30-5	1	1.33	13	1	82	490	0.4258642	4086	0.1914717
poi-30-5	1	1.33	13	1	164	1408	0.8207147	3416	0.3257973
poi-30-5	1	1.33	13	2	82	563	0.2408608	2	0.0001063
poi-30-5	1	1.33	13	2	164	1432	0.7458693	2661	0.2558191
poi-30-5	1	1.33	13	3	82	564	0.2470494	13	0.0007803
poi-30-5	1	1.33	13	3	164	1442	1.9213385	14339	1.4251887
poi-30-5	1	1.33	26	1	82	589	0.3147768	1141	0.0581064
poi-30-5	1	1.33	26	1	164	1499	0.5925597	562	0.0561965
poi-30-5	1	1.33	26	2	82	649	0.26748	9	0.000536
poi-30-5	1	1.33	26	2	164	1659	0.6488366	1750	0.164811
poi-30-5	1	1.33	26	3	82	715	0.2933147	185	0.0106878
poi-30-5	1	1.33	26	3	164	1737	1.0841116	6444	0.6076219
poi-30-5	2	0.67	13	1	82	472	0.1800803	35	0.0011456
poi-30-5	2	0.67	13	1	164	1211	0.5547196	2355	0.1730712
poi-30-5	2	0.67	13	2	82	487	0.2020608	221	0.0088422
poi-30-5	2	0.67	13	2	164	1211	0.5649466	2254	0.1732376
poi-30-5	2	0.67	13	3	82	487	0.2000514	14	0.0006103
poi-30-5	2	0.67	13	3	164	1211	0.4494365	760	0.0530131
poi-30-5	2	0.67	26	1	82	500	0.264337	17	0.0010725
poi-30-5	2	0.67	26	1	164	1328	1.0006982	2843	0.357302
poi-30-5	2	0.67	26	2	82	529	0.4040846	1029	0.0686753
poi-30-5	2	0.67	26	2	164	1357	0.7834127	364	0.0462523
poi-30-5	2	0.67	26	3	82	529	0.379078	56	0.0040171
poi-30-5	2	0.67	26	3	164	1371	0.8066291	55	0.0064364
poi-30-5	2	1	13	1	82	525	0.1927663	89	0.0035184
poi-30-5	2	1	13	1	164	1268	0.5057028	9	0.0008403
poi-30-5	2	1	13	2	82	562	0.2013126	9	0.0005021
poi-30-5	2	1	13	2	164	1275	0.5113013	169	0.0129592
poi-30-5	2	1	13	3	82	562	0.2028497	25	0.0010881
poi-30-5	2	1	13	3	164	1268	0.5200632	141	0.0105465
poi-30-5	2	1	26	1	82	575	0.2283854	7	0.0003311
poi-30-5	2	1	26	1	164	1447	0.5127815	260	0.0202267
poi-30-5	2	1	26	2	82	612	0.2576785	3	0.0001325
poi-30-5	2	1	26	2	164	1495	0.5993814	1876	0.1621982
poi-30-5	2	1	26	3	82	633	0.2887925	98	0.0058114
poi-30-5	2	1	26	3	164	1527	0.8080244	4248	0.3679754
poi-30-5	2	1.33	13	1	82	594	0.2205451	23	0.001046
poi-30-5	2	1.33	13	1	164	1414	0.8626633	4023	0.3834235
poi-30-5	2	1.33	13	2	82	633	0.2264739	6	0.000257
poi-30-5	2	1.33	13	2	164	1452	1.6006319	11909	1.1238557
poi-30-5	2	1.33	13	3	82	633	0.2315988	34	0.001657
poi-30-5	2	1.33	13	3	164	1436	0.8168523	3741	0.3434223
poi-30-5	2	1.33	26	1	82	672	0.2437547	10	0.0006774
poi-30-5	2	1.33	26	1	164	1691	0.9000351	4312	0.4085384
poi-30-5	2	1.33	26	2	82	741	0.268366	12	0.000825
poi-30-5	2	1.33	26	2	164	1796	0.5650568	1351	0.1190279
poi-30-5	2	1.33	26	3	82	761	0.3731703	537	0.037423
poi-30-5	2	1.33	26	3	164	1809	0.5559101	1316	0.111254
poi-40-1	1	0.67	12	1	101	1042	0.5037027	0	0
poi-40-1	1	0.67	12	1	202	1594	1.0024177	963	0.1487419
poi-40-1	1	0.67	12	2	101	1042	0.5504618	0	0
poi-40-1	1	0.67	12	2	202	1606	1.2605558	2440	0.3835384
poi-40-1	1	0.67	12	3	101	1042	0.5604197	0	0
poi-40-1	1	0.67	12	3	202	1606	0.9697437	595	0.0795633
poi-40-1	1	0.67	24	1	101	1083	0.7894686	15	0.0021902
poi-40-1	1	0.67	24	1	202	1668	1.7592047	1897	0.4507335
poi-40-1	1	0.67	24	2	101	1116	1.940923	4393	0.9107152
poi-40-1	1	0.67	24	2	202	1710	3.8417687	7016	2.2272282
poi-40-1	1	0.67	24	3	101	1154	2.2954351	4745	1.1145569
poi-40-1	1	0.67	24	3	202	1740	2.1519497	891	0.2953488
poi-40-1	1	1	12	1	101	1079	0.6410775	648	0.0752063
poi-40-1	1	1	12	1	202	1637	2.602304	5909	1.4126889
poi-40-1	1	1	12	2	101	1084	0.5436595	370	0.0381152
poi-40-1	1	1	12	2	202	1652	1.7104623	2880	0.6148681
poi-40-1	1	1	12	3	101	1084	0.5373722	155	0.0164631
poi-40-1	1	1	12	3	202	1659	1.5539717	2260	0.4693972
poi-40-1	1	1	24	1	101	1187	0.9017946	1690	0.224589
poi-40-1	1	1	24	1	202	1731	1.4453566	965	0.1950862
poi-40-1	1	1	24	2	101	1218	0.6308581	52	0.0066806
poi-40-1	1	1	24	2	202	1832	1.7388825	3691	0.7259559
poi-40-1	1	1	24	3	101	1259	0.9949989	2367	0.320711
poi-40-1	1	1	24	3	202	1867	1.0725569	510	0.0943296
poi-40-1	1	1.34	12	1	101	1250	0.5571312	17	0.0018661
poi-40-1	1	1.34	12	1	202	1857	1.4058749	1114	0.2490621
poi-40-1	1	1.34	12	2	101	1279	0.5252601	55	0.0056565
poi-40-1	1	1.34	12	2	202	1956	1.9800516	4309	0.903793
poi-40-1	1	1.34	12	3	101	1295	1.0372408	4892	0.5132275
poi-40-1	1	1.34	12	3	202	1978	1.4162814	1810	0.3537134
poi-40-1	1	1.34	24	1	101	1315	1.404112	4964	0.7007507
poi-40-1	1	1.34	24	1	202	2012	2.6449292	5595	1.3786184
poi-40-1	1	1.34	24	2	101	1496	1.1582734	4069	0.518159
poi-40-1	1	1.34	24	2	202	2213	2.4145068	6953	1.3950613
poi-40-1	1	1.34	24	3	101	1556	1.2029238	3657	0.5078124
poi-40-1	1	1.34	24	3	202	2277	1.0254205	207	0.0368264
poi-40-1	2	0.67	12	1	101	1054	0.5137541	109	0.0087846
poi-40-1	2	0.67	12	1	202	1634	1.1021013	1504	0.2250195
poi-40-1	2	0.67	12	2	101	1054	0.5363977	35	0.0030755
poi-40-1	2	0.67	12	2	202	1633	1.6142195	4143	0.7278913
poi-40-1	2	0.67	12	3	101	1054	0.5565125	131	0.0126268
poi-40-1	2	0.67	12	3	202	1633	1.5709719	4100	0.6709472
poi-40-1	2	0.67	24	1	101	1170	0.8838282	95	0.0129011
poi-40-1	2	0.67	24	1	202	1730	2.1418287	3127	0.7900657
poi-40-1	2	0.67	24	2	101	1199	1.1057801	19	0.0042381
poi-40-1	2	0.67	24	2	202	1754	1.5922681	213	0.0460504
poi-40-1	2	0.67	24	3	101	1199	1.2362382	61	0.0118128
poi-40-1	2	0.67	24	3	202	1765	1.8591112	376	0.0959878
poi-40-1	2	1	12	1	101	1167	0.5211894	59	0.0085688
poi-40-1	2	1	12	1	202	1706	1.2323969	155	0.0256103
poi-40-1	2	1	12	2	101	1167	0.4992388	10	0.0009105
poi-40-1	2	1	12	2	202	1719	1.8042005	3232	0.6798987
poi-40-1	2	1	12	3	101	1167	0.5231389	256	0.0242618
poi-40-1	2	1	12	3	202	1719	1.3164311	943	0.1819793
poi-40-1	2	1	24	1	101	1336	1.0868299	3660	0.4553332
poi-40-1	2	1	24	1	202	1893	2.0372684	4347	0.9351617
poi-40-1	2	1	24	2	101	1367	0.5862315	86	0.0098955
poi-40-1	2	1	24	2	202	1893	0.9989989	108	0.0154106
poi-40-1	2	1	24	3	101	1398	0.6757238	463	0.0581295
poi-40-1	2	1	24	3	202	1893	0.9711872	12	0.0019242
poi-40-1	2	1.34	12	1	101	1370	0.8543184	2968	0.3170854
poi-40-1	2	1.34	12	1	202	1949	1.2749946	653	0.1161576
poi-40-1	2	1.34	12	2	101	1399	0.534308	392	0.0365365
poi-40-1	2	1.34	12	2	202	1989	1.7509973	3338	0.6778441
poi-40-1	2	1.34	12	3	101	1399	0.7020256	1912	0.1953207
poi-40-1	2	1.34	12	3	202	2015	2.1194811	5091	1.0604602
poi-40-1	2	1.34	24	1	101	1557	1.0444768	3267	0.4043609
poi-40-1	2	1.34	24	1	202	2204	1.1311881	63	0.0089858
poi-40-1	2	1.34	24	2	101	1667	0.7208273	1012	0.1208697
poi-40-1	2	1.34	24	2	202	2338	1.2667068	1407	0.2593235
poi-40-1	2	1.34	24	3	101	1748	0.9230062	2103	0.2720563
poi-40-1	2	1.34	24	3	202	2371	1.3196453	1720	0.3256381
poi-40-2	1	0.67	12	1	97	838	1.3909513	10291	0.9382081
poi-40-2	1	0.67	12	1	194	1660	2.0376332	8234	1.2505569
poi-40-2	1	0.67	12	2	97	846	0.5912351	1265	0.1146427
poi-40-2	1	0.67	12	2	194	1660	1.2550761	2815	0.4401551
poi-40-2	1	0.67	12	3	97	846	0.5696515	771	0.0709346
poi-40-2	1	0.67	12	3	194	1651	0.8875599	211	0.0216292
poi-40-2	1	0.67	24	1	97	894	0.690165	19	0.0024349
poi-40-2	1	0.67	24	1	194	1698	1.7611982	1517	0.3778663
poi-40-2	1	0.67	24	2	97	918	0.869384	100	0.013827
poi-40-2	1	0.67	24	2	194	1705	3.1474459	4501	1.4824217
poi-40-2	1	0.67	24	3	97	918	0.9891212	47	0.0078007
poi-40-2	1	0.67	24	3	194	1700	1.8868234	68	0.0127446
poi-40-2	1	1	12	1	97	886	0.6383238	1352	0.1349592
poi-40-2	1	1	12	1	194	1699	1.5025064	2085	0.4395399
poi-40-2	1	1	12	2	97	898	0.5901918	1283	0.1221959
poi-40-2	1	1	12	2	194	1699	1.0481734	336	0.0519949
poi-40-2	1	1	12	3	97	903	0.5340639	480	0.0467867
poi-40-2	1	1	12	3	194	1699	0.9825567	85	0.010503
poi-40-2	1	1	24	1	97	935	0.6926117	833	0.0960742
poi-40-2	1	1	24	1	194	1765	1.4459693	432	0.1088686
poi-40-2	1	1	24	2	97	999	0.622369	392	0.0485506
poi-40-2	1	1	24	2	194	1830	1.102418	373	0.0626232
poi-40-2	1	1	24	3	97	1032	0.7044566	857	0.1037381
poi-40-2	1	1	24	3	194	1860	1.5143774	2929	0.538991
poi-40-2	1	1.34	12	1	97	980	0.5279616	298	0.0288628
poi-40-2	1	1.34	12	1	194	1935	1.2343974	868	0.1597616
poi-40-2	1	1.34	12	2	97	1057	0.6284898	1506	0.1454317
poi-40-2	1	1.34	12	2	194	1996	1.097429	651	0.1025833
poi-40-2	1	1.34	12	3	97	1090	0.5294091	397	0.0393691
poi-40-2	1	1.34	12	3	194	2008	1.5625497	3143	0.5829513
poi-40-2	1	1.34	24	1	97	1076	0.6657091	208	0.0272148
poi-40-2	1	1.34	24	1	194	2092	2.5199106	4393	1.1528514
poi-40-2	1	1.34	24	2	97	1240	0.8446131	2011	0.2433777
poi-40-2	1	1.34	24	2	194	2263	1.1615709	569	0.099786
poi-40-2	1	1.34	24	3	97	1275	0.7762127	1184	0.1484053
poi-40-2	1	1.34	24	3	194	2288	1.6716326	3723	0.6969516
poi-40-2	2	0.67	12	1	97	846	0.9374339	5339	0.4825029
poi-40-2	2	0.67	12	1	194	1668	1.34305	3533	0.5404315
poi-40-2	2	0.67	12	2	97	846	0.6374521	1763	0.162557
poi-40-2	2	0.67	12	2	194	1668	0.9379227	928	0.1230806
poi-40-2	2	0.67	12	3	97	846	0.6986317	2288	0.2165634
poi-40-2	2	0.67	12	3	194	1668	0.8799306	395	0.039416
poi-40-2	2	0.67	24	1	97	969	1.9114304	7294	1.1209689
poi-40-2	2	0.67	24	1	194	1721	1.3401375	142	0.0214716
poi-40-2	2	0.67	24	2	97	978	0.9638414	251	0.0402712
poi-40-2	2	0.67	24	2	194	1739	1.5719493	279	0.0612557
poi-40-2	2	0.67	24	3	97	978	1.0829701	380	0.0692769
poi-40-2	2	0.67	24	3	194	1738	3.2607091	4931	1.599288
poi-40-2	2	1	12	1	97	946	0.4903535	40	0.0037231
poi-40-2	2	1	12	1	194	1736	1.3484278	1481	0.3034747
poi-40-2	2	1	12	2	97	953	0.4828759	421	0.0370416
poi-40-2	2	1	12	2	194	1736	1.0358711	232	0.0323009
poi-40-2	2	1	12	3	97	953	0.4611387	157	0.01316
poi-40-2	2	1	12	3	194	1736	0.9693987	88	0.0103378
poi-40-2	2	1	24	1	97	1140	0.5986888	154	0.0169164
poi-40-2	2	1	24	1	194	1868	1.2019528	442	0.0888224
poi-40-2	2	1	24	2	97	1270	0.8731981	3101	0.3332392
poi-40-2	2	1	24	2	194	1950	1.1204317	786	0.148397
poi-40-2	2	1	24	3	97	1412	0.7691507	1867	0.2074356
poi-40-2	2	1	24	3	194	1950	0.9631908	149	0.0203127
poi-40-2	2	1.34	12	1	97	1146	0.4689655	55	0.0048357
poi-40-2	2	1.34	12	1	194	1984	1.8463846	4212	0.8330122
poi-40-2	2	1.34	12	2	97	1183	0.5063762	891	0.07756
poi-40-2	2	1.34	12	2	194	2025	0.973084	64	0.0069098
poi-40-2	2	1.34	12	3	97	1183	0.7121467	3215	0.277898
poi-40-2	2	1.34	12	3	194	2023	0.9787031	63	0.0071446
poi-40-2	2	1.34	24	1	97	1382	0.7297641	1179	0.1395013
poi-40-2	2	1.34	24	1	194	2191	1.1468328	229	0.034039
poi-40-2	2	1.34	24	2	97	1470	0.9998469	3930	0.4405576
poi-40-2	2	1.34	24	2	194	2383	1.2592725	1474	0.2650859
poi-40-2	2	1.34	24	3	97	1789	0.6902543	864	0.1039091
poi-40-2	2	1.34	24	3	194	2463	1.9919455	5467	1.0242847
poi-40-3	1	0.67	13	1	97	684	0.3942818	969	0.0624166
poi-40-3	1	0.67	13	1	195	1469	0.9785605	1153	0.1690266
poi-40-3	1	0.67	13	2	97	684	0.3688364	217	0.0148909
poi-40-3	1	0.67	13	2	195	1469	0.9868014	1022	0.1512944
poi-40-3	1	0.67	13	3	97	684	0.3794244	256	0.0170573
poi-40-3	1	0.67	13	3	195	1469	0.8613593	178	0.0189173
poi-40-3	1	0.67	27	1	97	782	0.5316188	137	0.0158068
poi-40-3	1	0.67	27	1	195	1514	1.8879186	2105	0.5321786
poi-40-3	1	0.67	27	2	97	818	0.7145778	511	0.0642758
poi-40-3	1	0.67	27	2	195	1605	3.2703727	4614	1.5499507
poi-40-3	1	0.67	27	3	97	849	1.3788607	4161	0.6196537
poi-40-3	1	0.67	27	3	195	1601	2.3291362	778	0.291801
poi-40-3	1	1	13	1	97	723	0.4674966	1188	0.0897608
poi-40-3	1	1	13	1	195	1506	1.4141071	1715	0.3445605
poi-40-3	1	1	13	2	97	723	0.3939589	53	0.0044975
poi-40-3	1	1	13	2	195	1524	1.0748335	429	0.0713128
poi-40-3	1	1	13	3	97	727	0.484666	1062	0.0840423
poi-40-3	1	1	13	3	195	1532	1.0485374	314	0.0524335
poi-40-3	1	1	27	1	97	851	0.5122795	527	0.0488071
poi-40-3	1	1	27	1	195	1627	1.2665804	696	0.1425845
poi-40-3	1	1	27	2	97	914	0.6041284	1257	0.120451
poi-40-3	1	1	27	2	195	1711	1.8448336	5305	0.9423065
poi-40-3	1	1	27	3	97	971	0.5598811	248	0.0263576
poi-40-3	1	1	27	3	195	1778	1.2167561	2000	0.3439592
poi-40-3	1	1.34	13	1	97	796	0.6199444	2981	0.2326223
poi-40-3	1	1.34	13	1	195	1718	2.8248487	8634	1.7796863
poi-40-3	1	1.34	13	2	97	804	0.5809713	2394	0.1866058
poi-40-3	1	1.34	13	2	195	1753	1.7553984	4243	0.8019295
poi-40-3	1	1.34	13	3	97	819	0.5815213	2268	0.180704
poi-40-3	1	1.34	13	3	195	1784	1.3455927	1939	0.3648312
poi-40-3	1	1.34	27	1	97	982	0.8800584	3712	0.3765828
poi-40-3	1	1.34	27	1	195	1833	2.1329521	4402	0.9855373
poi-40-3	1	1.34	27	2	97	1090	0.8100483	2967	0.3043836
poi-40-3	1	1.34	27	2	195	2068	1.7590537	4841	0.8580208
poi-40-3	1	1.34	27	3	97	1232	0.9771067	3862	0.4278535
poi-40-3	1	1.34	27	3	195	2185	0.9648253	632	0.1016383
poi-40-3	2	0.67	13	1	97	714	0.3914801	674	0.046118
poi-40-3	2	0.67	13	1	195	1499	0.7924904	54	0.0050864
poi-40-3	2	0.67	13	2	97	714	0.3955679	449	0.0319907
poi-40-3	2	0.67	13	2	195	1499	0.8328697	176	0.0188851
poi-40-3	2	0.67	13	3	97	714	0.6106051	3234	0.2377551
poi-40-3	2	0.67	13	3	195	1499	0.8359405	155	0.0173643
poi-40-3	2	0.67	27	1	97	899	0.6773593	217	0.0264109
poi-40-3	2	0.67	27	1	195	1670	1.4854674	554	0.1256456
poi-40-3	2	0.67	27	2	97	1018	1.101286	1930	0.3099995
poi-40-3	2	0.67	27	2	195	1697	1.9103965	1006	0.2988341
poi-40-3	2	0.67	27	3	97	1067	1.1434821	1676	0.282288
poi-40-3	2	0.67	27	3	195	1691	2.5407897	2405	0.7965998
poi-40-3	2	1	13	1	97	802	0.3880949	469	0.0327146
poi-40-3	2	1	13	1	195	1578	1.3107005	1620	0.3068426
poi-40-3	2	1	13	2	97	812	0.3688306	22	0.0018996
poi-40-3	2	1	13	2	195	1601	1.0793558	819	0.118383
poi-40-3	2	1	13	3	97	812	0.3904572	212	0.0158761
poi-40-3	2	1	13	3	195	1627	1.7540583	4413	0.8262995
poi-40-3	2	1	27	1	97	1071	0.8928575	5087	0.4494566
poi-40-3	2	1	27	1	195	1847	1.6010501	3095	0.5982213
poi-40-3	2	1	27	2	97	1204	0.8665721	4436	0.4082786
poi-40-3	2	1	27	2	195	1899	1.8353072	5893	0.9843994
poi-40-3	2	1	27	3	97	1324	0.7028267	2163	0.2130347
poi-40-3	2	1	27	3	195	1899	0.8423786	139	0.0171753
poi-40-3	2	1.34	13	1	97	880	0.527663	2212	0.1645849
poi-40-3	2	1.34	13	1	195	1808	1.2919457	1743	0.3191023
poi-40-3	2	1.34	13	2	97	923	0.3841272	50	0.0038152
poi-40-3	2	1.34	13	2	195	1822	0.978087	288	0.0422133
poi-40-3	2	1.34	13	3	97	923	0.3934287	125	0.0098352
poi-40-3	2	1.34	13	3	195	1838	0.9482555	50	0.0058693
poi-40-3	2	1.34	27	1	97	1240	0.5189802	665	0.0617003
poi-40-3	2	1.34	27	1	195	2162	1.1322571	575	0.1052073
poi-40-3	2	1.34	27	2	97	1501	0.7051547	2469	0.2326612
poi-40-3	2	1.34	27	2	195	2295	1.1959555	2033	0.3285707
poi-40-3	2	1.34	27	3	97	1654	0.922305	4036	0.4119555
poi-40-3	2	1.34	27	3	195	2368	2.0404773	7178	1.1944084
poi-40-4	1	0.67	13	1	103	600	0.4872157	1355	0.1033576
poi-40-4	1	0.67	13	1	207	1550	1.7691418	5943	0.9461483
poi-40-4	1	0.67	13	2	103	600	0.4068324	21	0.0015492
poi-40-4	1	0.67	13	2	207	1579	1.0626478	1194	0.1772029
poi-40-4	1	0.67	13	3	103	600	0.4259323	54	0.00391
poi-40-4	1	0.67	13	3	207	1586	0.9557497	490	0.0659329
poi-40-4	1	0.67	27	1	103	619	0.5038567	222	0.0198273
poi-40-4	1	0.67	27	1	207	1608	2.7135662	5096	1.3620669
poi-40-4	1	0.67	27	2	103	683	0.6475279	651	0.0708081
poi-40-4	1	0.67	27	2	207	1658	2.5234514	2577	0.8371205
poi-40-4	1	0.67	27	3	103	725	0.8626161	1739	0.2176105
poi-40-4	1	0.67	27	3	207	1673	1.9595554	200	0.0531931
poi-40-4	1	1	13	1	103	635	0.6337367	2847	0.2299805
poi-40-4	1	1	13	1	207	1633	1.5177782	2095	0.4379036
poi-40-4	1	1	13	2	103	635	0.4628219	272	0.0230405
poi-40-4	1	1	13	2	207	1648	1.3877671	2262	0.4051266
poi-40-4	1	1	13	3	103	635	0.49324	457	0.0404625
poi-40-4	1	1	13	3	207	1648	1.0110877	336	0.046459
poi-40-4	1	1	27	1	103	698	0.6937467	2530	0.2324069
poi-40-4	1	1	27	1	207	1662	2.362043	4189	1.0773377
poi-40-4	1	1	27	2	103	841	0.7907773	3198	0.3064351
poi-40-4	1	1	27	2	207	1843	1.6101394	2995	0.5889301
poi-40-4	1	1	27	3	103	876	0.9292292	3864	0.4047569
poi-40-4	1	1	27	3	207	1925	1.2153994	1392	0.2630958
poi-40-4	1	1.34	13	1	103	691	0.4196641	9	0.0031207
poi-40-4	1	1.34	13	1	207	1862	2.4134055	6078	1.3105405
poi-40-4	1	1.34	13	2	103	736	0.4649368	207	0.0189461
poi-40-4	1	1.34	13	2	207	1977	2.3612046	6898	1.3567625
poi-40-4	1	1.34	13	3	103	736	0.4987001	358	0.0345035
poi-40-4	1	1.34	13	3	207	1991	1.6698557	3731	0.6930124
poi-40-4	1	1.34	27	1	103	787	0.7718116	2920	0.2852216
poi-40-4	1	1.34	27	1	207	1916	2.0676881	2964	0.7482468
poi-40-4	1	1.34	27	2	103	1004	0.644125	1216	0.1271938
poi-40-4	1	1.34	27	2	207	2178	1.0305641	35	0.0061336
poi-40-4	1	1.34	27	3	103	1067	1.3631242	7260	0.8099343
poi-40-4	1	1.34	27	3	207	2300	0.9872454	42	0.0071017
poi-40-4	2	0.67	13	1	103	623	0.6314032	3272	0.2492188
poi-40-4	2	0.67	13	1	207	1593	0.8569761	283	0.0302468
poi-40-4	2	0.67	13	2	103	641	0.4729969	898	0.0706719
poi-40-4	2	0.67	13	2	207	1597	0.867539	109	0.0112131
poi-40-4	2	0.67	13	3	103	641	0.5252555	1397	0.1125459
poi-40-4	2	0.67	13	3	207	1597	0.8803194	75	0.0078379
poi-40-4	2	0.67	27	1	103	727	0.6530136	910	0.0956863
poi-40-4	2	0.67	27	1	207	1709	1.9548042	1762	0.4929676
poi-40-4	2	0.67	27	2	103	820	1.3065102	5204	0.6648382
poi-40-4	2	0.67	27	2	207	1751	1.9269298	543	0.1704333
poi-40-4	2	0.67	27	3	103	820	1.4004569	5254	0.7117649
poi-40-4	2	0.67	27	3	207	1739	4.3475196	6730	2.4659731
poi-40-4	2	1	13	1	103	682	0.4765512	1092	0.0864295
poi-40-4	2	1	13	1	207	1648	1.1429163	489	0.0919898
poi-40-4	2	1	13	2	103	709	0.404243	70	0.0051967
poi-40-4	2	1	13	2	207	1657	1.3417959	1893	0.3669777
poi-40-4	2	1	13	3	103	709	0.4193054	141	0.0118598
poi-40-4	2	1	13	3	207	1648	1.0071796	179	0.0258597
poi-40-4	2	1	27	1	103	864	0.5890208	1564	0.1371511
poi-40-4	2	1	27	1	207	1881	1.4241309	1999	0.3871898
poi-40-4	2	1	27	2	103	1033	0.5939983	1365	0.1284768
poi-40-4	2	1	27	2	207	1948	0.9658222	348	0.0515022
poi-40-4	2	1	27	3	103	1033	0.5763224	1067	0.1020015
poi-40-4	2	1	27	3	207	1948	0.9012896	17	0.0021859
poi-40-4	2	1.34	13	1	103	738	0.555387	1626	0.1367966
poi-40-4	2	1.34	13	1	207	1934	2.6436826	8085	1.6180641
poi-40-4	2	1.34	13	2	103	798	0.5544285	1437	0.1236582
poi-40-4	2	1.34	13	2	207	1984	1.0873634	827	0.1453019
poi-40-4	2	1.34	13	3	103	802	0.5481622	1020	0.093797
poi-40-4	2	1.34	13	3	207	2003	1.8538142	5031	0.9252609
poi-40-4	2	1.34	27	1	103	1016	0.8537437	4382	0.3970344
poi-40-4	2	1.34	27	1	207	2212	1.8248636	4056	0.8078395
poi-40-4	2	1.34	27	2	103	1276	0.7144407	2274	0.2239394
poi-40-4	2	1.34	27	2	207	2424	1.0839292	914	0.1631471
poi-40-4	2	1.34	27	3	103	1276	0.528943	30	0.003403
poi-40-4	2	1.34	27	3	207	2451	1.0769727	799	0.1267621
poi-40-5	1	0.67	12	1	105	785	0.4624604	107	0.0081884
poi-40-5	1	0.67	12	1	211	1601	0.8645644	836	0.1148167
poi-40-5	1	0.67	12	2	105	860	0.5300259	437	0.0364408
poi-40-5	1	0.67	12	2	211	1650	1.0080562	1770	0.2588857
poi-40-5	1	0.67	12	3	105	769	0.6266847	1248	0.1232803
poi-40-5	1	0.67	12	3	211	1642	0.8150053	505	0.0617926
poi-40-5	1	0.67	25	1	105	935	1.3072166	4614	0.6163668
poi-40-5	1	0.67	25	1	211	1673	2.6065608	3835	1.1177852
poi-40-5	1	0.67	25	2	105	945	0.8502203	167	0.0241732
poi-40-5	1	0.67	25	2	211	1679	3.0974828	4326	1.4275686
poi-40-5	1	0.67	25	3	105	987	3.7024478	14511	2.7536578
poi-40-5	1	0.67	25	3	211	1691	2.3516055	1516	0.5144958
poi-40-5	1	1	12	1	105	907	0.4702588	1610	0.1169032
poi-40-5	1	1	12	1	211	1667	1.3885629	5868	0.7580547
poi-40-5	1	1	12	2	105	920	0.6437994	3445	0.264304
poi-40-5	1	1	12	2	211	1675	0.6574266	72	0.0089447
poi-40-5	1	1	12	3	105	882	0.5475782	1914	0.1559415
poi-40-5	1	1	12	3	211	1667	0.9319376	2197	0.2774156
poi-40-5	1	1	25	1	105	999	0.9314099	4712	0.4543009
poi-40-5	1	1	25	1	211	1713	1.3610007	2177	0.4144537
poi-40-5	1	1	25	2	105	1096	0.8630026	2592	0.2937637
poi-40-5	1	1	25	2	211	1800	1.9425459	6682	1.1120191
poi-40-5	1	1	25	3	105	1119	0.7256503	1403	0.1599662
poi-40-5	1	1	25	3	211	1887	1.0002351	823	0.1347681
poi-40-5	1	1.34	12	1	105	1044	0.6227047	3687	0.2615747
poi-40-5	1	1.34	12	1	211	1853	0.6766324	354	0.046315
poi-40-5	1	1.34	12	2	105	1026	0.6470873	2823	0.2335261
poi-40-5	1	1.34	12	2	211	1852	0.6871479	32	0.004587
poi-40-5	1	1.34	12	3	105	1088	0.4926376	937	0.0786042
poi-40-5	1	1.34	12	3	211	1890	0.7685894	964	0.1273709
poi-40-5	1	1.34	25	1	105	1164	0.9558523	4813	0.4713116
poi-40-5	1	1.34	25	1	211	2002	1.8390698	4208	0.8245358
poi-40-5	1	1.34	25	2	105	1314	1.4762923	7450	0.8850036
poi-40-5	1	1.34	25	2	211	2196	1.4301664	3248	0.5662422
poi-40-5	1	1.34	25	3	105	1400	1.0646193	4067	0.475817
poi-40-5	1	1.34	25	3	211	2322	1.6740091	4614	0.791476
poi-40-5	2	0.67	12	1	105	915	0.9888698	6103	0.5403828
poi-40-5	2	0.67	12	1	211	1637	1.0059111	1986	0.2875286
poi-40-5	2	0.67	12	2	105	943	0.8212792	3703	0.3468997
poi-40-5	2	0.67	12	2	211	1650	0.7387222	80	0.0071035
poi-40-5	2	0.67	12	3	105	933	0.5356787	517	0.0473482
poi-40-5	2	0.67	12	3	211	1650	0.7577853	166	0.0183127
poi-40-5	2	0.67	25	1	105	1079	1.0766957	1249	0.2067301
poi-40-5	2	0.67	25	1	211	1722	1.7749522	1370	0.3407958
poi-40-5	2	0.67	25	2	105	1166	1.9476879	4551	0.915942
poi-40-5	2	0.67	25	2	211	1737	3.1118028	4887	1.5265543
poi-40-5	2	0.67	25	3	105	1175	1.2068397	542	0.1109328
poi-40-5	2	0.67	25	3	211	1742	3.8068164	5973	2.0542326
poi-40-5	2	1	12	1	105	999	0.3429955	48	0.0061739
poi-40-5	2	1	12	1	211	1685	1.2880663	5282	0.667402
poi-40-5	2	1	12	2	105	1001	0.6044544	3263	0.2361704
poi-40-5	2	1	12	2	211	1685	0.6814172	286	0.0362523
poi-40-5	2	1	12	3	105	1027	0.6240583	3380	0.2533417
poi-40-5	2	1	12	3	211	1685	0.651788	11	0.001976
poi-40-5	2	1	25	1	105	1246	0.6637927	2182	0.204167
poi-40-5	2	1	25	1	211	1846	0.8348406	93	0.0137703
poi-40-5	2	1	25	2	105	1412	0.7506775	2479	0.2490418
poi-40-5	2	1	25	2	211	1897	0.9455575	747	0.1204662
poi-40-5	2	1	25	3	105	1481	0.5749006	340	0.0360812
poi-40-5	2	1	25	3	211	1897	0.8559745	49	0.0064951
poi-40-5	2	1.34	12	1	105	1133	0.4465755	1177	0.0831479
poi-40-5	2	1.34	12	1	211	1876	0.62184	124	0.016167
poi-40-5	2	1.34	12	2	105	1158	0.417024	525	0.0409541
poi-40-5	2	1.34	12	2	211	1918	0.8682806	1616	0.213834
poi-40-5	2	1.34	12	3	105	1184	0.5501798	2004	0.158286
poi-40-5	2	1.34	12	3	211	1926	0.7375991	608	0.0792634
poi-40-5	2	1.34	25	1	105	1445	0.6482839	1890	0.177931
poi-40-5	2	1.34	25	1	211	2191	0.8136911	66	0.0096025
poi-40-5	2	1.34	25	2	105	1689	0.7015947	1737	0.1797415
poi-40-5	2	1.34	25	2	211	2332	1.1153445	1632	0.2656567
poi-40-5	2	1.34	25	3	105	1832	1.3118728	6878	0.7570648
poi-40-5	2	1.34	25	3	211	2375	0.8869883	111	0.0149668
poi-50-1	1	0.67	12	1	108	972	0.6657777	79	0.0113729
poi-50-1	1	0.67	12	1	217	1936	2.8926858	4443	1.338279
poi-50-1	1	0.67	12	2	108	991	0.7256012	122	0.0137975
poi-50-1	1	0.67	12	2	217	1949	4.6134893	9237	2.9733157
poi-50-1	1	0.67	12	3	108	991	0.8292105	745	0.1069204
poi-50-1	1	0.67	12	3	217	1939	3.6467753	6275	2.0014466
poi-50-1	1	0.67	25	1	108	1033	0.9761313	266	0.0389186
poi-50-1	1	0.67	25	1	217	2035	4.2528202	3421	1.6873976
poi-50-1	1	0.67	25	2	108	1052	1.3340866	969	0.1987964
poi-50-1	1	0.67	25	2	217	2127	3.3566703	214	0.0908218
poi-50-1	1	0.67	25	3	108	1070	1.9729231	2879	0.7101279
poi-50-1	1	0.67	25	3	217	2132	3.763177	178	0.0909125
poi-50-1	1	1	12	1	108	997	0.6572169	67	0.0105733
poi-50-1	1	1	12	1	217	1971	2.7848281	3235	1.0440327
poi-50-1	1	1	12	2	108	1026	0.7273944	659	0.0843966
poi-50-1	1	1	12	2	217	2029	2.0303241	1598	0.4444776
poi-50-1	1	1	12	3	108	1026	0.6610988	153	0.0201834
poi-50-1	1	1	12	3	217	2090	2.2391163	2238	0.6761608
poi-50-1	1	1	25	1	108	1078	1.0100241	1851	0.2692264
poi-50-1	1	1	25	1	217	2136	3.0708292	2166	0.8896851
poi-50-1	1	1	25	2	108	1138	0.8912675	1123	0.1640415
poi-50-1	1	1	25	2	217	2297	3.7050717	6235	2.054617
poi-50-1	1	1	25	3	108	1180	1.3082009	3671	0.5539179
poi-50-1	1	1	25	3	217	2414	1.8064883	963	0.2536377
poi-50-1	1	1.34	12	1	108	1150	0.9552086	2099	0.2810249
poi-50-1	1	1.34	12	1	217	2270	2.8779508	3399	1.1574935
poi-50-1	1	1.34	12	2	108	1185	0.9935646	2820	0.3614217
poi-50-1	1	1.34	12	2	217	2445	2.0979075	1548	0.4590809
poi-50-1	1	1.34	12	3	108	1185	0.7576328	886	0.120174
poi-50-1	1	1.34	12	3	217	2484	4.889607	10260	3.2680434
poi-50-1	1	1.34	25	1	108	1238	0.9435362	1067	0.1664321
poi-50-1	1	1.34	25	1	217	2400	2.8474155	1474	0.6131347
poi-50-1	1	1.34	25	2	108	1372	0.9595258	1433	0.2127987
poi-50-1	1	1.34	25	2	217	2846	1.7410368	99	0.0261113
poi-50-1	1	1.34	25	3	108	1433	2.3865288	9419	1.557898
poi-50-1	1	1.34	25	3	217	2948	2.5913867	3264	0.9996148
poi-50-1	2	0.67	12	1	108	1016	0.8257989	666	0.0948781
poi-50-1	2	0.67	12	1	217	1983	1.7272907	668	0.1907617
poi-50-1	2	0.67	12	2	108	1016	0.8007395	518	0.071193
poi-50-1	2	0.67	12	2	217	2026	4.5516767	9366	2.9346846
poi-50-1	2	0.67	12	3	108	1016	0.7974975	526	0.0736484
poi-50-1	2	0.67	12	3	217	2029	3.3996601	5629	1.773264
poi-50-1	2	0.67	25	1	108	1156	1.6639973	1417	0.3578708
poi-50-1	2	0.67	25	1	217	2169	4.0446178	2169	1.1743983
poi-50-1	2	0.67	25	2	108	1223	1.6430054	402	0.1163766
poi-50-1	2	0.67	25	2	217	2206	4.5599667	2363	1.4077578
poi-50-1	2	0.67	25	3	108	1291	1.8273032	531	0.1599025
poi-50-1	2	0.67	25	3	217	2214	4.432164	1846	1.1411792
poi-50-1	2	1	12	1	108	1074	0.6700377	87	0.0103832
poi-50-1	2	1	12	1	217	2199	2.6292594	3095	0.9782169
poi-50-1	2	1	12	2	108	1074	0.6469905	88	0.0104331
poi-50-1	2	1	12	2	217	2234	2.1406358	1951	0.5727544
poi-50-1	2	1	12	3	108	1074	0.6602905	249	0.0339244
poi-50-1	2	1	12	3	217	2234	1.724108	431	0.1139439
poi-50-1	2	1	25	1	108	1366	1.0062218	1783	0.2648583
poi-50-1	2	1	25	1	217	2425	2.9869493	3289	1.1344247
poi-50-1	2	1	25	2	108	1566	0.7859586	460	0.0634344
poi-50-1	2	1	25	2	217	2431	1.5984477	91	0.0179309
poi-50-1	2	1	25	3	108	1617	1.4397762	4982	0.7183333
poi-50-1	2	1	25	3	217	2431	1.4804137	14	0.0057738
poi-50-1	2	1.34	12	1	108	1249	0.8017736	981	0.1322449
poi-50-1	2	1.34	12	1	217	2568	1.6819397	325	0.0816743
poi-50-1	2	1.34	12	2	108	1266	0.6472077	84	0.0098922
poi-50-1	2	1.34	12	2	217	2659	4.8103278	11061	3.2991545
poi-50-1	2	1.34	12	3	108	1277	1.231918	4770	0.6098538
poi-50-1	2	1.34	12	3	217	2681	1.862401	1123	0.290825
poi-50-1	2	1.34	25	1	108	1606	1.1995564	2761	0.4209691
poi-50-1	2	1.34	25	1	217	2900	1.9039866	112	0.0229984
poi-50-1	2	1.34	25	2	108	1940	1.7031203	6697	0.9708192
poi-50-1	2	1.34	25	2	217	3016	1.9564657	1202	0.3443583
poi-50-1	2	1.34	25	3	108	2037	1.5544948	5691	0.8313004
poi-50-1	2	1.34	25	3	217	3068	1.886002	1167	0.3489166
poi-50-2	1	0.67	12	1	112	1443	1.0624849	64	0.0129014
poi-50-2	1	0.67	12	1	225	2076	1.5841627	41	0.0067274
poi-50-2	1	0.67	12	2	112	1459	1.1719835	29	0.0047899
poi-50-2	1	0.67	12	2	225	2083	2.4747254	2805	0.8404698
poi-50-2	1	0.67	12	3	112	1479	1.2465078	49	0.0075269
poi-50-2	1	0.67	12	3	225	2081	2.3571189	2284	0.7010406
poi-50-2	1	0.67	24	1	112	1479	1.4749762	206	0.0445153
poi-50-2	1	0.67	24	1	225	2105	3.6114392	1645	0.8440946
poi-50-2	1	0.67	24	2	112	1517	2.0632429	649	0.2279423
poi-50-2	1	0.67	24	2	225	2172	3.5871906	411	0.2093596
poi-50-2	1	0.67	24	3	112	1517	2.2412044	277	0.0977346
poi-50-2	1	0.67	24	3	225	2171	10.9733138	9426	7.1407428
poi-50-2	1	1	12	1	112	1529	1.0725936	505	0.0946116
poi-50-2	1	1	12	1	225	2131	2.7943837	1561	0.5841033
poi-50-2	1	1	12	2	112	1529	0.8863534	111	0.0166858
poi-50-2	1	1	12	2	225	2172	2.1276849	915	0.2553276
poi-50-2	1	1	12	3	112	1564	0.9847068	947	0.1567707
poi-50-2	1	1	12	3	225	2184	2.0218778	926	0.2365962
poi-50-2	1	1	24	1	112	1557	1.2550599	321	0.0710151
poi-50-2	1	1	24	1	225	2177	2.4948083	258	0.0853428
poi-50-2	1	1	24	2	112	1619	1.621618	3211	0.635274
poi-50-2	1	1	24	2	225	2268	2.6486788	2272	0.7918291
poi-50-2	1	1	24	3	112	1660	1.107082	513	0.1035605
poi-50-2	1	1	24	3	225	2306	3.1613947	4301	1.4430407
poi-50-2	1	1.34	12	1	112	1801	1.4144047	2226	0.4365875
poi-50-2	1	1.34	12	1	225	2487	3.6406308	3711	1.4891284
poi-50-2	1	1.34	12	2	112	1870	0.871969	110	0.0168491
poi-50-2	1	1.34	12	2	225	2554	2.120921	950	0.2946028
poi-50-2	1	1.34	12	3	112	1890	0.9245411	604	0.097607
poi-50-2	1	1.34	12	3	225	2588	2.6147099	2347	0.8195881
poi-50-2	1	1.34	24	1	112	1806	1.556224	1637	0.3761271
poi-50-2	1	1.34	24	1	225	2542	2.5021134	145	0.0426168
poi-50-2	1	1.34	24	2	112	1982	1.6917775	3402	0.6816391
poi-50-2	1	1.34	24	2	225	2727	2.9450884	2961	1.0757177
poi-50-2	1	1.34	24	3	112	2031	1.8820311	4212	0.8462497
poi-50-2	1	1.34	24	3	225	2826	2.973478	3445	1.1800568
poi-50-2	2	0.67	12	1	112	1467	2.3162254	6403	1.2971461
poi-50-2	2	0.67	12	1	225	2092	1.5814156	83	0.0136493
poi-50-2	2	0.67	12	2	112	1480	1.7749264	3153	0.683976
poi-50-2	2	0.67	12	2	225	2099	1.6190607	77	0.0140148
poi-50-2	2	0.67	12	3	112	1480	1.5838641	2021	0.452809
poi-50-2	2	0.67	12	3	225	2105	1.6480033	104	0.0188051
poi-50-2	2	0.67	24	1	112	1625	3.0275316	3320	1.1818217
poi-50-2	2	0.67	24	1	225	2220	3.4288673	1736	0.8345111
poi-50-2	2	0.67	24	2	112	1686	2.9363429	1630	0.6809671
poi-50-2	2	0.67	24	2	225	2224	3.4991798	1214	0.6102915
poi-50-2	2	0.67	24	3	112	1713	3.1740608	1420	0.6591833
poi-50-2	2	0.67	24	3	225	2223	5.6591357	3993	2.4415937
poi-50-2	2	1	12	1	112	1568	1.5901418	3492	0.6454289
poi-50-2	2	1	12	1	225	2243	3.4051517	2994	1.2536597
poi-50-2	2	1	12	2	112	1617	0.9505315	666	0.1090211
poi-50-2	2	1	12	2	225	2255	1.9094108	215	0.0408036
poi-50-2	2	1	12	3	112	1638	1.6240337	4979	0.8102194
poi-50-2	2	1	12	3	225	2255	1.8764665	106	0.0193824
poi-50-2	2	1	24	1	112	1777	2.4607106	6208	1.3588798
poi-50-2	2	1	24	1	225	2342	2.0729151	183	0.043636
poi-50-2	2	1	24	2	112	1993	1.7832414	4384	0.8180868
poi-50-2	2	1	24	2	225	2390	2.0139817	753	0.2473584
poi-50-2	2	1	24	3	112	2028	1.7461725	4205	0.7944385
poi-50-2	2	1	24	3	225	2390	1.8230976	489	0.1253864
poi-50-2	2	1.34	12	1	112	1843	1.1637521	1399	0.2369039
poi-50-2	2	1.34	12	1	225	2564	3.7546591	4382	1.7406251
poi-50-2	2	1.34	12	2	112	1934	1.1587753	1808	0.300577
poi-50-2	2	1.34	12	2	225	2665	1.9308072	193	0.0346475
poi-50-2	2	1.34	12	3	112	1967	1.717325	5636	0.9039252
poi-50-2	2	1.34	12	3	225	2682	2.5431576	1647	0.6029247
poi-50-2	2	1.34	24	1	112	2045	1.2792579	773	0.1540477
poi-50-2	2	1.34	24	1	225	2753	3.1933118	2921	1.1291543
poi-50-2	2	1.34	24	2	112	2347	1.1941537	1021	0.197127
poi-50-2	2	1.34	24	2	225	2895	2.2320903	1215	0.3921817
poi-50-2	2	1.34	24	3	112	2494	3.1943729	11693	2.2324253
poi-50-2	2	1.34	24	3	225	2939	1.9968892	714	0.2225346
poi-50-3	1	0.67	13	1	109	1070	0.8862655	211	0.0277948
poi-50-3	1	0.67	13	1	218	1916	2.2588728	2053	0.6243162
poi-50-3	1	0.67	13	2	109	1095	1.5455341	3392	0.6168173
poi-50-3	1	0.67	13	2	218	1952	2.0891375	1186	0.3232833
poi-50-3	1	0.67	13	3	109	1095	2.7563513	9600	1.8185272
poi-50-3	1	0.67	13	3	218	1984	1.9691624	511	0.1370078
poi-50-3	1	0.67	26	1	109	1105	1.2059088	113	0.0196422
poi-50-3	1	0.67	26	1	218	2048	5.411708	5477	2.7888371
poi-50-3	1	0.67	26	2	109	1157	1.8429493	1227	0.3299864
poi-50-3	1	0.67	26	2	218	2068	5.0945672	2944	1.8343674
poi-50-3	1	0.67	26	3	109	1196	1.9982666	912	0.2752586
poi-50-3	1	0.67	26	3	218	2091	4.994351	1884	1.3167827
poi-50-3	1	1	13	1	109	1088	0.8338064	13	0.0020926
poi-50-3	1	1	13	1	218	2054	2.4485225	1515	0.5422552
poi-50-3	1	1	13	2	109	1151	1.0358274	1927	0.2887526
poi-50-3	1	1	13	2	218	2076	3.2164945	5131	1.6056188
poi-50-3	1	1	13	3	109	1151	1.2141065	3416	0.4884371
poi-50-3	1	1	13	3	218	2076	1.8086106	1083	0.2927197
poi-50-3	1	1	26	1	109	1166	1.4347634	2137	0.4188206
poi-50-3	1	1	26	1	218	2101	5.8810991	7715	3.5659213
poi-50-3	1	1	26	2	109	1266	1.6601901	4332	0.7630158
poi-50-3	1	1	26	2	218	2217	2.171998	1274	0.4074617
poi-50-3	1	1	26	3	109	1342	2.3531504	7879	1.4347849
poi-50-3	1	1	26	3	218	2355	3.3061669	5296	1.6772857
poi-50-3	1	1.34	13	1	109	1270	1.5190691	3792	0.6559962
poi-50-3	1	1.34	13	1	218	2368	2.5452636	1618	0.6002075
poi-50-3	1	1.34	13	2	109	1306	0.8378441	661	0.0919523
poi-50-3	1	1.34	13	2	218	2427	4.6844193	9623	3.0696729
poi-50-3	1	1.34	13	3	109	1326	1.0173411	1850	0.2740961
poi-50-3	1	1.34	13	3	218	2468	2.4836844	3351	0.9490393
poi-50-3	1	1.34	26	1	109	1291	1.064488	67	0.0161904
poi-50-3	1	1.34	26	1	218	2374	3.3305964	2145	0.9459197
poi-50-3	1	1.34	26	2	109	1456	1.0119585	629	0.1120169
poi-50-3	1	1.34	26	2	218	2670	3.2400663	4293	1.4633445
poi-50-3	1	1.34	26	3	109	1638	2.4073385	8106	1.4836195
poi-50-3	1	1.34	26	3	218	2862	1.9247833	1099	0.3275706
poi-50-3	2	0.67	13	1	109	1095	1.1172278	1538	0.2543166
poi-50-3	2	0.67	13	1	218	2045	2.011985	1327	0.3955675
poi-50-3	2	0.67	13	2	109	1120	1.0565372	887	0.145597
poi-50-3	2	0.67	13	2	218	2045	1.6954224	68	0.0137987
poi-50-3	2	0.67	13	3	109	1120	1.4595133	2812	0.5171613
poi-50-3	2	0.67	13	3	218	2032	1.9226662	678	0.1975655
poi-50-3	2	0.67	26	1	109	1223	3.982808	9062	2.5551859
poi-50-3	2	0.67	26	1	218	2151	3.3629189	1109	0.5571885
poi-50-3	2	0.67	26	2	109	1348	2.533259	1518	0.5514893
poi-50-3	2	0.67	26	2	218	2180	3.5335776	418	0.2354746
poi-50-3	2	0.67	26	3	109	1484	3.7994021	3648	1.5751793
poi-50-3	2	0.67	26	3	218	2245	3.5022634	132	0.0598396
poi-50-3	2	1	13	1	109	1151	1.1307962	2024	0.3185746
poi-50-3	2	1	13	1	218	2174	2.2395149	1402	0.4291213
poi-50-3	2	1	13	2	109	1234	1.6073036	5604	0.8508857
poi-50-3	2	1	13	2	218	2223	3.363428	5582	1.767818
poi-50-3	2	1	13	3	109	1381	2.6140778	12946	1.8769739
poi-50-3	2	1	13	3	218	2201	1.602454	161	0.0286213
poi-50-3	2	1	26	1	109	1368	1.2948997	1873	0.3397711
poi-50-3	2	1	26	1	218	2409	2.7358538	2371	0.813208
poi-50-3	2	1	26	2	109	1648	1.512635	3854	0.65481
poi-50-3	2	1	26	2	218	2449	1.6339002	207	0.0437726
poi-50-3	2	1	26	3	109	1819	0.9242242	374	0.0622016
poi-50-3	2	1	26	3	218	2449	1.5409674	8	0.0017951
poi-50-3	2	1.34	13	1	109	1395	1.0126741	1290	0.2000265
poi-50-3	2	1.34	13	1	218	2535	2.8066073	2935	1.0095335
poi-50-3	2	1.34	13	2	109	1569	0.8865914	884	0.1276817
poi-50-3	2	1.34	13	2	218	2581	1.6014037	15	0.0024477
poi-50-3	2	1.34	13	3	109	1656	1.3331105	3983	0.5890789
poi-50-3	2	1.34	13	3	218	2630	1.7901927	841	0.2227459
poi-50-3	2	1.34	26	1	109	1667	1.7528533	4039	0.775211
poi-50-3	2	1.34	26	1	218	2824	2.5507227	1520	0.5515577
poi-50-3	2	1.34	26	2	109	2097	1.8813602	5603	0.9949855
poi-50-3	2	1.34	26	2	218	3025	1.7616004	342	0.0897359
poi-50-3	2	1.34	26	3	109	2354	1.7539258	4992	0.8693254
poi-50-3	2	1.34	26	3	218	3090	3.5875531	6115	1.9476881
poi-50-4	1	0.67	13	1	108	805	0.5741525	4	0.0003404
poi-50-4	1	0.67	13	1	216	1711	1.5929827	166	0.0297014
poi-50-4	1	0.67	13	2	108	815	0.6000595	4	0.0004706
poi-50-4	1	0.67	13	2	216	1742	2.951257	4361	1.3454242
poi-50-4	1	0.67	13	3	108	815	0.6092861	18	0.0020739
poi-50-4	1	0.67	13	3	216	1733	4.0188905	7495	2.3873265
poi-50-4	1	0.67	27	1	108	857	1.1009923	1828	0.2870513
poi-50-4	1	0.67	27	1	216	1865	3.7070062	2680	1.2560446
poi-50-4	1	0.67	27	2	108	882	1.6871846	2964	0.6208844
poi-50-4	1	0.67	27	2	216	1984	5.2435878	3394	2.1004322
poi-50-4	1	0.67	27	3	108	911	1.4223724	649	0.1657614
poi-50-4	1	0.67	27	3	216	2029	3.6813326	182	0.0746146
poi-50-4	1	1	13	1	108	838	0.5802806	92	0.0103842
poi-50-4	1	1	13	1	216	1708	3.0718868	4434	1.4249758
poi-50-4	1	1	13	2	108	838	0.5817611	0	0
poi-50-4	1	1	13	2	216	1829	2.9631466	5049	1.4896928
poi-50-4	1	1	13	3	108	866	0.6375942	340	0.0414348
poi-50-4	1	1	13	3	216	1874	2.2293855	2680	0.7491674
poi-50-4	1	1	27	1	108	912	1.5222404	5750	0.8169393
poi-50-4	1	1	27	1	216	1890	2.9188889	2736	0.9873316
poi-50-4	1	1	27	2	108	1037	0.9785734	1892	0.2697484
poi-50-4	1	1	27	2	216	2214	4.4338131	9370	2.8761314
poi-50-4	1	1	27	3	108	1059	0.8250868	432	0.0669813
poi-50-4	1	1	27	3	216	2281	1.915852	1584	0.4454389
poi-50-4	1	1.34	13	1	108	965	1.3051597	6137	0.718296
poi-50-4	1	1.34	13	1	216	1927	1.8059443	345	0.0895306
poi-50-4	1	1.34	13	2	108	1008	1.1070942	4251	0.511469
poi-50-4	1	1.34	13	2	216	2138	3.3754435	6053	1.8304608
poi-50-4	1	1.34	13	3	108	1008	0.6541606	398	0.0502089
poi-50-4	1	1.34	13	3	216	2103	1.6891203	553	0.1375933
poi-50-4	1	1.34	27	1	108	1022	0.7717925	174	0.0273647
poi-50-4	1	1.34	27	1	216	2203	2.224598	738	0.2543537
poi-50-4	1	1.34	27	2	108	1272	1.4183499	4729	0.6864563
poi-50-4	1	1.34	27	2	216	2549	3.7588269	7123	2.1889667
poi-50-4	1	1.34	27	3	108	1316	1.485366	4523	0.7063361
poi-50-4	1	1.34	27	3	216	2781	2.4001486	3292	0.9287497
poi-50-4	2	0.67	13	1	108	823	0.5880158	0	0
poi-50-4	2	0.67	13	1	216	1821	2.1747171	2565	0.7055328
poi-50-4	2	0.67	13	2	108	823	0.6068948	0	0
poi-50-4	2	0.67	13	2	216	1826	1.6539359	597	0.1370466
poi-50-4	2	0.67	13	3	108	823	0.616927	0	0
poi-50-4	2	0.67	13	3	216	1797	1.5729955	214	0.0414639
poi-50-4	2	0.67	27	1	108	949	1.8823835	3781	0.8030012
poi-50-4	2	0.67	27	1	216	2047	5.2344687	4895	2.5449184
poi-50-4	2	0.67	27	2	108	1079	2.7156559	4162	1.2338935
poi-50-4	2	0.67	27	2	216	2108	5.5332467	3977	2.4453006
poi-50-4	2	0.67	27	3	108	1088	1.7907298	711	0.2038531
poi-50-4	2	0.67	27	3	216	2098	3.8439424	743	0.4456095
poi-50-4	2	1	13	1	108	907	0.9551032	3175	0.3684172
poi-50-4	2	1	13	1	216	1867	3.5212577	6083	1.8985228
poi-50-4	2	1	13	2	108	912	0.7565836	1687	0.1924374
poi-50-4	2	1	13	2	216	1968	3.6652272	7181	2.1476067
poi-50-4	2	1	13	3	108	912	0.9808406	3530	0.4077194
poi-50-4	2	1	13	3	216	1957	1.6315793	549	0.1159951
poi-50-4	2	1	27	1	108	1124	2.3532865	11838	1.6552584
poi-50-4	2	1	27	1	216	2304	3.6755604	6423	2.046604
poi-50-4	2	1	27	2	108	1322	0.7898328	797	0.1093546
poi-50-4	2	1	27	2	216	2408	1.7307351	977	0.2603288
poi-50-4	2	1	27	3	108	1433	0.7708158	343	0.049918
poi-50-4	2	1	27	3	216	2408	1.4879301	214	0.0470295
poi-50-4	2	1.34	13	1	108	1029	1.074675	4107	0.4857924
poi-50-4	2	1.34	13	1	216	2115	2.3405304	2425	0.7240046
poi-50-4	2	1.34	13	2	108	1068	1.328163	6422	0.7483673
poi-50-4	2	1.34	13	2	216	2334	2.335119	2880	0.8089636
poi-50-4	2	1.34	13	3	108	1068	0.9573734	3121	0.3681269
poi-50-4	2	1.34	13	3	216	2305	1.6038492	387	0.0899377
poi-50-4	2	1.34	27	1	108	1313	1.9805296	8923	1.2674921
poi-50-4	2	1.34	27	1	216	2714	2.0693575	1176	0.367939
poi-50-4	2	1.34	27	2	108	1635	1.2916526	4214	0.59103
poi-50-4	2	1.34	27	2	216	2939	2.1586248	2194	0.626235
poi-50-4	2	1.34	27	3	108	1816	2.0250214	8702	1.2840934
poi-50-4	2	1.34	27	3	216	3037	3.3422815	6018	1.8077122
poi-50-5	1	0.67	11	1	111	1255	1.0138595	308	0.0469379
poi-50-5	1	0.67	11	1	222	2079	1.9990021	1250	0.3859325
poi-50-5	1	0.67	11	2	111	1255	1.5956395	2960	0.5912921
poi-50-5	1	0.67	11	2	222	2070	1.9331131	729	0.2057498
poi-50-5	1	0.67	11	3	111	1255	1.1795416	867	0.1704018
poi-50-5	1	0.67	11	3	222	2082	2.5217151	2441	0.787749
poi-50-5	1	0.67	23	1	111	1332	3.5607574	6124	1.9355359
poi-50-5	1	0.67	23	1	222	2130	2.9267396	136	0.046959
poi-50-5	1	0.67	23	2	111	1384	2.1795655	159	0.052128
poi-50-5	1	0.67	23	2	222	2155	4.1619538	926	0.6067482
poi-50-5	1	0.67	23	3	111	1402	2.8997483	842	0.3940961
poi-50-5	1	0.67	23	3	222	2177	5.4864824	1983	1.5304907
poi-50-5	1	1	11	1	111	1304	1.8847959	6056	1.0251626
poi-50-5	1	1	11	1	222	2109	2.4514254	1177	0.4544854
poi-50-5	1	1	11	2	111	1329	0.8274389	322	0.0432773
poi-50-5	1	1	11	2	222	2144	1.7774338	81	0.0169486
poi-50-5	1	1	11	3	111	1370	0.8341092	461	0.0647077
poi-50-5	1	1	11	3	222	2174	3.8622305	6352	2.1494259
poi-50-5	1	1	23	1	111	1412	3.8820197	11452	2.7017504
poi-50-5	1	1	23	1	222	2186	3.8013626	2910	1.3561053
poi-50-5	1	1	23	2	111	1503	1.875466	4376	0.8751316
poi-50-5	1	1	23	2	222	2332	2.4517855	1776	0.6228345
poi-50-5	1	1	23	3	111	1583	2.9290141	9757	1.9305164
poi-50-5	1	1	23	3	222	2440	2.1013193	1301	0.3888837
poi-50-5	1	1.34	11	1	111	1529	1.7938463	5445	0.931736
poi-50-5	1	1.34	11	1	222	2484	4.4806471	6304	2.5003225
poi-50-5	1	1.34	11	2	111	1584	1.0660251	1821	0.2789993
poi-50-5	1	1.34	11	2	222	2517	1.8298572	352	0.0857856
poi-50-5	1	1.34	11	3	111	1594	0.8783324	597	0.0866168
poi-50-5	1	1.34	11	3	222	2548	2.3334885	1988	0.654367
poi-50-5	1	1.34	23	1	111	1568	1.6049368	1590	0.3817837
poi-50-5	1	1.34	23	1	222	2540	4.0572311	3318	1.5953878
poi-50-5	1	1.34	23	2	111	1776	1.5652342	2777	0.5536953
poi-50-5	1	1.34	23	2	222	2845	3.2201179	3839	1.3527566
poi-50-5	1	1.34	23	3	111	1913	1.0896929	379	0.0772583
poi-50-5	1	1.34	23	3	222	3001	2.5253469	2350	0.7775707
poi-50-5	2	0.67	11	1	111	1356	0.9705184	88	0.0157157
poi-50-5	2	0.67	11	1	222	2114	2.0144079	1144	0.3330575
poi-50-5	2	0.67	11	2	111	1356	0.9953126	40	0.0063137
poi-50-5	2	0.67	11	2	222	2116	1.7439098	150	0.0284015
poi-50-5	2	0.67	11	3	111	1356	1.0182022	51	0.0079536
poi-50-5	2	0.67	11	3	222	2116	2.194091	1454	0.4638632
poi-50-5	2	0.67	23	1	111	1509	3.3206438	3578	1.3641154
poi-50-5	2	0.67	23	1	222	2181	3.2790976	737	0.3542485
poi-50-5	2	0.67	23	2	111	1560	2.4218781	159	0.0594325
poi-50-5	2	0.67	23	2	222	2231	5.4771022	3620	2.2637358
poi-50-5	2	0.67	23	3	111	1600	4.8920536	4189	2.1941039
poi-50-5	2	0.67	23	3	222	2215	3.70675	299	0.1313748
poi-50-5	2	1	11	1	111	1486	1.5573091	4517	0.7406278
poi-50-5	2	1	11	1	222	2204	2.8575574	2288	0.8607757
poi-50-5	2	1	11	2	111	1486	0.7841593	194	0.0245128
poi-50-5	2	1	11	2	222	2247	2.1034358	821	0.2812728
poi-50-5	2	1	11	3	111	1486	1.1157531	2471	0.3699152
poi-50-5	2	1	11	3	222	2252	3.211513	4306	1.4912552
poi-50-5	2	1	23	1	111	1701	1.3386683	1315	0.2710776
poi-50-5	2	1	23	1	222	2440	2.1678866	628	0.1831621
poi-50-5	2	1	23	2	111	1883	2.5527663	8492	1.6078202
poi-50-5	2	1	23	2	222	2467	1.6983127	47	0.0099882
poi-50-5	2	1	23	3	111	1896	1.2775219	1939	0.3499048
poi-50-5	2	1	23	3	222	2467	1.6357146	46	0.0111493
poi-50-5	2	1.34	11	1	111	1701	1.098596	1748	0.2797197
poi-50-5	2	1.34	11	1	222	2497	3.6360437	4894	1.7647419
poi-50-5	2	1.34	11	2	111	1717	1.2229105	3470	0.501687
poi-50-5	2	1.34	11	2	222	2568	2.0475397	978	0.2847043
poi-50-5	2	1.34	11	3	111	1721	1.0712489	2083	0.3123406
poi-50-5	2	1.34	11	3	222	2600	1.7906616	449	0.1013363
poi-50-5	2	1.34	23	1	111	2015	2.3558973	6005	1.2805913
poi-50-5	2	1.34	23	1	222	2931	4.222622	5463	2.2040359
poi-50-5	2	1.34	23	2	111	2312	1.0325701	282	0.0495575
poi-50-5	2	1.34	23	2	222	3040	4.5966576	8344	2.8723994
poi-50-5	2	1.34	23	3	111	2325	1.0697464	803	0.1453864
poi-50-5	2	1.34	23	3	222	3111	2.8084617	3628	1.1612351
AverageObj: 1019.9, IterToBest: 1340.59, TimeToBest: 0.24
