InstanceName	alpha	beta	L	m	Tmax	ObjValue	CpuTime	IterToBest	TimeToBest
poi-10-1	1	0.67	15	1	59	201	0.0236812	0	0
poi-10-1	1	0.67	15	1	118	295	0.0403333	0	0
poi-10-1	1	0.67	15	2	59	201	0.0240398	0	0
poi-10-1	1	0.67	15	2	118	295	0.0412193	0	0
poi-10-1	1	0.67	15	3	59	201	0.0247112	0	0
poi-10-1	1	0.67	15	3	118	295	0.0424491	0	0
poi-10-1	1	0.67	30	1	59	201	0.0254438	0	0
poi-10-1	1	0.67	30	1	118	295	0.0529411	0	0
poi-10-1	1	0.67	30	2	59	201	0.0264597	0	0
poi-10-1	1	0.67	30	2	118	295	0.0558266	0	0
poi-10-1	1	0.67	30	3	59	201	0.0275332	0	0
poi-10-1	1	0.67	30	3	118	295	0.0592139	0	0
poi-10-1	1	1	15	1	59	201	0.0327633	0	0
poi-10-1	1	1	15	1	118	295	0.0690088	0	0
poi-10-1	1	1	15	2	59	201	0.0343493	0	0
poi-10-1	1	1	15	2	118	295	0.0707616	0	0
poi-10-1	1	1	15	3	59	201	0.0355866	0	0
poi-10-1	1	1	15	3	118	295	0.0720641	0	0
poi-10-1	1	1	30	1	59	201	0.0359707	0	0
poi-10-1	1	1	30	1	118	295	0.0714501	0	0
poi-10-1	1	1	30	2	59	201	0.0396684	0	0
poi-10-1	1	1	30	2	118	295	0.077936	0	0
poi-10-1	1	1	30	3	59	201	0.0432918	0	0
poi-10-1	1	1	30	3	118	295	0.0844279	0	0
poi-10-1	1	1.33	15	1	59	233	0.0308078	0	0
poi-10-1	1	1.33	15	1	118	327	0.0637259	0	0
poi-10-1	1	1.33	15	2	59	233	0.0320003	0	0
poi-10-1	1	1.33	15	2	118	327	0.0654627	0	0
poi-10-1	1	1.33	15	3	59	233	0.0332913	0	0
poi-10-1	1	1.33	15	3	118	327	0.0669483	0	0
poi-10-1	1	1.33	30	1	59	233	0.0354507	0	0
poi-10-1	1	1.33	30	1	118	347	0.0660683	4	6.22E-05
poi-10-1	1	1.33	30	2	59	233	0.0392726	0	0
poi-10-1	1	1.33	30	2	118	347	0.0712306	4	6.66E-05
poi-10-1	1	1.33	30	3	59	233	0.0430118	0	0
poi-10-1	1	1.33	30	3	118	347	0.0765028	5	8.24E-05
poi-10-1	2	0.67	15	1	59	201	0.0233622	0	0
poi-10-1	2	0.67	15	1	118	295	0.040383	0	0
poi-10-1	2	0.67	15	2	59	201	0.024096	0	0
poi-10-1	2	0.67	15	2	118	295	0.0412975	0	0
poi-10-1	2	0.67	15	3	59	201	0.0247686	0	0
poi-10-1	2	0.67	15	3	118	295	0.0423302	0	0
poi-10-1	2	0.67	30	1	59	201	0.0255408	0	0
poi-10-1	2	0.67	30	1	118	295	0.0530006	0	0
poi-10-1	2	0.67	30	2	59	201	0.0266102	0	0
poi-10-1	2	0.67	30	2	118	295	0.0559922	0	0
poi-10-1	2	0.67	30	3	59	201	0.0275852	0	0
poi-10-1	2	0.67	30	3	118	295	0.0588846	0	0
poi-10-1	2	1	15	1	59	201	0.0313139	0	0
poi-10-1	2	1	15	1	118	295	0.0686357	0	0
poi-10-1	2	1	15	2	59	201	0.0325923	0	0
poi-10-1	2	1	15	2	118	295	0.0706126	0	0
poi-10-1	2	1	15	3	59	201	0.0339057	0	0
poi-10-1	2	1	15	3	118	295	0.0722451	0	0
poi-10-1	2	1	30	1	59	201	0.0360844	0	0
poi-10-1	2	1	30	1	118	295	0.0717732	0	0
poi-10-1	2	1	30	2	59	201	0.0399771	0	0
poi-10-1	2	1	30	2	118	295	0.0783597	0	0
poi-10-1	2	1	30	3	59	201	0.0433785	0	0
poi-10-1	2	1	30	3	118	295	0.0845362	0	0
poi-10-1	2	1.33	15	1	59	233	0.031127	0	0
poi-10-1	2	1.33	15	1	118	327	0.0639838	0	0
poi-10-1	2	1.33	15	2	59	233	0.0324329	0	0
poi-10-1	2	1.33	15	2	118	327	0.0655426	0	0
poi-10-1	2	1.33	15	3	59	233	0.0332357	0	0
poi-10-1	2	1.33	15	3	118	327	0.0668512	0	0
poi-10-1	2	1.33	30	1	59	233	0.0355436	0	0
poi-10-1	2	1.33	30	1	118	347	0.0655345	1	1.8E-05
poi-10-1	2	1.33	30	2	59	233	0.0390865	0	0
poi-10-1	2	1.33	30	2	118	347	0.0707244	3	4.61E-05
poi-10-1	2	1.33	30	3	59	233	0.0425088	0	0
poi-10-1	2	1.33	30	3	118	347	0.075816	2	3.48E-05
poi-10-2	1	0.67	13	1	58	76	0.0231795	0	0
poi-10-2	1	0.67	13	1	116	296	0.0365945	1	9.3E-06
poi-10-2	1	0.67	13	2	58	76	0.0237302	0	0
poi-10-2	1	0.67	13	2	116	296	0.037304	10	7.56E-05
poi-10-2	1	0.67	13	3	58	76	0.0241861	0	0
poi-10-2	1	0.67	13	3	116	296	0.0376553	4	3.03E-05
poi-10-2	1	0.67	27	1	58	76	0.028206	0	0
poi-10-2	1	0.67	27	1	116	296	0.048498	1	1E-05
poi-10-2	1	0.67	27	2	58	76	0.0293671	0	0
poi-10-2	1	0.67	27	2	116	296	0.0513418	41	0.0004093
poi-10-2	1	0.67	27	3	58	76	0.0304867	0	0
poi-10-2	1	0.67	27	3	116	296	0.0528982	9	0.0001232
poi-10-2	1	1	13	1	58	76	0.0233564	0	0
poi-10-2	1	1	13	1	116	296	0.0618415	21	0.0002626
poi-10-2	1	1	13	2	58	76	0.0238957	0	0
poi-10-2	1	1	13	2	116	296	0.0626413	3	4.32E-05
poi-10-2	1	1	13	3	58	76	0.0242661	0	0
poi-10-2	1	1	13	3	116	296	0.0638626	10	0.0001264
poi-10-2	1	1	27	1	58	76	0.02815	0	0
poi-10-2	1	1	27	1	116	296	0.073037	1	2.1E-05
poi-10-2	1	1	27	2	58	76	0.0295187	0	0
poi-10-2	1	1	27	2	116	296	0.081582	1	2.29E-05
poi-10-2	1	1	27	3	58	76	0.0305516	0	0
poi-10-2	1	1	27	3	116	296	0.0861774	1	2.57E-05
poi-10-2	1	1.33	13	1	58	76	0.023228	0	0
poi-10-2	1	1.33	13	1	116	313	0.0614869	8	9.92E-05
poi-10-2	1	1.33	13	2	58	76	0.0238994	0	0
poi-10-2	1	1.33	13	2	116	313	0.0627781	6	8.1E-05
poi-10-2	1	1.33	13	3	58	76	0.0242071	0	0
poi-10-2	1	1.33	13	3	116	313	0.0637229	2	3.27E-05
poi-10-2	1	1.33	27	1	58	76	0.0281242	0	0
poi-10-2	1	1.33	27	1	116	343	0.0744306	54	0.0008493
poi-10-2	1	1.33	27	2	58	76	0.0292904	0	0
poi-10-2	1	1.33	27	2	116	345	0.0840274	7	0.0001372
poi-10-2	1	1.33	27	3	58	76	0.0304993	0	0
poi-10-2	1	1.33	27	3	116	345	0.0880015	2	4.83E-05
poi-10-2	2	0.67	13	1	58	76	0.0230806	0	0
poi-10-2	2	0.67	13	1	116	296	0.0366486	11	8.19E-05
poi-10-2	2	0.67	13	2	58	76	0.0238454	0	0
poi-10-2	2	0.67	13	2	116	296	0.0369793	1	7.9E-06
poi-10-2	2	0.67	13	3	58	76	0.0243563	0	0
poi-10-2	2	0.67	13	3	116	296	0.0376391	4	2.96E-05
poi-10-2	2	0.67	27	1	58	76	0.0281971	0	0
poi-10-2	2	0.67	27	1	116	296	0.0490566	21	0.0003182
poi-10-2	2	0.67	27	2	58	76	0.0294197	0	0
poi-10-2	2	0.67	27	2	116	296	0.0514512	2	2.96E-05
poi-10-2	2	0.67	27	3	58	76	0.0304731	0	0
poi-10-2	2	0.67	27	3	116	296	0.0530859	15	0.0002356
poi-10-2	2	1	13	1	58	76	0.0232443	0	0
poi-10-2	2	1	13	1	116	296	0.0616172	1	2E-05
poi-10-2	2	1	13	2	58	76	0.0236135	0	0
poi-10-2	2	1	13	2	116	296	0.0627033	18	0.000288
poi-10-2	2	1	13	3	58	76	0.0242371	0	0
poi-10-2	2	1	13	3	116	296	0.0637875	14	0.0002502
poi-10-2	2	1	27	1	58	76	0.0281009	0	0
poi-10-2	2	1	27	1	116	296	0.0686828	1	1.92E-05
poi-10-2	2	1	27	2	58	76	0.0301189	0	0
poi-10-2	2	1	27	2	116	296	0.0762746	1	2.36E-05
poi-10-2	2	1	27	3	58	76	0.0306243	0	0
poi-10-2	2	1	27	3	116	296	0.0817745	1	2.57E-05
poi-10-2	2	1.33	13	1	58	76	0.0236616	0	0
poi-10-2	2	1.33	13	1	116	313	0.0621147	9	0.0001132
poi-10-2	2	1.33	13	2	58	76	0.0238794	0	0
poi-10-2	2	1.33	13	2	116	313	0.0634508	11	0.000138
poi-10-2	2	1.33	13	3	58	76	0.0245738	0	0
poi-10-2	2	1.33	13	3	116	313	0.0648749	12	0.0001525
poi-10-2	2	1.33	27	1	58	76	0.0285761	0	0
poi-10-2	2	1.33	27	1	116	355	0.0736651	6	0.000101
poi-10-2	2	1.33	27	2	58	76	0.0296862	0	0
poi-10-2	2	1.33	27	2	116	355	0.0823621	2	5.17E-05
poi-10-2	2	1.33	27	3	58	76	0.0310829	0	0
poi-10-2	2	1.33	27	3	116	355	0.0861006	3	6.03E-05
poi-10-3	1	0.67	14	1	59	0	0.0219805	0	0
poi-10-3	1	0.67	14	1	119	243	0.0409165	0	0
poi-10-3	1	0.67	14	2	59	0	0.022688	0	0
poi-10-3	1	0.67	14	2	119	243	0.0434403	0	0
poi-10-3	1	0.67	14	3	59	0	0.0235264	0	0
poi-10-3	1	0.67	14	3	119	243	0.0450046	0	0
poi-10-3	1	0.67	28	1	59	0	0.0225375	0	0
poi-10-3	1	0.67	28	1	119	243	0.0497575	0	0
poi-10-3	1	0.67	28	2	59	0	0.0234523	0	0
poi-10-3	1	0.67	28	2	119	243	0.0593233	0	0
poi-10-3	1	0.67	28	3	59	0	0.0242684	0	0
poi-10-3	1	0.67	28	3	119	243	0.0649439	0	0
poi-10-3	1	1	14	1	59	0	0.0219984	0	0
poi-10-3	1	1	14	1	119	243	0.0649781	0	0
poi-10-3	1	1	14	2	59	0	0.0228594	0	0
poi-10-3	1	1	14	2	119	243	0.0745694	0	0
poi-10-3	1	1	14	3	59	0	0.0235494	0	0
poi-10-3	1	1	14	3	119	243	0.0783324	0	0
poi-10-3	1	1	28	1	59	0	0.0225217	0	0
poi-10-3	1	1	28	1	119	243	0.0757398	0	0
poi-10-3	1	1	28	2	59	0	0.0235174	0	0
poi-10-3	1	1	28	2	119	243	0.0875551	0	0
poi-10-3	1	1	28	3	59	0	0.0243702	0	0
poi-10-3	1	1	28	3	119	243	0.0929924	0	0
poi-10-3	1	1.33	14	1	59	0	0.022025	0	0
poi-10-3	1	1.33	14	1	119	275	0.0688953	0	0
poi-10-3	1	1.33	14	2	59	0	0.0226498	0	0
poi-10-3	1	1.33	14	2	119	295	0.0775054	3	5.31E-05
poi-10-3	1	1.33	14	3	59	0	0.0234233	0	0
poi-10-3	1	1.33	14	3	119	295	0.0811115	9	0.0002281
poi-10-3	1	1.33	28	1	59	0	0.0223115	0	0
poi-10-3	1	1.33	28	1	119	295	0.0736836	0	0
poi-10-3	1	1.33	28	2	59	0	0.0233113	0	0
poi-10-3	1	1.33	28	2	119	301	0.081345	23	0.0004866
poi-10-3	1	1.33	28	3	59	0	0.024152	0	0
poi-10-3	1	1.33	28	3	119	301	0.0870197	60	0.0011065
poi-10-3	2	0.67	14	1	59	0	0.0219102	0	0
poi-10-3	2	0.67	14	1	119	243	0.040667	0	0
poi-10-3	2	0.67	14	2	59	0	0.0227698	0	0
poi-10-3	2	0.67	14	2	119	243	0.0433452	0	0
poi-10-3	2	0.67	14	3	59	0	0.0235212	0	0
poi-10-3	2	0.67	14	3	119	243	0.0447944	0	0
poi-10-3	2	0.67	28	1	59	0	0.0224348	0	0
poi-10-3	2	0.67	28	1	119	243	0.0503666	0	0
poi-10-3	2	0.67	28	2	59	0	0.0233593	0	0
poi-10-3	2	0.67	28	2	119	243	0.0590648	0	0
poi-10-3	2	0.67	28	3	59	0	0.0242043	0	0
poi-10-3	2	0.67	28	3	119	243	0.0652226	0	0
poi-10-3	2	1	14	1	59	0	0.0217845	0	0
poi-10-3	2	1	14	1	119	243	0.0649214	0	0
poi-10-3	2	1	14	2	59	0	0.0226816	0	0
poi-10-3	2	1	14	2	119	243	0.0736697	0	0
poi-10-3	2	1	14	3	59	0	0.0234427	0	0
poi-10-3	2	1	14	3	119	243	0.078513	0	0
poi-10-3	2	1	28	1	59	0	0.0226119	0	0
poi-10-3	2	1	28	1	119	243	0.0763839	0	0
poi-10-3	2	1	28	2	59	0	0.023439	0	0
poi-10-3	2	1	28	2	119	243	0.0843676	0	0
poi-10-3	2	1	28	3	59	0	0.0242056	0	0
poi-10-3	2	1	28	3	119	243	0.0865521	0	0
poi-10-3	2	1.33	14	1	59	0	0.0219505	0	0
poi-10-3	2	1.33	14	1	119	295	0.0660101	1	2.15E-05
poi-10-3	2	1.33	14	2	59	0	0.0228157	0	0
poi-10-3	2	1.33	14	2	119	295	0.0812831	0	0
poi-10-3	2	1.33	14	3	59	0	0.0233495	0	0
poi-10-3	2	1.33	14	3	119	295	0.0845423	0	0
poi-10-3	2	1.33	28	1	59	0	0.0223441	0	0
poi-10-3	2	1.33	28	1	119	295	0.0725616	0	0
poi-10-3	2	1.33	28	2	59	0	0.0235565	0	0
poi-10-3	2	1.33	28	2	119	301	0.0832827	1	2.6E-05
poi-10-3	2	1.33	28	3	59	0	0.0241432	0	0
poi-10-3	2	1.33	28	3	119	301	0.0876291	25	0.0003896
poi-10-4	1	0.67	13	1	59	163	0.02151	0	0
poi-10-4	1	0.67	13	1	118	324	0.0373959	0	0
poi-10-4	1	0.67	13	2	59	163	0.022012	0	0
poi-10-4	1	0.67	13	2	118	324	0.0382617	0	0
poi-10-4	1	0.67	13	3	59	163	0.0226345	0	0
poi-10-4	1	0.67	13	3	118	324	0.0384694	0	0
poi-10-4	1	0.67	26	1	59	173	0.0328711	0	0
poi-10-4	1	0.67	26	1	118	340	0.05297	33	0.0003539
poi-10-4	1	0.67	26	2	59	173	0.0348735	0	0
poi-10-4	1	0.67	26	2	118	340	0.0561591	66	0.0007234
poi-10-4	1	0.67	26	3	59	173	0.0365752	0	0
poi-10-4	1	0.67	26	3	118	340	0.0591985	55	0.0006409
poi-10-4	1	1	13	1	59	163	0.0237172	0	0
poi-10-4	1	1	13	1	118	324	0.063512	0	0
poi-10-4	1	1	13	2	59	163	0.0244593	0	0
poi-10-4	1	1	13	2	118	324	0.0643062	0	0
poi-10-4	1	1	13	3	59	163	0.0249841	0	0
poi-10-4	1	1	13	3	118	324	0.0657747	0	0
poi-10-4	1	1	26	1	59	179	0.030378	0	0
poi-10-4	1	1	26	1	118	358	0.0683566	1	2.19E-05
poi-10-4	1	1	26	2	59	179	0.0328523	0	0
poi-10-4	1	1	26	2	118	358	0.0732438	1	2.2E-05
poi-10-4	1	1	26	3	59	179	0.0352863	0	0
poi-10-4	1	1	26	3	118	358	0.0797721	11	0.0002483
poi-10-4	1	1.33	13	1	59	163	0.0237562	0	0
poi-10-4	1	1.33	13	1	118	324	0.0633335	0	0
poi-10-4	1	1.33	13	2	59	163	0.0244605	0	0
poi-10-4	1	1.33	13	2	118	324	0.0646007	0	0
poi-10-4	1	1.33	13	3	59	163	0.0248394	0	0
poi-10-4	1	1.33	13	3	118	324	0.0654156	0	0
poi-10-4	1	1.33	26	1	59	184	0.0296551	0	0
poi-10-4	1	1.33	26	1	118	399	0.0960307	0	0
poi-10-4	1	1.33	26	2	59	184	0.0319813	0	0
poi-10-4	1	1.33	26	2	118	399	0.0962582	0	0
poi-10-4	1	1.33	26	3	59	184	0.0343257	0	0
poi-10-4	1	1.33	26	3	118	399	0.1033035	0	0
poi-10-4	2	0.67	13	1	59	163	0.0215173	0	0
poi-10-4	2	0.67	13	1	118	324	0.0374218	0	0
poi-10-4	2	0.67	13	2	59	163	0.0220634	0	0
poi-10-4	2	0.67	13	2	118	324	0.0382077	0	0
poi-10-4	2	0.67	13	3	59	163	0.022558	0	0
poi-10-4	2	0.67	13	3	118	324	0.0387924	0	0
poi-10-4	2	0.67	26	1	59	173	0.0332983	0	0
poi-10-4	2	0.67	26	1	118	340	0.0542759	59	0.0007846
poi-10-4	2	0.67	26	2	59	173	0.0353256	0	0
poi-10-4	2	0.67	26	2	118	340	0.0564856	31	0.0003392
poi-10-4	2	0.67	26	3	59	173	0.0373936	0	0
poi-10-4	2	0.67	26	3	118	340	0.0591425	8	0.0001041
poi-10-4	2	1	13	1	59	163	0.0240806	0	0
poi-10-4	2	1	13	1	118	324	0.0636	0	0
poi-10-4	2	1	13	2	59	163	0.0245317	0	0
poi-10-4	2	1	13	2	118	324	0.0648475	0	0
poi-10-4	2	1	13	3	59	163	0.0252684	0	0
poi-10-4	2	1	13	3	118	324	0.0660825	0	0
poi-10-4	2	1	26	1	59	179	0.0308447	0	0
poi-10-4	2	1	26	1	118	358	0.0675532	12	0.0001625
poi-10-4	2	1	26	2	59	179	0.0335878	0	0
poi-10-4	2	1	26	2	118	358	0.073955	4	6.2E-05
poi-10-4	2	1	26	3	59	179	0.0361701	0	0
poi-10-4	2	1	26	3	118	358	0.0797167	6	9.8E-05
poi-10-4	2	1.33	13	1	59	163	0.0238363	0	0
poi-10-4	2	1.33	13	1	118	324	0.0638061	0	0
poi-10-4	2	1.33	13	2	59	163	0.0244935	0	0
poi-10-4	2	1.33	13	2	118	324	0.0651541	0	0
poi-10-4	2	1.33	13	3	59	163	0.0252715	0	0
poi-10-4	2	1.33	13	3	118	324	0.0660187	0	0
poi-10-4	2	1.33	26	1	59	184	0.0301327	0	0
poi-10-4	2	1.33	26	1	118	399	0.085831	0	0
poi-10-4	2	1.33	26	2	59	184	0.0326343	0	0
poi-10-4	2	1.33	26	2	118	399	0.0980168	0	0
poi-10-4	2	1.33	26	3	59	184	0.0350676	0	0
poi-10-4	2	1.33	26	3	118	399	0.1043478	0	0
poi-10-5	1	0.67	14	1	52	109	0.0294326	3	2.06E-05
poi-10-5	1	0.67	14	1	104	215	0.0373089	0	0
poi-10-5	1	0.67	14	2	52	109	0.0300549	1	6.9E-06
poi-10-5	1	0.67	14	2	104	215	0.0378975	0	0
poi-10-5	1	0.67	14	3	52	109	0.0306179	2	1.4E-05
poi-10-5	1	0.67	14	3	104	215	0.0385042	0	0
poi-10-5	1	0.67	28	1	52	109	0.0319997	1	7.3E-06
poi-10-5	1	0.67	28	1	104	215	0.0494557	0	0
poi-10-5	1	0.67	28	2	52	109	0.0330011	1	7.4E-06
poi-10-5	1	0.67	28	2	104	215	0.0550415	0	0
poi-10-5	1	0.67	28	3	52	109	0.0339648	6	4.51E-05
poi-10-5	1	0.67	28	3	104	215	0.05884	0	0
poi-10-5	1	1	14	1	52	109	0.0359477	2	1.63E-05
poi-10-5	1	1	14	1	104	215	0.0645569	0	0
poi-10-5	1	1	14	2	52	109	0.0367312	1	7E-06
poi-10-5	1	1	14	2	104	215	0.0653964	0	0
poi-10-5	1	1	14	3	52	109	0.0378232	1	7E-06
poi-10-5	1	1	14	3	104	215	0.0677483	0	0
poi-10-5	1	1	28	1	52	109	0.0395533	2	1.71E-05
poi-10-5	1	1	28	1	104	215	0.0658791	0	0
poi-10-5	1	1	28	2	52	109	0.0421777	3	2.89E-05
poi-10-5	1	1	28	2	104	222	0.079632	14	0.0002538
poi-10-5	1	1	28	3	52	109	0.0448577	1	8.3E-06
poi-10-5	1	1	28	3	104	222	0.0826332	8	0.0001255
poi-10-5	1	1.33	14	1	52	126	0.0346246	0	0
poi-10-5	1	1.33	14	1	104	235	0.0631752	0	0
poi-10-5	1	1.33	14	2	52	126	0.0357125	0	0
poi-10-5	1	1.33	14	2	104	235	0.0650785	0	0
poi-10-5	1	1.33	14	3	52	126	0.0368706	0	0
poi-10-5	1	1.33	14	3	104	235	0.0663982	0	0
poi-10-5	1	1.33	28	1	52	126	0.039522	0	0
poi-10-5	1	1.33	28	1	104	256	0.0669453	0	0
poi-10-5	1	1.33	28	2	52	126	0.0420166	0	0
poi-10-5	1	1.33	28	2	104	264	0.0744456	74	0.0011114
poi-10-5	1	1.33	28	3	52	126	0.0442952	0	0
poi-10-5	1	1.33	28	3	104	264	0.0788078	24	0.00041
poi-10-5	2	0.67	14	1	52	109	0.029359	2	1.37E-05
poi-10-5	2	0.67	14	1	104	215	0.0373636	0	0
poi-10-5	2	0.67	14	2	52	109	0.0299956	1	6.9E-06
poi-10-5	2	0.67	14	2	104	215	0.0379853	0	0
poi-10-5	2	0.67	14	3	52	109	0.0307042	1	6.8E-06
poi-10-5	2	0.67	14	3	104	215	0.0386018	0	0
poi-10-5	2	0.67	28	1	52	109	0.0321333	1	7.7E-06
poi-10-5	2	0.67	28	1	104	215	0.0489111	0	0
poi-10-5	2	0.67	28	2	52	109	0.0326024	2	1.53E-05
poi-10-5	2	0.67	28	2	104	215	0.0550097	0	0
poi-10-5	2	0.67	28	3	52	109	0.0333274	1	7.5E-06
poi-10-5	2	0.67	28	3	104	215	0.05869	0	0
poi-10-5	2	1	14	1	52	109	0.0357288	1	7E-06
poi-10-5	2	1	14	1	104	215	0.0637125	0	0
poi-10-5	2	1	14	2	52	109	0.0365954	1	7E-06
poi-10-5	2	1	14	2	104	215	0.0658538	0	0
poi-10-5	2	1	14	3	52	109	0.0377222	2	1.63E-05
poi-10-5	2	1	14	3	104	215	0.0670292	0	0
poi-10-5	2	1	28	1	52	109	0.0395341	2	1.83E-05
poi-10-5	2	1	28	1	104	215	0.0689454	0	0
poi-10-5	2	1	28	2	52	109	0.0423154	2	1.91E-05
poi-10-5	2	1	28	2	104	222	0.0746577	5	9.02E-05
poi-10-5	2	1	28	3	52	109	0.04477	4	4.26E-05
poi-10-5	2	1	28	3	104	222	0.0796525	13	0.0002086
poi-10-5	2	1.33	14	1	52	126	0.0347124	0	0
poi-10-5	2	1.33	14	1	104	235	0.0633743	0	0
poi-10-5	2	1.33	14	2	52	126	0.0359572	0	0
poi-10-5	2	1.33	14	2	104	235	0.0649871	0	0
poi-10-5	2	1.33	14	3	52	126	0.0367252	0	0
poi-10-5	2	1.33	14	3	104	235	0.0665315	0	0
poi-10-5	2	1.33	28	1	52	126	0.0395656	0	0
poi-10-5	2	1.33	28	1	104	256	0.0715941	0	0
poi-10-5	2	1.33	28	2	52	126	0.0425045	0	0
poi-10-5	2	1.33	28	2	104	264	0.0778991	35	0.0006744
poi-10-5	2	1.33	28	3	52	126	0.0446011	0	0
poi-10-5	2	1.33	28	3	104	264	0.0833836	6	7.52E-05
poi-20-1	1	0.67	14	1	79	301	0.0864257	0	0
poi-20-1	1	0.67	14	1	159	634	0.1254702	0	0
poi-20-1	1	0.67	14	2	79	301	0.0888949	0	0
poi-20-1	1	0.67	14	2	159	634	0.1288646	0	0
poi-20-1	1	0.67	14	3	79	301	0.0907285	0	0
poi-20-1	1	0.67	14	3	159	634	0.1312731	0	0
poi-20-1	1	0.67	28	1	79	301	0.1331473	0	0
poi-20-1	1	0.67	28	1	159	650	0.2095343	10	0.0003016
poi-20-1	1	0.67	28	2	79	353	0.1560256	47	0.0015316
poi-20-1	1	0.67	28	2	159	676	0.2845944	523	0.0237109
poi-20-1	1	0.67	28	3	79	363	0.1769113	51	0.0017335
poi-20-1	1	0.67	28	3	159	709	0.3187894	469	0.0244964
poi-20-1	1	1	14	1	79	301	0.109526	0	0
poi-20-1	1	1	14	1	159	634	0.2359835	0	0
poi-20-1	1	1	14	2	79	301	0.112033	0	0
poi-20-1	1	1	14	2	159	644	0.2271474	194	0.0081257
poi-20-1	1	1	14	3	79	301	0.1146699	0	0
poi-20-1	1	1	14	3	159	644	0.3109383	1994	0.088673
poi-20-1	1	1	28	1	79	336	0.1196303	20	0.0004827
poi-20-1	1	1	28	1	159	724	0.418987	2784	0.1493931
poi-20-1	1	1	28	2	79	406	0.1375517	6	0.0001648
poi-20-1	1	1	28	2	159	765	0.2837221	206	0.0113477
poi-20-1	1	1	28	3	79	427	0.1509162	7	0.0001729
poi-20-1	1	1	28	3	159	772	0.3044004	269	0.0154061
poi-20-1	1	1.33	14	1	79	352	0.1142619	0	0
poi-20-1	1	1.33	14	1	159	707	0.2376685	161	0.006684
poi-20-1	1	1.33	14	2	79	352	0.11673	0	0
poi-20-1	1	1.33	14	2	159	742	0.2914705	2327	0.091588
poi-20-1	1	1.33	14	3	79	352	0.1182112	0	0
poi-20-1	1	1.33	14	3	159	742	0.2433625	1054	0.0414472
poi-20-1	1	1.33	28	1	79	372	0.1220874	2	5.31E-05
poi-20-1	1	1.33	28	1	159	847	0.5332172	4352	0.2482941
poi-20-1	1	1.33	28	2	79	457	0.133123	10	0.0004033
poi-20-1	1	1.33	28	2	159	912	0.3188129	578	0.033862
poi-20-1	1	1.33	28	3	79	525	0.1441036	4	0.0001378
poi-20-1	1	1.33	28	3	159	939	0.2996054	106	0.0063355
poi-20-1	2	0.67	14	1	79	301	0.0875456	0	0
poi-20-1	2	0.67	14	1	159	634	0.125937	0	0
poi-20-1	2	0.67	14	2	79	301	0.0887729	0	0
poi-20-1	2	0.67	14	2	159	634	0.1277245	0	0
poi-20-1	2	0.67	14	3	79	301	0.0900227	0	0
poi-20-1	2	0.67	14	3	159	634	0.1302124	0	0
poi-20-1	2	0.67	28	1	79	317	0.1289624	28	0.0008807
poi-20-1	2	0.67	28	1	159	685	0.3914618	3176	0.1512649
poi-20-1	2	0.67	28	2	79	363	0.1599888	20	0.0007144
poi-20-1	2	0.67	28	2	159	735	0.6394046	5462	0.3301723
poi-20-1	2	0.67	28	3	79	363	0.193143	33	0.0014594
poi-20-1	2	0.67	28	3	159	735	0.3624767	466	0.0270974
poi-20-1	2	1	14	1	79	301	0.1094873	0	0
poi-20-1	2	1	14	1	159	647	0.4084433	3834	0.1770063
poi-20-1	2	1	14	2	79	301	0.1105448	0	0
poi-20-1	2	1	14	2	159	684	0.3505718	2975	0.1308366
poi-20-1	2	1	14	3	79	301	0.114978	0	0
poi-20-1	2	1	14	3	159	644	0.2594094	939	0.0414746
poi-20-1	2	1	28	1	79	365	0.162755	1559	0.0392175
poi-20-1	2	1	28	1	159	814	0.5907533	7213	0.3480928
poi-20-1	2	1	28	2	79	443	0.1858643	1185	0.0362332
poi-20-1	2	1	28	2	159	884	0.2442353	133	0.0065191
poi-20-1	2	1	28	3	79	447	0.1714826	198	0.0068361
poi-20-1	2	1	28	3	159	884	0.2831792	734	0.0368399
poi-20-1	2	1.33	14	1	79	352	0.1110565	0	0
poi-20-1	2	1.33	14	1	159	727	0.3909593	3638	0.1621724
poi-20-1	2	1.33	14	2	79	352	0.1123863	0	0
poi-20-1	2	1.33	14	2	159	754	0.2183729	626	0.0233647
poi-20-1	2	1.33	14	3	79	352	0.1148323	0	0
poi-20-1	2	1.33	14	3	159	754	0.2452972	1153	0.0453516
poi-20-1	2	1.33	28	1	79	438	0.2085194	2843	0.0755546
poi-20-1	2	1.33	28	1	159	953	0.258562	59	0.0029997
poi-20-1	2	1.33	28	2	79	538	0.1623235	44	0.0013752
poi-20-1	2	1.33	28	2	159	1039	0.2805208	557	0.0286484
poi-20-1	2	1.33	28	3	79	561	0.236284	1211	0.0466936
poi-20-1	2	1.33	28	3	159	1070	0.3495918	1700	0.0888814
poi-20-2	1	0.67	13	1	80	291	0.0796372	0	0
poi-20-2	1	0.67	13	1	160	691	0.2243744	4276	0.102399
poi-20-2	1	0.67	13	2	80	291	0.0796209	0	0
poi-20-2	1	0.67	13	2	160	699	0.1329299	383	0.0089827
poi-20-2	1	0.67	13	3	80	291	0.0808633	0	0
poi-20-2	1	0.67	13	3	160	699	0.1512759	1059	0.0256228
poi-20-2	1	0.67	26	1	80	335	0.1475205	1	3.2E-05
poi-20-2	1	0.67	26	1	160	744	0.3892306	3016	0.1467351
poi-20-2	1	0.67	26	2	80	335	0.1631688	1	5.5E-05
poi-20-2	1	0.67	26	2	160	760	0.5505175	4134	0.2478773
poi-20-2	1	0.67	26	3	80	335	0.1751188	2	8.51E-05
poi-20-2	1	0.67	26	3	160	760	0.3723792	720	0.045144
poi-20-2	1	1	13	1	80	291	0.1169657	0	0
poi-20-2	1	1	13	1	160	701	0.2104375	89	0.0037294
poi-20-2	1	1	13	2	80	291	0.1183266	0	0
poi-20-2	1	1	13	2	160	713	0.2066239	9	0.0003331
poi-20-2	1	1	13	3	80	291	0.1208454	0	0
poi-20-2	1	1	13	3	160	713	0.2095472	10	0.0004019
poi-20-2	1	1	26	1	80	359	0.1766323	1002	0.0301636
poi-20-2	1	1	26	1	160	824	0.3437267	2106	0.1025759
poi-20-2	1	1	26	2	80	359	0.1746085	0	0
poi-20-2	1	1	26	2	160	864	0.2570641	136	0.0070894
poi-20-2	1	1	26	3	80	366	0.2703981	2155	0.0816208
poi-20-2	1	1	26	3	160	864	0.2574102	7	0.0003563
poi-20-2	1	1.33	13	1	80	306	0.1175176	0	0
poi-20-2	1	1.33	13	1	160	732	0.2103333	82	0.0031821
poi-20-2	1	1.33	13	2	80	306	0.1166275	0	0
poi-20-2	1	1.33	13	2	160	747	0.2007828	15	0.0006645
poi-20-2	1	1.33	13	3	80	306	0.1192723	0	0
poi-20-2	1	1.33	13	3	160	747	0.205519	7	0.0002984
poi-20-2	1	1.33	26	1	80	438	0.3573241	5761	0.1904629
poi-20-2	1	1.33	26	1	160	981	0.4474219	4173	0.2049538
poi-20-2	1	1.33	26	2	80	441	0.3456682	4067	0.1601256
poi-20-2	1	1.33	26	2	160	1040	0.418798	3252	0.1652667
poi-20-2	1	1.33	26	3	80	441	0.4750265	6407	0.2726264
poi-20-2	1	1.33	26	3	160	1040	0.2617526	95	0.005077
poi-20-2	2	0.67	13	1	80	291	0.0780651	0	0
poi-20-2	2	0.67	13	1	160	696	0.1255445	38	0.0009032
poi-20-2	2	0.67	13	2	80	291	0.0787681	0	0
poi-20-2	2	0.67	13	2	160	699	0.1418334	638	0.0150927
poi-20-2	2	0.67	13	3	80	291	0.0802183	0	0
poi-20-2	2	0.67	13	3	160	699	0.1496805	861	0.0215236
poi-20-2	2	0.67	26	1	80	335	0.1353684	4	0.0001189
poi-20-2	2	0.67	26	1	160	772	0.2607678	361	0.0163026
poi-20-2	2	0.67	26	2	80	335	0.1553014	1	3.25E-05
poi-20-2	2	0.67	26	2	160	791	0.604313	5718	0.3217251
poi-20-2	2	0.67	26	3	80	335	0.1681965	11	0.0004882
poi-20-2	2	0.67	26	3	160	791	0.3545255	852	0.0496177
poi-20-2	2	1	13	1	80	291	0.1149849	0	0
poi-20-2	2	1	13	1	160	716	0.2106033	69	0.0026124
poi-20-2	2	1	13	2	80	291	0.1167661	0	0
poi-20-2	2	1	13	2	160	716	0.2107634	22	0.0008812
poi-20-2	2	1	13	3	80	291	0.1192485	0	0
poi-20-2	2	1	13	3	160	716	0.213415	27	0.0010773
poi-20-2	2	1	26	1	80	359	0.1525687	1	3.88E-05
poi-20-2	2	1	26	1	160	895	0.2869746	1740	0.0741264
poi-20-2	2	1	26	2	80	465	0.4206617	7029	0.2483636
poi-20-2	2	1	26	2	160	927	0.2372816	215	0.0098834
poi-20-2	2	1	26	3	80	359	0.1899835	1	0.0002945
poi-20-2	2	1	26	3	160	927	0.2708998	754	0.0358215
poi-20-2	2	1.33	13	1	80	306	0.1165145	0	0
poi-20-2	2	1.33	13	1	160	750	0.2056436	49	0.0018945
poi-20-2	2	1.33	13	2	80	306	0.1172998	0	0
poi-20-2	2	1.33	13	2	160	750	0.2101847	95	0.0036494
poi-20-2	2	1.33	13	3	80	306	0.1203298	0	0
poi-20-2	2	1.33	13	3	160	750	0.2141464	21	0.000927
poi-20-2	2	1.33	26	1	80	438	0.1721321	122	0.0042716
poi-20-2	2	1.33	26	1	160	1050	0.2671172	1136	0.0497042
poi-20-2	2	1.33	26	2	80	441	0.2504244	2483	0.0839878
poi-20-2	2	1.33	26	2	160	1098	0.2687222	725	0.0342656
poi-20-2	2	1.33	26	3	80	562	0.5016177	9704	0.3348559
poi-20-2	2	1.33	26	3	160	1101	0.2461879	115	0.005637
poi-20-3	1	0.67	15	1	85	336	0.0887768	0	0
poi-20-3	1	0.67	15	1	171	743	0.1241904	16	0.0003256
poi-20-3	1	0.67	15	2	85	336	0.0905108	0	0
poi-20-3	1	0.67	15	2	171	743	0.1257885	24	0.0005357
poi-20-3	1	0.67	15	3	85	336	0.0914384	0	0
poi-20-3	1	0.67	15	3	171	743	0.1297178	108	0.0023443
poi-20-3	1	0.67	31	1	85	336	0.1301071	0	0
poi-20-3	1	0.67	31	1	171	769	0.2031466	45	0.001575
poi-20-3	1	0.67	31	2	85	336	0.1467108	0	0
poi-20-3	1	0.67	31	2	171	769	0.2502031	16	0.0007263
poi-20-3	1	0.67	31	3	85	336	0.1599149	0	0
poi-20-3	1	0.67	31	3	171	769	0.2792902	5	0.0002279
poi-20-3	1	1	15	1	85	336	0.1213896	0	0
poi-20-3	1	1	15	1	171	773	0.2158675	23	0.0009559
poi-20-3	1	1	15	2	85	336	0.1289112	0	0
poi-20-3	1	1	15	2	171	773	0.2161572	101	0.0043438
poi-20-3	1	1	15	3	85	336	0.1329388	0	0
poi-20-3	1	1	15	3	171	773	0.2224357	58	0.0024462
poi-20-3	1	1	31	1	85	336	0.1208503	0	0
poi-20-3	1	1	31	1	171	812	0.2687792	133	0.0070516
poi-20-3	1	1	31	2	85	372	0.1407058	3	7.15E-05
poi-20-3	1	1	31	2	171	859	0.2729288	305	0.0157363
poi-20-3	1	1	31	3	85	431	0.1655259	195	0.0066056
poi-20-3	1	1	31	3	171	890	0.5176046	4392	0.2421525
poi-20-3	1	1.33	15	1	85	375	0.1293481	0	0
poi-20-3	1	1.33	15	1	171	832	0.2484255	712	0.0312317
poi-20-3	1	1.33	15	2	85	375	0.1302188	0	0
poi-20-3	1	1.33	15	2	171	840	0.2194736	115	0.0047817
poi-20-3	1	1.33	15	3	85	375	0.1329125	0	0
poi-20-3	1	1.33	15	3	171	840	0.232324	244	0.0105917
poi-20-3	1	1.33	31	1	85	419	0.1423526	0	0
poi-20-3	1	1.33	31	1	171	948	0.3285029	921	0.0515001
poi-20-3	1	1.33	31	2	85	441	0.1536574	77	0.0024727
poi-20-3	1	1.33	31	2	171	1036	0.5283054	4682	0.2551987
poi-20-3	1	1.33	31	3	85	540	0.1669432	163	0.0056079
poi-20-3	1	1.33	31	3	171	1115	0.3727148	1508	0.0867067
poi-20-3	2	0.67	15	1	85	336	0.0899623	0	0
poi-20-3	2	0.67	15	1	171	755	0.1281479	80	0.0018045
poi-20-3	2	0.67	15	2	85	336	0.090178	0	0
poi-20-3	2	0.67	15	2	171	755	0.1328614	182	0.0040959
poi-20-3	2	0.67	15	3	85	336	0.0922762	0	0
poi-20-3	2	0.67	15	3	171	755	0.1328004	101	0.0023522
poi-20-3	2	0.67	31	1	85	336	0.1300893	0	0
poi-20-3	2	0.67	31	1	171	769	0.2330969	48	0.0018717
poi-20-3	2	0.67	31	2	85	336	0.1468038	0	0
poi-20-3	2	0.67	31	2	171	769	0.2812095	33	0.0018927
poi-20-3	2	0.67	31	3	85	336	0.1605052	0	0
poi-20-3	2	0.67	31	3	171	798	0.3347537	534	0.0305527
poi-20-3	2	1	15	1	85	336	0.1194249	0	0
poi-20-3	2	1	15	1	171	773	0.2129269	4	0.0001642
poi-20-3	2	1	15	2	85	336	0.118591	0	0
poi-20-3	2	1	15	2	171	773	0.2085128	38	0.0014915
poi-20-3	2	1	15	3	85	336	0.1240654	0	0
poi-20-3	2	1	15	3	171	773	0.222182	141	0.0059005
poi-20-3	2	1	31	1	85	372	0.1154983	19	0.0004427
poi-20-3	2	1	31	1	171	859	0.2368302	249	0.0112838
poi-20-3	2	1	31	2	85	475	0.1385729	6	0.0001949
poi-20-3	2	1	31	2	171	975	0.2866984	1167	0.0541544
poi-20-3	2	1	31	3	85	483	0.1564969	14	0.0004807
poi-20-3	2	1	31	3	171	999	0.277209	662	0.0326354
poi-20-3	2	1.33	15	1	85	375	0.1272276	0	0
poi-20-3	2	1.33	15	1	171	833	0.3461251	3065	0.1308598
poi-20-3	2	1.33	15	2	85	375	0.1292029	0	0
poi-20-3	2	1.33	15	2	171	841	0.2152656	12	0.0006031
poi-20-3	2	1.33	15	3	85	375	0.1326488	0	0
poi-20-3	2	1.33	15	3	171	841	0.2197153	38	0.0016325
poi-20-3	2	1.33	31	1	85	441	0.1483293	707	0.019191
poi-20-3	2	1.33	31	1	171	1023	0.3581714	2746	0.1283209
poi-20-3	2	1.33	31	2	85	598	0.1506272	54	0.001789
poi-20-3	2	1.33	31	2	171	1178	0.2416926	75	0.0037159
poi-20-3	2	1.33	31	3	85	608	0.1694061	19	0.0008332
poi-20-3	2	1.33	31	3	171	1241	0.2922463	748	0.0382788
poi-20-4	1	0.67	13	1	78	412	0.0929637	0	0
poi-20-4	1	0.67	13	1	157	797	0.1344266	4	9.8E-05
poi-20-4	1	0.67	13	2	78	412	0.0944503	0	0
poi-20-4	1	0.67	13	2	157	797	0.1356612	9	0.0002141
poi-20-4	1	0.67	13	3	78	412	0.0963406	0	0
poi-20-4	1	0.67	13	3	157	797	0.1391721	13	0.0003025
poi-20-4	1	0.67	26	1	78	412	0.1400817	0	0
poi-20-4	1	0.67	26	1	157	797	0.2294579	13	0.0005365
poi-20-4	1	0.67	26	2	78	412	0.1573675	0	0
poi-20-4	1	0.67	26	2	157	800	0.2884023	22	0.0009424
poi-20-4	1	0.67	26	3	78	452	0.2144538	1193	0.0414672
poi-20-4	1	0.67	26	3	157	827	0.4375573	1758	0.1110489
poi-20-4	1	1	13	1	78	412	0.1273376	0	0
poi-20-4	1	1	13	1	157	811	0.2417781	2	0.0001146
poi-20-4	1	1	13	2	78	412	0.1289469	0	0
poi-20-4	1	1	13	2	157	811	0.2482237	6	0.0003453
poi-20-4	1	1	13	3	78	412	0.1325784	0	0
poi-20-4	1	1	13	3	157	811	0.2506875	5	0.0003115
poi-20-4	1	1	26	1	78	429	0.1510898	54	0.0017127
poi-20-4	1	1	26	1	157	841	0.2654343	20	0.0010973
poi-20-4	1	1	26	2	78	469	0.1719994	2	6.56E-05
poi-20-4	1	1	26	2	157	898	0.275269	228	0.0122777
poi-20-4	1	1	26	3	78	511	0.2282551	986	0.0398873
poi-20-4	1	1	26	3	157	917	0.2867331	271	0.0144073
poi-20-4	1	1.33	13	1	78	466	0.1283956	0	0
poi-20-4	1	1.33	13	1	157	865	0.2400388	5	0.0001854
poi-20-4	1	1.33	13	2	78	479	0.1343442	5	0.0001379
poi-20-4	1	1.33	13	2	157	892	0.2421447	3	0.0001626
poi-20-4	1	1.33	13	3	78	479	0.1385618	7	0.0002855
poi-20-4	1	1.33	13	3	157	892	0.2360571	3	0.0002343
poi-20-4	1	1.33	26	1	78	504	0.1899951	67	0.0029125
poi-20-4	1	1.33	26	1	157	1014	0.4790657	3772	0.2057032
poi-20-4	1	1.33	26	2	78	538	0.1631427	8	0.0002872
poi-20-4	1	1.33	26	2	157	1045	0.2892791	163	0.0089985
poi-20-4	1	1.33	26	3	78	585	0.1911272	600	0.0209673
poi-20-4	1	1.33	26	3	157	1071	0.3140964	493	0.0278335
poi-20-4	2	0.67	13	1	78	412	0.0926105	0	0
poi-20-4	2	0.67	13	1	157	797	0.1354063	5	0.0001187
poi-20-4	2	0.67	13	2	78	412	0.0932177	0	0
poi-20-4	2	0.67	13	2	157	797	0.1368044	8	0.0002001
poi-20-4	2	0.67	13	3	78	412	0.0950048	0	0
poi-20-4	2	0.67	13	3	157	797	0.1396344	30	0.0006891
poi-20-4	2	0.67	26	1	78	412	0.1338181	0	0
poi-20-4	2	0.67	26	1	157	879	0.2867434	968	0.0432447
poi-20-4	2	0.67	26	2	78	412	0.1517637	0	0
poi-20-4	2	0.67	26	2	157	903	0.438071	2784	0.1540422
poi-20-4	2	0.67	26	3	78	412	0.1679151	0	0
poi-20-4	2	0.67	26	3	157	903	0.3654865	972	0.0564377
poi-20-4	2	1	13	1	78	412	0.1234138	0	0
poi-20-4	2	1	13	1	157	811	0.2318095	26	0.0010738
poi-20-4	2	1	13	2	78	412	0.1256006	0	0
poi-20-4	2	1	13	2	157	811	0.2348814	7	0.0003807
poi-20-4	2	1	13	3	78	412	0.1296105	0	0
poi-20-4	2	1	13	3	157	811	0.2402699	9	0.0003865
poi-20-4	2	1	26	1	78	478	0.1437534	123	0.0034317
poi-20-4	2	1	26	1	157	954	0.261579	821	0.0364385
poi-20-4	2	1	26	2	78	520	0.1867714	23	0.0009907
poi-20-4	2	1	26	2	157	998	0.2458901	385	0.0171376
poi-20-4	2	1	26	3	78	520	0.2089885	45	0.0019966
poi-20-4	2	1	26	3	157	998	0.2473014	111	0.0055491
poi-20-4	2	1.33	13	1	78	466	0.1267956	0	0
poi-20-4	2	1.33	13	1	157	865	0.2338415	8	0.0003119
poi-20-4	2	1.33	13	2	78	479	0.1328309	2	5.08E-05
poi-20-4	2	1.33	13	2	157	892	0.2323384	11	0.0004441
poi-20-4	2	1.33	13	3	78	479	0.1359003	4	0.0001099
poi-20-4	2	1.33	13	3	157	892	0.2351921	23	0.0010822
poi-20-4	2	1.33	26	1	78	550	0.179401	13	0.0005079
poi-20-4	2	1.33	26	1	157	1078	0.3796967	3298	0.1500625
poi-20-4	2	1.33	26	2	78	594	0.1687011	22	0.0007713
poi-20-4	2	1.33	26	2	157	1143	0.5428304	6328	0.3029432
poi-20-4	2	1.33	26	3	78	609	0.258163	1563	0.0615596
poi-20-4	2	1.33	26	3	157	1170	0.3817741	2491	0.1271422
poi-20-5	1	0.67	13	1	74	303	0.1044902	154	0.0032632
poi-20-5	1	0.67	13	1	149	726	0.1476632	661	0.0165789
poi-20-5	1	0.67	13	2	74	303	0.1107151	228	0.0050172
poi-20-5	1	0.67	13	2	149	726	0.1468545	509	0.01279
poi-20-5	1	0.67	13	3	74	303	0.1107888	86	0.0019619
poi-20-5	1	0.67	13	3	149	726	0.1661363	1186	0.0308696
poi-20-5	1	0.67	26	1	74	308	0.1474924	139	0.0041563
poi-20-5	1	0.67	26	1	149	737	0.2186875	579	0.0215799
poi-20-5	1	0.67	26	2	74	334	0.1622068	11	0.0005041
poi-20-5	1	0.67	26	2	149	763	0.2586392	659	0.0287398
poi-20-5	1	0.67	26	3	74	334	0.1701892	5	0.0001598
poi-20-5	1	0.67	26	3	149	763	0.266435	385	0.0170168
poi-20-5	1	1	13	1	74	333	0.1038847	9	0.0003012
poi-20-5	1	1	13	1	149	739	0.229696	110	0.0048208
poi-20-5	1	1	13	2	74	333	0.1128153	28	0.0007097
poi-20-5	1	1	13	2	149	762	0.2308054	57	0.0025099
poi-20-5	1	1	13	3	74	333	0.1167212	16	0.0003709
poi-20-5	1	1	13	3	149	762	0.2344589	79	0.0033127
poi-20-5	1	1	26	1	74	341	0.1311031	12	0.0002934
poi-20-5	1	1	26	1	149	824	0.2523013	210	0.0106592
poi-20-5	1	1	26	2	74	380	0.1461138	6	0.0001631
poi-20-5	1	1	26	2	149	851	0.2627764	298	0.0147839
poi-20-5	1	1	26	3	74	380	0.1549605	2	5.44E-05
poi-20-5	1	1	26	3	149	851	0.2636365	161	0.0089992
poi-20-5	1	1.33	13	1	74	361	0.1152355	2	4.92E-05
poi-20-5	1	1.33	13	1	149	799	0.3299717	2347	0.104508
poi-20-5	1	1.33	13	2	74	361	0.1206036	4	0.0001614
poi-20-5	1	1.33	13	2	149	843	0.2298781	59	0.0027409
poi-20-5	1	1.33	13	3	74	361	0.1222099	1	1.95E-05
poi-20-5	1	1.33	13	3	149	855	0.2349226	96	0.0042656
poi-20-5	1	1.33	26	1	74	405	0.1994807	2272	0.0624385
poi-20-5	1	1.33	26	1	149	963	0.2677929	50	0.0026678
poi-20-5	1	1.33	26	2	74	456	0.2023893	1304	0.0419117
poi-20-5	1	1.33	26	2	149	1006	0.6523389	7546	0.3923928
poi-20-5	1	1.33	26	3	74	479	0.1720609	19	0.0006537
poi-20-5	1	1.33	26	3	149	1002	0.5340782	4982	0.2675123
poi-20-5	2	0.67	13	1	74	303	0.1014091	54	0.0011469
poi-20-5	2	0.67	13	1	149	726	0.1838149	2065	0.0527449
poi-20-5	2	0.67	13	2	74	303	0.1042781	15	0.000396
poi-20-5	2	0.67	13	2	149	726	0.2159553	3102	0.0821904
poi-20-5	2	0.67	13	3	74	303	0.1080183	30	0.0006449
poi-20-5	2	0.67	13	3	149	726	0.1988819	2375	0.0633147
poi-20-5	2	0.67	26	1	74	341	0.1457942	21	0.0007315
poi-20-5	2	0.67	26	1	149	785	0.2442101	435	0.0152972
poi-20-5	2	0.67	26	2	74	387	0.1737702	32	0.0010897
poi-20-5	2	0.67	26	2	149	785	0.2771293	69	0.0029389
poi-20-5	2	0.67	26	3	74	425	0.1857482	12	0.0005635
poi-20-5	2	0.67	26	3	149	785	0.297738	132	0.0055603
poi-20-5	2	1	13	1	74	333	0.1111784	46	0.0010929
poi-20-5	2	1	13	1	149	747	0.26737	849	0.038209
poi-20-5	2	1	13	2	74	333	0.1166797	22	0.0005286
poi-20-5	2	1	13	2	149	762	0.2280946	9	0.0003755
poi-20-5	2	1	13	3	74	333	0.1214563	35	0.0009578
poi-20-5	2	1	13	3	149	762	0.2332353	50	0.002212
poi-20-5	2	1	26	1	74	390	0.1307415	2	6.62E-05
poi-20-5	2	1	26	1	149	868	0.2412597	744	0.031232
poi-20-5	2	1	26	2	74	460	0.1578888	8	0.0003779
poi-20-5	2	1	26	2	149	902	0.2587702	987	0.0426627
poi-20-5	2	1	26	3	74	517	0.1662416	25	0.0008356
poi-20-5	2	1	26	3	149	902	0.2441036	359	0.0165888
poi-20-5	2	1.33	13	1	74	361	0.1240662	3	7.52E-05
poi-20-5	2	1.33	13	1	149	843	0.6119301	8671	0.3877792
poi-20-5	2	1.33	13	2	74	361	0.1325808	3	7.96E-05
poi-20-5	2	1.33	13	2	149	855	0.2371602	126	0.0056181
poi-20-5	2	1.33	13	3	74	361	0.1383234	5	0.0001351
poi-20-5	2	1.33	13	3	149	855	0.2336887	25	0.0011372
poi-20-5	2	1.33	26	1	74	456	0.147401	447	0.0123934
poi-20-5	2	1.33	26	1	149	1006	0.3825787	4238	0.175968
poi-20-5	2	1.33	26	2	74	528	0.165076	7	0.0002333
poi-20-5	2	1.33	26	2	149	1077	0.3190826	2191	0.0977697
poi-20-5	2	1.33	26	3	74	603	0.1761724	13	0.0005169
poi-20-5	2	1.33	26	3	149	1088	0.3487936	2169	0.1050268
poi-30-1	1	0.67	13	1	85	463	0.2568334	0	0
poi-30-1	1	0.67	13	1	171	1062	0.3970596	188	0.0095704
poi-30-1	1	0.67	13	2	85	463	0.2750643	0	0
poi-30-1	1	0.67	13	2	171	1062	0.4655885	755	0.0541727
poi-30-1	1	0.67	13	3	85	463	0.2939528	0	0
poi-30-1	1	0.67	13	3	171	1062	0.4745446	659	0.0487533
poi-30-1	1	0.67	26	1	85	496	0.4433494	595	0.0454776
poi-30-1	1	0.67	26	1	171	1107	1.4492054	7030	0.8360002
poi-30-1	1	0.67	26	2	85	526	0.6793565	1851	0.180708
poi-30-1	1	0.67	26	2	171	1105	1.1683385	3080	0.4390352
poi-30-1	1	0.67	26	3	85	568	0.6500859	570	0.0591304
poi-30-1	1	0.67	26	3	171	1118	0.882799	321	0.0366497
poi-30-1	1	1	13	1	85	494	0.3201017	91	0.0058672
poi-30-1	1	1	13	1	171	1110	0.8733476	3529	0.356004
poi-30-1	1	1	13	2	85	500	0.358156	658	0.0423606
poi-30-1	1	1	13	2	171	1110	0.4821259	72	0.0056954
poi-30-1	1	1	13	3	85	540	0.5857626	4068	0.2653518
poi-30-1	1	1	13	3	171	1110	0.5872059	1264	0.1128967
poi-30-1	1	1	26	1	85	562	0.4055613	160	0.0128139
poi-30-1	1	1	26	1	171	1191	1.1115287	3826	0.4771565
poi-30-1	1	1	26	2	85	625	0.685773	3273	0.2712696
poi-30-1	1	1	26	2	171	1229	0.5856447	322	0.0331593
poi-30-1	1	1	26	3	85	677	0.4949427	97	0.0095043
poi-30-1	1	1	26	3	171	1282	1.2210847	6345	0.6810644
poi-30-1	1	1.33	13	1	85	568	0.5649817	3247	0.2255609
poi-30-1	1	1.33	13	1	171	1207	0.7359592	1974	0.2069205
poi-30-1	1	1.33	13	2	85	586	0.5106584	2110	0.1539535
poi-30-1	1	1.33	13	2	171	1233	0.5692152	804	0.0715262
poi-30-1	1	1.33	13	3	85	609	0.441062	1081	0.0802767
poi-30-1	1	1.33	13	3	171	1237	0.5148633	248	0.0215659
poi-30-1	1	1.33	26	1	85	669	0.9803747	5841	0.5287176
poi-30-1	1	1.33	26	1	171	1347	1.1989191	4770	0.580395
poi-30-1	1	1.33	26	2	85	829	0.5971539	1264	0.1219591
poi-30-1	1	1.33	26	2	171	1478	0.8483212	2656	0.2930576
poi-30-1	1	1.33	26	3	85	865	1.0240869	4792	0.5033057
poi-30-1	1	1.33	26	3	171	1565	0.6490406	843	0.0928929
poi-30-1	2	0.67	13	1	85	463	0.2521978	0	0
poi-30-1	2	0.67	13	1	171	1071	0.442397	635	0.0440844
poi-30-1	2	0.67	13	2	85	463	0.2703122	0	0
poi-30-1	2	0.67	13	2	171	1073	0.4620591	687	0.0449916
poi-30-1	2	0.67	13	3	85	463	0.2856637	0	0
poi-30-1	2	0.67	13	3	171	1073	0.507058	1048	0.0831575
poi-30-1	2	0.67	26	1	85	590	0.4259424	166	0.0117908
poi-30-1	2	0.67	26	1	171	1194	1.2850456	5118	0.6452653
poi-30-1	2	0.67	26	2	85	619	0.6441417	1357	0.1305418
poi-30-1	2	0.67	26	2	171	1219	0.7981931	311	0.0340223
poi-30-1	2	0.67	26	3	85	619	0.9058931	2844	0.3297529
poi-30-1	2	0.67	26	3	171	1231	0.9510516	554	0.0872627
poi-30-1	2	1	13	1	85	557	0.3106503	337	0.0201275
poi-30-1	2	1	13	1	171	1119	0.516861	35	0.0030379
poi-30-1	2	1	13	2	85	557	0.3342212	630	0.0384671
poi-30-1	2	1	13	2	171	1123	0.4972212	65	0.0047815
poi-30-1	2	1	13	3	85	561	0.3402012	660	0.0408066
poi-30-1	2	1	13	3	171	1123	0.5089135	207	0.0170476
poi-30-1	2	1	26	1	85	677	0.3533651	18	0.0013985
poi-30-1	2	1	26	1	171	1367	0.6195001	977	0.0958975
poi-30-1	2	1	26	2	85	758	0.4155941	235	0.0192329
poi-30-1	2	1	26	2	171	1367	0.4947869	133	0.011086
poi-30-1	2	1	26	3	85	808	0.875387	4467	0.4162729
poi-30-1	2	1	26	3	171	1417	0.5847346	949	0.0904292
poi-30-1	2	1.33	13	1	85	634	0.3540346	609	0.0395632
poi-30-1	2	1.33	13	1	171	1251	0.5257117	210	0.0168949
poi-30-1	2	1.33	13	2	85	656	0.5097318	2434	0.168324
poi-30-1	2	1.33	13	2	171	1265	0.8591597	3649	0.3615676
poi-30-1	2	1.33	13	3	85	669	0.4181285	930	0.0666361
poi-30-1	2	1.33	13	3	171	1290	0.8207485	3292	0.3218346
poi-30-1	2	1.33	26	1	85	835	0.4485703	1093	0.0803569
poi-30-1	2	1.33	26	1	171	1583	0.529154	59	0.0046884
poi-30-1	2	1.33	26	2	85	912	0.9002582	5709	0.4810712
poi-30-1	2	1.33	26	2	171	1706	0.6618982	1668	0.1630535
poi-30-1	2	1.33	26	3	85	989	0.5596706	569	0.0564021
poi-30-1	2	1.33	26	3	171	1748	1.2975946	7892	0.7921403
poi-30-2	1	0.67	12	1	95	641	0.1963156	392	0.0143995
poi-30-2	1	0.67	12	1	190	1154	0.3670936	419	0.0254665
poi-30-2	1	0.67	12	2	95	641	0.2912436	3143	0.1134016
poi-30-2	1	0.67	12	2	190	1164	0.4048437	1176	0.0707668
poi-30-2	1	0.67	12	3	95	639	0.202021	11	0.0004381
poi-30-2	1	0.67	12	3	190	1164	0.4036811	1007	0.0632875
poi-30-2	1	0.67	25	1	95	654	0.4088105	1577	0.0985496
poi-30-2	1	0.67	25	1	190	1239	0.6865992	112	0.0111963
poi-30-2	1	0.67	25	2	95	665	0.4134727	71	0.005623
poi-30-2	1	0.67	25	2	190	1251	1.0975857	1871	0.2946479
poi-30-2	1	0.67	25	3	95	683	0.7828865	2983	0.2924638
poi-30-2	1	0.67	25	3	190	1263	2.1931109	7475	1.3044392
poi-30-2	1	1	12	1	95	657	0.2272809	15	0.000708
poi-30-2	1	1	12	1	190	1201	0.6994161	1273	0.130235
poi-30-2	1	1	12	2	95	680	0.2321088	16	0.0007738
poi-30-2	1	1	12	2	190	1255	0.6756165	1059	0.1069832
poi-30-2	1	1	12	3	95	680	0.2383571	23	0.001117
poi-30-2	1	1	12	3	190	1255	0.583332	138	0.0103536
poi-30-2	1	1	25	1	95	701	0.3310994	127	0.0086662
poi-30-2	1	1	25	1	190	1327	0.6450493	59	0.0058434
poi-30-2	1	1	25	2	95	832	0.7051652	5519	0.3692944
poi-30-2	1	1	25	2	190	1369	0.5943757	532	0.0507985
poi-30-2	1	1	25	3	95	840	0.4261388	520	0.0401729
poi-30-2	1	1	25	3	190	1387	0.5585873	425	0.042008
poi-30-2	1	1.33	12	1	95	755	0.231907	50	0.002414
poi-30-2	1	1.33	12	1	190	1311	0.6022971	163	0.0134506
poi-30-2	1	1.33	12	2	95	778	0.2401535	3	0.0002252
poi-30-2	1	1.33	12	2	190	1356	0.7437161	1684	0.1792887
poi-30-2	1	1.33	12	3	95	785	0.3952218	3126	0.1532578
poi-30-2	1	1.33	12	3	190	1356	0.5743577	127	0.0094492
poi-30-2	1	1.33	25	1	95	829	0.3619875	66	0.0047115
poi-30-2	1	1.33	25	1	190	1491	0.71578	117	0.0134268
poi-30-2	1	1.33	25	2	95	927	0.4185138	918	0.066323
poi-30-2	1	1.33	25	2	190	1647	0.8363188	2580	0.2824127
poi-30-2	1	1.33	25	3	95	1020	0.452346	342	0.0298883
poi-30-2	1	1.33	25	3	190	1724	1.253445	6813	0.7189354
poi-30-2	2	0.67	12	1	95	654	0.1882303	18	0.0006064
poi-30-2	2	0.67	12	1	190	1179	0.3676332	495	0.0294863
poi-30-2	2	0.67	12	2	95	654	0.1863576	46	0.001735
poi-30-2	2	0.67	12	2	190	1209	0.4100676	1130	0.068628
poi-30-2	2	0.67	12	3	95	654	0.1870942	4	0.0001673
poi-30-2	2	0.67	12	3	190	1209	0.5983954	3724	0.2539222
poi-30-2	2	0.67	25	1	95	800	0.4041763	349	0.0276005
poi-30-2	2	0.67	25	1	190	1278	0.7411371	409	0.0497802
poi-30-2	2	0.67	25	2	95	890	0.4832636	167	0.0147891
poi-30-2	2	0.67	25	2	190	1278	0.8289486	533	0.0705707
poi-30-2	2	0.67	25	3	95	902	0.577277	42	0.0045141
poi-30-2	2	0.67	25	3	190	1278	2.5282972	10737	1.7420254
poi-30-2	2	1	12	1	95	680	0.2349039	21	0.0010005
poi-30-2	2	1	12	1	190	1268	0.6659591	736	0.0730309
poi-30-2	2	1	12	2	95	680	0.2325372	5	0.0002821
poi-30-2	2	1	12	2	190	1268	0.5869217	133	0.0110149
poi-30-2	2	1	12	3	95	680	0.2371277	15	0.0008052
poi-30-2	2	1	12	3	190	1268	0.5854453	67	0.0048801
poi-30-2	2	1	25	1	95	925	0.3907119	1417	0.0871273
poi-30-2	2	1	25	1	190	1410	0.5690432	77	0.006048
poi-30-2	2	1	25	2	95	1067	0.4502158	1903	0.1234062
poi-30-2	2	1	25	2	190	1410	0.4904271	18	0.0015336
poi-30-2	2	1	25	3	95	1067	0.3422972	173	0.0110475
poi-30-2	2	1	25	3	190	1410	0.4971606	6	0.0006582
poi-30-2	2	1.33	12	1	95	785	0.2411154	44	0.0021643
poi-30-2	2	1.33	12	1	190	1366	0.6106552	147	0.0117217
poi-30-2	2	1.33	12	2	95	785	0.33791	2196	0.1055951
poi-30-2	2	1.33	12	2	190	1366	0.8172333	2344	0.2499163
poi-30-2	2	1.33	12	3	95	785	0.2493723	162	0.0081075
poi-30-2	2	1.33	12	3	190	1366	0.6437041	697	0.0673193
poi-30-2	2	1.33	25	1	95	1078	0.4950078	2911	0.1833039
poi-30-2	2	1.33	25	1	190	1682	0.7607665	1731	0.1848585
poi-30-2	2	1.33	25	2	95	1281	0.6566737	4751	0.3184368
poi-30-2	2	1.33	25	2	190	1746	1.2958708	8010	0.795335
poi-30-2	2	1.33	25	3	95	1305	0.5367988	2674	0.1867316
poi-30-2	2	1.33	25	3	190	1782	1.4317992	9083	0.9174439
poi-30-3	1	0.67	12	1	86	441	0.3491539	3880	0.1523806
poi-30-3	1	0.67	12	1	172	1131	0.3737649	174	0.0090511
poi-30-3	1	0.67	12	2	86	460	0.2741639	1732	0.0695945
poi-30-3	1	0.67	12	2	172	1144	0.4043008	341	0.0225939
poi-30-3	1	0.67	12	3	86	466	0.3198085	2667	0.1112476
poi-30-3	1	0.67	12	3	172	1156	0.6322012	3228	0.2441246
poi-30-3	1	0.67	24	1	86	531	0.3029278	369	0.0208274
poi-30-3	1	0.67	24	1	172	1262	0.6585818	167	0.0188068
poi-30-3	1	0.67	24	2	86	540	0.348813	7	0.0004947
poi-30-3	1	0.67	24	2	172	1298	1.1954527	1990	0.3352974
poi-30-3	1	0.67	24	3	86	545	0.4207482	239	0.0187757
poi-30-3	1	0.67	24	3	172	1298	1.4846386	2667	0.5081402
poi-30-3	1	1	12	1	86	487	0.2854565	791	0.0397039
poi-30-3	1	1	12	1	172	1198	1.0026995	4596	0.4783388
poi-30-3	1	1	12	2	86	487	0.2422905	32	0.0017182
poi-30-3	1	1	12	2	172	1215	0.8757961	3575	0.3601111
poi-30-3	1	1	12	3	86	487	0.255472	92	0.004651
poi-30-3	1	1	12	3	172	1215	0.5374395	299	0.0230924
poi-30-3	1	1	24	1	86	613	0.2982435	34	0.0043426
poi-30-3	1	1	24	1	172	1340	0.6965788	951	0.1080727
poi-30-3	1	1	24	2	86	627	0.3522035	632	0.039195
poi-30-3	1	1	24	2	172	1430	0.5175273	132	0.011903
poi-30-3	1	1	24	3	86	627	0.3579502	6	0.0006087
poi-30-3	1	1	24	3	172	1449	0.5959697	1062	0.1035893
poi-30-3	1	1.33	12	1	86	519	0.327928	1191	0.0653466
poi-30-3	1	1.33	12	1	172	1296	0.596142	1040	0.0897859
poi-30-3	1	1.33	12	2	86	521	0.2959166	638	0.0340125
poi-30-3	1	1.33	12	2	172	1328	0.6273409	1273	0.1217521
poi-30-3	1	1.33	12	3	86	521	0.2981967	395	0.0221455
poi-30-3	1	1.33	12	3	172	1332	0.6956125	1971	0.1931771
poi-30-3	1	1.33	24	1	86	718	0.360429	146	0.0104095
poi-30-3	1	1.33	24	1	172	1542	0.6185214	150	0.0149036
poi-30-3	1	1.33	24	2	86	764	0.5184137	2358	0.1646626
poi-30-3	1	1.33	24	2	172	1761	0.7844525	2692	0.2711944
poi-30-3	1	1.33	24	3	86	802	0.7109804	4348	0.3292379
poi-30-3	1	1.33	24	3	172	1810	1.2311337	7375	0.7288106
poi-30-3	2	0.67	12	1	86	460	0.1950707	107	0.0041144
poi-30-3	2	0.67	12	1	172	1165	0.4855202	1635	0.1143936
poi-30-3	2	0.67	12	2	86	466	0.432343	5816	0.232209
poi-30-3	2	0.67	12	2	172	1163	0.4061941	347	0.0230063
poi-30-3	2	0.67	12	3	86	466	0.3833407	4351	0.1784773
poi-30-3	2	0.67	12	3	172	1166	0.5553969	2241	0.1693182
poi-30-3	2	0.67	24	1	86	601	0.906696	9349	0.5910756
poi-30-3	2	0.67	24	1	172	1310	0.8242053	222	0.0284988
poi-30-3	2	0.67	24	2	86	607	0.4455681	540	0.0431784
poi-30-3	2	0.67	24	2	172	1328	1.481621	3268	0.58385
poi-30-3	2	0.67	24	3	86	607	0.4562112	33	0.0028988
poi-30-3	2	0.67	24	3	172	1324	1.5495431	3193	0.5941293
poi-30-3	2	1	12	1	86	487	0.2208918	14	0.0033529
poi-30-3	2	1	12	1	172	1225	0.5278146	91	0.0068848
poi-30-3	2	1	12	2	86	506	0.234337	300	0.013335
poi-30-3	2	1	12	2	172	1225	0.7534549	2454	0.2449197
poi-30-3	2	1	12	3	86	506	0.2560548	603	0.028069
poi-30-3	2	1	12	3	172	1225	0.5165177	45	0.0035704
poi-30-3	2	1	24	1	86	711	0.2927611	86	0.0049224
poi-30-3	2	1	24	1	172	1449	0.5242613	199	0.0157357
poi-30-3	2	1	24	2	86	720	0.326133	210	0.0128762
poi-30-3	2	1	24	2	172	1449	0.4444617	1	0.0001101
poi-30-3	2	1	24	3	86	720	0.3256097	52	0.0034798
poi-30-3	2	1	24	3	172	1449	0.4642439	17	0.0011365
poi-30-3	2	1.33	12	1	86	519	0.2398701	7	0.0004205
poi-30-3	2	1.33	12	1	172	1343	0.7680356	2859	0.2689356
poi-30-3	2	1.33	12	2	86	586	0.306221	1214	0.0621816
poi-30-3	2	1.33	12	2	172	1343	0.6624435	1704	0.1631946
poi-30-3	2	1.33	12	3	86	586	0.299302	919	0.0478888
poi-30-3	2	1.33	12	3	172	1347	0.502779	122	0.0094317
poi-30-3	2	1.33	24	1	86	828	0.3164544	231	0.0139633
poi-30-3	2	1.33	24	1	172	1719	0.9129006	4046	0.4039777
poi-30-3	2	1.33	24	2	86	889	0.7273637	5905	0.3930116
poi-30-3	2	1.33	24	2	172	1800	0.5500069	1197	0.1063877
poi-30-3	2	1.33	24	3	86	902	0.3891476	726	0.0489718
poi-30-3	2	1.33	24	3	172	1837	0.8873698	4369	0.4037659
poi-30-4	1	0.67	11	1	91	798	0.3071143	584	0.029983
poi-30-4	1	0.67	11	1	183	1211	0.5117295	2074	0.1409886
poi-30-4	1	0.67	11	2	91	798	0.3766228	1543	0.0861232
poi-30-4	1	0.67	11	2	183	1211	0.3944045	280	0.0140823
poi-30-4	1	0.67	11	3	91	798	0.3345044	650	0.0391057
poi-30-4	1	0.67	11	3	183	1211	0.3966687	243	0.0117782
poi-30-4	1	0.67	23	1	91	852	0.61417	1419	0.1330254
poi-30-4	1	0.67	23	1	183	1215	0.8911662	2576	0.2950219
poi-30-4	1	0.67	23	2	91	870	1.0120131	3121	0.384962
poi-30-4	1	0.67	23	2	183	1215	0.7914128	439	0.0574182
poi-30-4	1	0.67	23	3	91	910	0.9413459	1505	0.2123713
poi-30-4	1	0.67	23	3	183	1215	0.8575454	33	0.0035623
poi-30-4	1	1	11	1	91	788	0.3094273	453	0.025459
poi-30-4	1	1	11	1	183	1226	0.5637107	18	0.0015379
poi-30-4	1	1	11	2	91	842	0.3400415	989	0.0574191
poi-30-4	1	1	11	2	183	1226	0.5267651	3	0.0004009
poi-30-4	1	1	11	3	91	842	0.3932641	1851	0.1063955
poi-30-4	1	1	11	3	183	1226	0.5182617	12	0.0010606
poi-30-4	1	1	23	1	91	852	0.5647105	2231	0.1747726
poi-30-4	1	1	23	1	183	1226	0.7010003	30	0.0037776
poi-30-4	1	1	23	2	91	940	0.7764256	4199	0.3550402
poi-30-4	1	1	23	2	183	1226	0.6440077	1	0.0001611
poi-30-4	1	1	23	3	91	1017	0.9017026	4309	0.4158862
poi-30-4	1	1	23	3	183	1256	1.0469249	3674	0.454107
poi-30-4	1	1.33	11	1	91	909	0.3227504	636	0.0361859
poi-30-4	1	1.33	11	1	183	1395	0.993783	3723	0.4203976
poi-30-4	1	1.33	11	2	91	937	0.4608986	2888	0.1694352
poi-30-4	1	1.33	11	2	183	1420	0.5468735	50	0.0044244
poi-30-4	1	1.33	11	3	91	937	0.3974427	1696	0.1011772
poi-30-4	1	1.33	11	3	183	1427	0.7363655	1961	0.2043799
poi-30-4	1	1.33	23	1	91	999	0.5428974	1716	0.1383678
poi-30-4	1	1.33	23	1	183	1473	1.3461734	4660	0.649653
poi-30-4	1	1.33	23	2	91	1108	0.8689445	4683	0.4206303
poi-30-4	1	1.33	23	2	183	1532	1.1106628	3642	0.4629029
poi-30-4	1	1.33	23	3	91	1245	0.6771269	1812	0.1839899
poi-30-4	1	1.33	23	3	183	1555	0.6797758	695	0.0822543
poi-30-4	2	0.67	11	1	91	810	0.4041514	2391	0.130667
poi-30-4	2	0.67	11	1	183	1215	0.3795619	137	0.0062039
poi-30-4	2	0.67	11	2	91	813	0.4843974	3617	0.2036872
poi-30-4	2	0.67	11	2	183	1215	0.3803158	114	0.0047467
poi-30-4	2	0.67	11	3	91	813	0.3061066	329	0.0165395
poi-30-4	2	0.67	11	3	183	1215	0.3914306	152	0.0068312
poi-30-4	2	0.67	23	1	91	977	0.9625209	3261	0.3752106
poi-30-4	2	0.67	23	1	183	1215	0.6025459	55	0.0044826
poi-30-4	2	0.67	23	2	91	978	0.7698995	65	0.0080528
poi-30-4	2	0.67	23	2	183	1215	0.715582	136	0.0131393
poi-30-4	2	0.67	23	3	91	978	0.8314192	48	0.0067728
poi-30-4	2	0.67	23	3	183	1215	0.849622	171	0.0210723
poi-30-4	2	1	11	1	91	842	0.2771885	204	0.0109292
poi-30-4	2	1	11	1	183	1226	0.5645633	3	0.0003511
poi-30-4	2	1	11	2	91	863	0.32053	797	0.0446565
poi-30-4	2	1	11	2	183	1226	0.5448739	1	7.95E-05
poi-30-4	2	1	11	3	91	863	0.3186657	659	0.0362742
poi-30-4	2	1	11	3	183	1226	0.5436576	2	0.0001583
poi-30-4	2	1	23	1	91	1074	0.4439343	804	0.0610887
poi-30-4	2	1	23	1	183	1285	0.7091213	596	0.0739563
poi-30-4	2	1	23	2	91	1092	0.4142321	64	0.0051884
poi-30-4	2	1	23	2	183	1298	0.6516023	527	0.057284
poi-30-4	2	1	23	3	91	1092	0.4607274	11	0.0011405
poi-30-4	2	1	23	3	183	1298	0.5747192	23	0.0023502
poi-30-4	2	1.33	11	1	91	942	0.5367673	4711	0.2588431
poi-30-4	2	1.33	11	1	183	1402	0.5963997	371	0.0367727
poi-30-4	2	1.33	11	2	91	952	0.3472845	1020	0.0577279
poi-30-4	2	1.33	11	2	183	1431	0.5462637	163	0.0119255
poi-30-4	2	1.33	11	3	91	959	0.4506657	2640	0.1571927
poi-30-4	2	1.33	11	3	183	1431	0.5457387	98	0.0071808
poi-30-4	2	1.33	23	1	91	1245	0.8492472	4985	0.4234962
poi-30-4	2	1.33	23	1	183	1490	0.7058703	668	0.0755401
poi-30-4	2	1.33	23	2	91	1352	1.1826949	8157	0.7321603
poi-30-4	2	1.33	23	2	183	1568	0.5989676	52	0.0054744
poi-30-4	2	1.33	23	3	91	1384	0.7769134	3054	0.2934222
poi-30-4	2	1.33	23	3	183	1595	0.8261285	2450	0.2726554
poi-30-5	1	0.67	13	1	82	422	0.1635692	37	0.0012123
poi-30-5	1	0.67	13	1	164	1206	0.5647506	2595	0.187211
poi-30-5	1	0.67	13	2	82	441	0.1764225	10	0.0004055
poi-30-5	1	0.67	13	2	164	1206	0.8501278	6103	0.4629831
poi-30-5	1	0.67	13	3	82	441	0.1954048	335	0.0118632
poi-30-5	1	0.67	13	3	164	1199	0.4399412	622	0.0449545
poi-30-5	1	0.67	26	1	82	454	0.3689766	3203	0.1444158
poi-30-5	1	0.67	26	1	164	1233	0.8627507	1995	0.2377409
poi-30-5	1	0.67	26	2	82	496	0.2841186	207	0.0113874
poi-30-5	1	0.67	26	2	164	1259	1.1696572	2724	0.3981924
poi-30-5	1	0.67	26	3	82	529	0.318434	15	0.0011924
poi-30-5	1	0.67	26	3	164	1281	1.8043141	5643	0.9475315
poi-30-5	1	1	13	1	82	431	0.2015434	82	0.0036145
poi-30-5	1	1	13	1	164	1254	0.9290585	4253	0.4277585
poi-30-5	1	1	13	2	82	494	0.2168192	19	0.0008774
poi-30-5	1	1	13	2	164	1254	0.6660356	1811	0.1755196
poi-30-5	1	1	13	3	82	494	0.2201761	8	0.0003976
poi-30-5	1	1	13	3	164	1254	0.5182608	219	0.018189
poi-30-5	1	1	26	1	82	499	0.2452064	864	0.0381202
poi-30-5	1	1	26	1	164	1318	0.6324779	582	0.0620374
poi-30-5	1	1	26	2	82	562	0.2464316	32	0.0016558
poi-30-5	1	1	26	2	164	1397	0.5663101	563	0.0560956
poi-30-5	1	1	26	3	82	612	0.26812	50	0.0027025
poi-30-5	1	1	26	3	164	1419	0.5323343	267	0.0268083
poi-30-5	1	1.33	13	1	82	480	0.2362915	17	0.0008542
poi-30-5	1	1.33	13	1	164	1408	0.8210243	3468	0.3299808
poi-30-5	1	1.33	13	2	82	563	0.2403942	28	0.0015265
poi-30-5	1	1.33	13	2	164	1432	0.4985572	71	0.0051639
poi-30-5	1	1.33	13	3	82	564	0.2487845	3	0.0001545
poi-30-5	1	1.33	13	3	164	1428	0.780032	2893	0.2836326
poi-30-5	1	1.33	26	1	82	589	0.2659104	133	0.00688
poi-30-5	1	1.33	26	1	164	1499	0.8455978	2642	0.2844487
poi-30-5	1	1.33	26	2	82	649	0.338867	1290	0.0701251
poi-30-5	1	1.33	26	2	164	1658	0.6257463	1317	0.1255311
poi-30-5	1	1.33	26	3	82	715	0.308453	442	0.0253807
poi-30-5	1	1.33	26	3	164	1731	0.6409003	1422	0.1390122
poi-30-5	2	0.67	13	1	82	472	0.1826476	20	0.0007089
poi-30-5	2	0.67	13	1	164	1211	0.548781	2310	0.168411
poi-30-5	2	0.67	13	2	82	487	0.1958726	36	0.0011797
poi-30-5	2	0.67	13	2	164	1211	0.4957497	1437	0.1058061
poi-30-5	2	0.67	13	3	82	487	0.1972896	3	0.0001038
poi-30-5	2	0.67	13	3	164	1211	0.4031727	135	0.0075699
poi-30-5	2	0.67	26	1	82	500	0.2665212	20	0.0009721
poi-30-5	2	0.67	26	1	164	1328	0.8582799	1377	0.1783071
poi-30-5	2	0.67	26	2	82	529	0.4786329	2025	0.1380476
poi-30-5	2	0.67	26	2	164	1357	0.8003597	58	0.0076342
poi-30-5	2	0.67	26	3	82	529	0.3995996	193	0.0149636
poi-30-5	2	0.67	26	3	164	1371	0.8552208	65	0.008334
poi-30-5	2	1	13	1	82	525	0.1967723	100	0.0064809
poi-30-5	2	1	13	1	164	1268	0.5100988	22	0.0018142
poi-30-5	2	1	13	2	82	562	0.2061848	189	0.0076843
poi-30-5	2	1	13	2	164	1268	0.5013453	21	0.00156
poi-30-5	2	1	13	3	82	562	0.2043972	20	0.0008622
poi-30-5	2	1	13	3	164	1275	1.0022273	4903	0.4971441
poi-30-5	2	1	26	1	82	575	0.2296431	12	0.0006167
poi-30-5	2	1	26	1	164	1447	0.5327536	144	0.0120526
poi-30-5	2	1	26	2	82	612	0.2592731	6	0.0003026
poi-30-5	2	1	26	2	164	1495	0.6531341	2122	0.1940665
poi-30-5	2	1	26	3	82	633	0.2893314	25	0.001441
poi-30-5	2	1	26	3	164	1477	0.5140987	568	0.0508794
poi-30-5	2	1.33	13	1	82	594	0.2242771	60	0.0028513
poi-30-5	2	1.33	13	1	164	1409	0.5238839	544	0.0448869
poi-30-5	2	1.33	13	2	82	633	0.2268033	5	0.0002023
poi-30-5	2	1.33	13	2	164	1436	0.8906905	4373	0.4153624
poi-30-5	2	1.33	13	3	82	633	0.2318331	44	0.0023139
poi-30-5	2	1.33	13	3	164	1452	1.549256	10936	1.0639143
poi-30-5	2	1.33	26	1	82	672	0.2490162	35	0.0021744
poi-30-5	2	1.33	26	1	164	1680	0.6094885	881	0.0885212
poi-30-5	2	1.33	26	2	82	741	0.2723586	47	0.0025714
poi-30-5	2	1.33	26	2	164	1814	0.8226518	4120	0.3676303
poi-30-5	2	1.33	26	3	82	761	0.4236024	1148	0.079496
poi-30-5	2	1.33	26	3	164	1852	1.068858	6349	0.5968005
poi-40-1	1	0.67	12	1	101	1042	0.5233844	0	0
poi-40-1	1	0.67	12	1	202	1600	1.2644502	2594	0.4161205
poi-40-1	1	0.67	12	2	101	1042	0.5529139	0	0
poi-40-1	1	0.67	12	2	202	1611	1.3100973	2477	0.419226
poi-40-1	1	0.67	12	3	101	1042	0.5683149	0	0
poi-40-1	1	0.67	12	3	202	1606	1.1973373	1890	0.290181
poi-40-1	1	0.67	24	1	101	1083	0.8159311	6	0.0007337
poi-40-1	1	0.67	24	1	202	1661	1.505721	638	0.152108
poi-40-1	1	0.67	24	2	101	1116	1.0667217	1	0.0005286
poi-40-1	1	0.67	24	2	202	1695	2.7274163	3370	1.0629229
poi-40-1	1	0.67	24	3	101	1140	1.2160842	1	0.0002417
poi-40-1	1	0.67	24	3	202	1740	4.9456368	8129	3.049815
poi-40-1	1	1	12	1	101	1079	0.6188479	382	0.0428278
poi-40-1	1	1	12	1	202	1631	1.3752663	713	0.1432143
poi-40-1	1	1	12	2	101	1084	0.5636433	475	0.0493141
poi-40-1	1	1	12	2	202	1659	1.3461926	1175	0.2421648
poi-40-1	1	1	12	3	101	1084	0.5231583	12	0.0014628
poi-40-1	1	1	12	3	202	1659	1.3892129	1462	0.3086396
poi-40-1	1	1	24	1	101	1187	2.0879064	9663	1.3769667
poi-40-1	1	1	24	1	202	1719	1.2899655	76	0.0140805
poi-40-1	1	1	24	2	101	1246	1.3358304	5610	0.7051809
poi-40-1	1	1	24	2	202	1860	2.3527787	6474	1.3077028
poi-40-1	1	1	24	3	101	1285	1.6843821	7116	0.9912834
poi-40-1	1	1	24	3	202	1893	1.439183	2233	0.4276123
poi-40-1	1	1.34	12	1	101	1250	0.5697146	20	0.0022564
poi-40-1	1	1.34	12	1	202	1866	2.4201492	5643	1.2578842
poi-40-1	1	1.34	12	2	101	1279	0.5394717	214	0.0220903
poi-40-1	1	1.34	12	2	202	1929	2.9438403	9020	1.8749172
poi-40-1	1	1.34	12	3	101	1289	0.5256023	52	0.0053983
poi-40-1	1	1.34	12	3	202	1978	1.6283215	2807	0.5710902
poi-40-1	1	1.34	24	1	101	1320	1.0041557	2042	0.2859402
poi-40-1	1	1.34	24	1	202	2017	1.881612	2431	0.5883246
poi-40-1	1	1.34	24	2	101	1487	1.0870499	3320	0.432989
poi-40-1	1	1.34	24	2	202	2207	1.9536317	4524	0.9170698
poi-40-1	1	1.34	24	3	101	1552	0.7512771	297	0.0418697
poi-40-1	1	1.34	24	3	202	2261	1.2310982	1130	0.222215
poi-40-1	2	0.67	12	1	101	1054	0.5041165	8	0.00066
poi-40-1	2	0.67	12	1	202	1634	1.8179255	5666	0.9501471
poi-40-1	2	0.67	12	2	101	1054	0.5469303	189	0.016447
poi-40-1	2	0.67	12	2	202	1633	0.9372845	431	0.0530439
poi-40-1	2	0.67	12	3	101	1054	0.5414142	10	0.0009954
poi-40-1	2	0.67	12	3	202	1633	1.3208074	2566	0.4201481
poi-40-1	2	0.67	24	1	101	1172	1.5396318	3624	0.6419781
poi-40-1	2	0.67	24	1	202	1711	1.3975494	130	0.0203567
poi-40-1	2	0.67	24	2	101	1199	1.1275974	15	0.003101
poi-40-1	2	0.67	24	2	202	1769	1.6992275	381	0.096818
poi-40-1	2	0.67	24	3	101	1201	1.2849513	87	0.0169095
poi-40-1	2	0.67	24	3	202	1757	1.8206562	227	0.0493117
poi-40-1	2	1	12	1	101	1167	0.5750339	364	0.0354097
poi-40-1	2	1	12	1	202	1706	1.7939664	2360	0.5572921
poi-40-1	2	1	12	2	101	1167	0.49502	11	0.0012984
poi-40-1	2	1	12	2	202	1719	1.3870784	1373	0.2577512
poi-40-1	2	1	12	3	101	1167	0.510659	69	0.0065145
poi-40-1	2	1	12	3	202	1734	1.8608075	3206	0.7224841
poi-40-1	2	1	24	1	101	1336	1.4137239	6224	0.7760835
poi-40-1	2	1	24	1	202	1888	2.281028	5235	1.1506633
poi-40-1	2	1	24	2	101	1367	0.7853106	1620	0.1916177
poi-40-1	2	1	24	2	202	1893	1.050059	214	0.0388432
poi-40-1	2	1	24	3	101	1416	0.819209	1475	0.1865071
poi-40-1	2	1	24	3	202	1893	0.9948167	6	0.0009175
poi-40-1	2	1.34	12	1	101	1370	0.6454787	921	0.0978636
poi-40-1	2	1.34	12	1	202	1938	1.9854334	3726	0.8313125
poi-40-1	2	1.34	12	2	101	1399	0.5377043	410	0.0388672
poi-40-1	2	1.34	12	2	202	1999	1.2747222	1134	0.2053565
poi-40-1	2	1.34	12	3	101	1399	0.5147342	61	0.0064589
poi-40-1	2	1.34	12	3	202	2004	3.3461349	11146	2.3028747
poi-40-1	2	1.34	24	1	101	1578	1.4987583	6633	0.8504925
poi-40-1	2	1.34	24	1	202	2199	2.7525808	7412	1.6312015
poi-40-1	2	1.34	24	2	101	1705	0.9153293	2639	0.3140889
poi-40-1	2	1.34	24	2	202	2331	1.7032856	3498	0.6788527
poi-40-1	2	1.34	24	3	101	1769	1.1331424	3688	0.4813675
poi-40-1	2	1.34	24	3	202	2355	1.0645053	439	0.0706862
poi-40-2	1	0.67	12	1	97	838	0.4620634	23	0.0022104
poi-40-2	1	0.67	12	1	194	1638	0.9414008	927	0.1231369
poi-40-2	1	0.67	12	2	97	846	0.9206651	4551	0.4342813
poi-40-2	1	0.67	12	2	194	1646	1.0844818	1494	0.2316964
poi-40-2	1	0.67	12	3	97	846	0.5267334	284	0.0249364
poi-40-2	1	0.67	12	3	194	1651	1.8915505	6120	1.0235337
poi-40-2	1	0.67	24	1	97	894	0.6983099	35	0.0042723
poi-40-2	1	0.67	24	1	194	1705	1.5735061	677	0.1592547
poi-40-2	1	0.67	24	2	97	918	0.8846119	39	0.0058043
poi-40-2	1	0.67	24	2	194	1705	2.9791987	3899	1.2860501
poi-40-2	1	0.67	24	3	97	918	1.0553243	290	0.0483897
poi-40-2	1	0.67	24	3	194	1705	1.9790386	195	0.0510117
poi-40-2	1	1	12	1	97	886	0.5783614	667	0.0655728
poi-40-2	1	1	12	1	194	1699	1.4279702	1531	0.3277727
poi-40-2	1	1	12	2	97	898	0.4738599	7	0.0007548
poi-40-2	1	1	12	2	194	1699	1.0782335	558	0.1018881
poi-40-2	1	1	12	3	97	898	0.5233894	366	0.0361122
poi-40-2	1	1	12	3	194	1716	1.7144359	3827	0.7436805
poi-40-2	1	1	24	1	97	935	0.6863849	684	0.0811032
poi-40-2	1	1	24	1	194	1765	1.7651249	1547	0.4058204
poi-40-2	1	1	24	2	97	999	0.6017968	219	0.0258863
poi-40-2	1	1	24	2	194	1839	1.1469627	478	0.0922372
poi-40-2	1	1	24	3	97	1090	1.0950941	4054	0.4922031
poi-40-2	1	1	24	3	194	1843	1.0106584	234	0.0360157
poi-40-2	1	1.34	12	1	97	986	1.3821672	8783	0.8793283
poi-40-2	1	1.34	12	1	194	1924	1.352019	1529	0.2880749
poi-40-2	1	1.34	12	2	97	1057	0.5034523	300	0.029018
poi-40-2	1	1.34	12	2	194	1996	2.8733946	9785	1.8965338
poi-40-2	1	1.34	12	3	97	1065	0.5783641	1050	0.104021
poi-40-2	1	1.34	12	3	194	2011	1.9904337	5401	1.0229228
poi-40-2	1	1.34	24	1	97	1083	1.1822613	4359	0.5445061
poi-40-2	1	1.34	24	1	194	2090	1.5977882	962	0.2337214
poi-40-2	1	1.34	24	2	97	1261	0.7468155	1245	0.1481506
poi-40-2	1	1.34	24	2	194	2224	1.4454325	1985	0.392397
poi-40-2	1	1.34	24	3	97	1256	0.6284509	14	0.0020516
poi-40-2	1	1.34	24	3	194	2260	1.0369933	304	0.0530556
poi-40-2	2	0.67	12	1	97	846	0.5411176	976	0.0858679
poi-40-2	2	0.67	12	1	194	1668	1.0769641	1869	0.2704865
poi-40-2	2	0.67	12	2	97	846	0.499231	304	0.0246647
poi-40-2	2	0.67	12	2	194	1668	0.8505092	157	0.0143694
poi-40-2	2	0.67	12	3	97	846	0.5054574	266	0.0221359
poi-40-2	2	0.67	12	3	194	1668	0.8503333	88	0.0081748
poi-40-2	2	0.67	24	1	97	969	1.0825536	1998	0.2984161
poi-40-2	2	0.67	24	1	194	1721	1.4373791	599	0.1241406
poi-40-2	2	0.67	24	2	97	978	1.5716715	3506	0.64263
poi-40-2	2	0.67	24	2	194	1739	2.1469274	2254	0.6456622
poi-40-2	2	0.67	24	3	97	978	1.1603344	743	0.1423746
poi-40-2	2	0.67	24	3	194	1731	1.76687	421	0.117211
poi-40-2	2	1	12	1	97	946	0.4894711	262	0.022209
poi-40-2	2	1	12	1	194	1736	1.0396394	152	0.021321
poi-40-2	2	1	12	2	97	953	0.4854371	538	0.045072
poi-40-2	2	1	12	2	194	1736	0.9864007	32	0.003812
poi-40-2	2	1	12	3	97	953	0.4490777	129	0.0111674
poi-40-2	2	1	12	3	194	1736	0.9977729	260	0.0400108
poi-40-2	2	1	24	1	97	1140	0.6234279	389	0.0446886
poi-40-2	2	1	24	1	194	1890	1.6260749	2396	0.5106398
poi-40-2	2	1	24	2	97	1270	1.4834912	8783	0.9439127
poi-40-2	2	1	24	2	194	1950	1.0605709	608	0.0970964
poi-40-2	2	1	24	3	97	1412	0.7792664	2015	0.2230765
poi-40-2	2	1	24	3	194	1950	1.0785284	731	0.1348745
poi-40-2	2	1.34	12	1	97	1146	0.5718766	1251	0.1119558
poi-40-2	2	1.34	12	1	194	1999	2.1263746	5842	1.1318244
poi-40-2	2	1.34	12	2	97	1183	0.4896389	749	0.0629953
poi-40-2	2	1.34	12	2	194	2020	1.4428784	2723	0.5017199
poi-40-2	2	1.34	12	3	97	1183	0.4941813	671	0.0574535
poi-40-2	2	1.34	12	3	194	2034	1.868892	4861	0.9169634
poi-40-2	2	1.34	24	1	97	1382	1.2667227	5718	0.6729401
poi-40-2	2	1.34	24	1	194	2216	1.4403393	1459	0.3189791
poi-40-2	2	1.34	24	2	97	1468	0.5799917	194	0.0216235
poi-40-2	2	1.34	24	2	194	2377	1.5966961	3151	0.5966103
poi-40-2	2	1.34	24	3	97	1705	0.8586763	2281	0.2674543
poi-40-2	2	1.34	24	3	194	2403	1.2229775	1378	0.2448714
poi-40-3	1	0.67	13	1	97	684	0.417415	1396	0.0873023
poi-40-3	1	0.67	13	1	195	1470	1.685314	5496	0.8764724
poi-40-3	1	0.67	13	2	97	684	0.3773892	395	0.0259062
poi-40-3	1	0.67	13	2	195	1469	0.8801782	482	0.0653734
poi-40-3	1	0.67	13	3	97	684	0.3880636	502	0.0338038
poi-40-3	1	0.67	13	3	195	1469	0.8329362	29	0.0031907
poi-40-3	1	0.67	27	1	97	782	0.520757	114	0.011238
poi-40-3	1	0.67	27	1	195	1532	1.3992796	299	0.0660625
poi-40-3	1	0.67	27	2	97	818	0.6873037	428	0.0537912
poi-40-3	1	0.67	27	2	195	1588	2.6460664	2813	0.9403804
poi-40-3	1	0.67	27	3	97	842	0.8245187	541	0.0771882
poi-40-3	1	0.67	27	3	195	1593	2.04752	147	0.0379993
poi-40-3	1	1	13	1	97	723	0.5002892	1604	0.1229903
poi-40-3	1	1	13	1	195	1519	1.1283527	409	0.0714692
poi-40-3	1	1	13	2	97	723	0.4079677	281	0.0222858
poi-40-3	1	1	13	2	195	1522	2.0091186	5334	1.0218875
poi-40-3	1	1	13	3	97	727	0.4152276	318	0.0252674
poi-40-3	1	1	13	3	195	1532	1.1307925	977	0.1556545
poi-40-3	1	1	27	1	97	851	0.7542637	3071	0.2858701
poi-40-3	1	1	27	1	195	1608	1.2270341	510	0.1075542
poi-40-3	1	1	27	2	97	914	0.7171265	2409	0.2320272
poi-40-3	1	1	27	2	195	1721	2.6989136	10075	1.7892798
poi-40-3	1	1	27	3	97	971	0.6754764	1324	0.1410287
poi-40-3	1	1	27	3	195	1808	1.0841459	1200	0.2018872
poi-40-3	1	1.34	13	1	97	796	0.4297141	551	0.0440302
poi-40-3	1	1.34	13	1	195	1692	1.9943057	4703	0.9560985
poi-40-3	1	1.34	13	2	97	817	0.4292568	528	0.0406984
poi-40-3	1	1.34	13	2	195	1730	1.9921285	5495	1.0377506
poi-40-3	1	1.34	13	3	97	819	0.6697068	3488	0.2774903
poi-40-3	1	1.34	13	3	195	1766	1.3198494	2067	0.3556108
poi-40-3	1	1.34	27	1	97	981	0.5164033	94	0.0102586
poi-40-3	1	1.34	27	1	195	1854	2.0363882	4104	0.8941307
poi-40-3	1	1.34	27	2	97	1090	0.6332072	1100	0.1153152
poi-40-3	1	1.34	27	2	195	2050	0.9705932	368	0.0588866
poi-40-3	1	1.34	27	3	97	1226	0.7003408	1174	0.1316938
poi-40-3	1	1.34	27	3	195	2229	2.4513088	8840	1.5617471
poi-40-3	2	0.67	13	1	97	714	0.3715225	381	0.0250511
poi-40-3	2	0.67	13	1	195	1499	0.8212772	184	0.0221093
poi-40-3	2	0.67	13	2	97	714	0.3726944	137	0.0092755
poi-40-3	2	0.67	13	2	195	1499	0.8233078	56	0.0057285
poi-40-3	2	0.67	13	3	97	722	0.6904943	4284	0.3217847
poi-40-3	2	0.67	13	3	195	1499	0.8260306	25	0.0053395
poi-40-3	2	0.67	27	1	97	899	0.6603338	1	0.0002077
poi-40-3	2	0.67	27	1	195	1670	1.4252408	194	0.0375591
poi-40-3	2	0.67	27	2	97	1018	1.1732202	2193	0.3557395
poi-40-3	2	0.67	27	2	195	1691	1.7694044	539	0.1370608
poi-40-3	2	0.67	27	3	97	1060	1.550396	4035	0.6957825
poi-40-3	2	0.67	27	3	195	1695	1.7955333	182	0.0431786
poi-40-3	2	1	13	1	97	802	0.3739716	294	0.0210748
poi-40-3	2	1	13	1	195	1568	1.504039	2813	0.5206515
poi-40-3	2	1	13	2	97	812	0.3737933	203	0.0147373
poi-40-3	2	1	13	2	195	1578	1.0514825	641	0.1014434
poi-40-3	2	1	13	3	97	812	0.3819663	180	0.0132243
poi-40-3	2	1	13	3	195	1583	0.9703969	171	0.0221278
poi-40-3	2	1	27	1	97	1071	0.8351493	4327	0.3864876
poi-40-3	2	1	27	1	195	1845	1.7281557	3662	0.7192682
poi-40-3	2	1	27	2	97	1227	0.8315553	3966	0.3666747
poi-40-3	2	1	27	2	195	1868	0.8511939	29	0.0038383
poi-40-3	2	1	27	3	97	1324	0.9086457	4244	0.4143699
poi-40-3	2	1	27	3	195	1899	0.9432851	733	0.1159886
poi-40-3	2	1.34	13	1	97	880	0.4639924	1352	0.1005596
poi-40-3	2	1.34	13	1	195	1808	1.4430491	2642	0.4751891
poi-40-3	2	1.34	13	2	97	923	0.4599066	1035	0.0803584
poi-40-3	2	1.34	13	2	195	1833	2.1005367	6359	1.1695976
poi-40-3	2	1.34	13	3	97	923	0.4032004	122	0.009509
poi-40-3	2	1.34	13	3	195	1851	1.0920653	905	0.1468898
poi-40-3	2	1.34	27	1	97	1246	0.6343297	1800	0.1684395
poi-40-3	2	1.34	27	1	195	2140	1.3798039	1716	0.3381672
poi-40-3	2	1.34	27	2	97	1490	1.0698203	6105	0.5860292
poi-40-3	2	1.34	27	2	195	2323	1.221115	2042	0.3423513
poi-40-3	2	1.34	27	3	97	1632	0.5136133	24	0.0025224
poi-40-3	2	1.34	27	3	195	2320	1.042245	1233	0.191649
poi-40-4	1	0.67	13	1	103	600	0.396957	262	0.0186887
poi-40-4	1	0.67	13	1	207	1555	1.7852216	5948	0.9567857
poi-40-4	1	0.67	13	2	103	600	0.4002103	23	0.0015932
poi-40-4	1	0.67	13	2	207	1577	1.7724644	5689	0.9248507
poi-40-4	1	0.67	13	3	103	600	0.4078431	19	0.0014374
poi-40-4	1	0.67	13	3	207	1586	1.0714354	1354	0.2028973
poi-40-4	1	0.67	27	1	103	619	0.6434581	1886	0.1762828
poi-40-4	1	0.67	27	1	207	1604	1.4303001	460	0.0918608
poi-40-4	1	0.67	27	2	103	685	0.6356774	494	0.0570747
poi-40-4	1	0.67	27	2	207	1660	3.3271854	5119	1.6755882
poi-40-4	1	0.67	27	3	103	715	0.7688065	1075	0.1252177
poi-40-4	1	0.67	27	3	207	1673	3.1238965	3401	1.2366301
poi-40-4	1	1	13	1	103	635	0.6767661	3570	0.2798058
poi-40-4	1	1	13	1	207	1609	1.2177476	875	0.1582382
poi-40-4	1	1	13	2	103	635	0.4447838	303	0.0264433
poi-40-4	1	1	13	2	207	1648	1.238098	1676	0.300738
poi-40-4	1	1	13	3	103	635	0.4495633	135	0.0116396
poi-40-4	1	1	13	3	207	1648	1.2931352	2099	0.373217
poi-40-4	1	1	27	1	103	698	0.5351354	949	0.086744
poi-40-4	1	1	27	1	207	1661	2.077453	3407	0.8290996
poi-40-4	1	1	27	2	103	817	0.6748307	2035	0.195361
poi-40-4	1	1	27	2	207	1892	1.9558865	4921	0.958649
poi-40-4	1	1	27	3	103	876	1.0299521	4973	0.5110759
poi-40-4	1	1	27	3	207	1924	1.8608018	4953	0.9180841
poi-40-4	1	1.34	13	1	103	691	0.4555889	344	0.028983
poi-40-4	1	1.34	13	1	207	1867	1.6709124	2685	0.5624658
poi-40-4	1	1.34	13	2	103	736	0.5739361	1559	0.1366051
poi-40-4	1	1.34	13	2	207	1965	1.8911662	4893	0.9083646
poi-40-4	1	1.34	13	3	103	736	0.4978531	545	0.0488769
poi-40-4	1	1.34	13	3	207	1991	1.0286178	414	0.0698334
poi-40-4	1	1.34	27	1	103	787	0.8004998	3254	0.3140684
poi-40-4	1	1.34	27	1	207	1949	2.7013271	5534	1.4085902
poi-40-4	1	1.34	27	2	103	983	0.9793693	4516	0.4627625
poi-40-4	1	1.34	27	2	207	2246	1.6977403	3356	0.6679896
poi-40-4	1	1.34	27	3	103	1067	0.6184411	611	0.0673231
poi-40-4	1	1.34	27	3	207	2412	1.0547254	412	0.0713929
poi-40-4	2	0.67	13	1	103	623	0.3919365	188	0.0126016
poi-40-4	2	0.67	13	1	207	1593	0.8340096	234	0.0266492
poi-40-4	2	0.67	13	2	103	641	0.4271868	487	0.0376768
poi-40-4	2	0.67	13	2	207	1597	0.8894629	433	0.0547659
poi-40-4	2	0.67	13	3	103	641	0.4256352	372	0.0262688
poi-40-4	2	0.67	13	3	207	1597	0.8497946	68	0.0069738
poi-40-4	2	0.67	27	1	103	727	0.6416829	862	0.0885178
poi-40-4	2	0.67	27	1	207	1709	1.8069219	1325	0.3625262
poi-40-4	2	0.67	27	2	103	820	0.630109	24	0.0034303
poi-40-4	2	0.67	27	2	207	1745	2.4169069	2162	0.7197929
poi-40-4	2	0.67	27	3	103	820	0.7978058	871	0.1162111
poi-40-4	2	0.67	27	3	207	1749	2.5904604	2155	0.7471996
poi-40-4	2	1	13	1	103	682	0.5776132	2717	0.2049007
poi-40-4	2	1	13	1	207	1648	1.0142407	40	0.0051801
poi-40-4	2	1	13	2	103	709	0.3918909	79	0.0064555
poi-40-4	2	1	13	2	207	1657	1.3118974	1980	0.3659174
poi-40-4	2	1	13	3	103	709	0.3936809	86	0.0068137
poi-40-4	2	1	13	3	207	1657	1.6482156	3727	0.6929746
poi-40-4	2	1	27	1	103	848	0.4666495	260	0.022474
poi-40-4	2	1	27	1	207	1883	1.4529882	2405	0.4436346
poi-40-4	2	1	27	2	103	1025	0.4802147	236	0.022293
poi-40-4	2	1	27	2	207	1948	0.9518329	307	0.0458649
poi-40-4	2	1	27	3	103	1033	0.5755211	1111	0.1030403
poi-40-4	2	1	27	3	207	1948	0.8963003	6	0.000821
poi-40-4	2	1.34	13	1	103	738	0.474033	734	0.0603215
poi-40-4	2	1.34	13	1	207	1938	2.0517708	5450	1.0618321
poi-40-4	2	1.34	13	2	103	798	0.7444292	4004	0.3323445
poi-40-4	2	1.34	13	2	207	1980	0.9195042	96	0.0108854
poi-40-4	2	1.34	13	3	103	806	0.4684562	336	0.0302598
poi-40-4	2	1.34	13	3	207	1978	1.1723534	1506	0.2619778
poi-40-4	2	1.34	27	1	103	1020	0.6901976	2572	0.2303959
poi-40-4	2	1.34	27	1	207	2199	2.1210324	5414	1.1016867
poi-40-4	2	1.34	27	2	103	1276	0.5221924	361	0.0351355
poi-40-4	2	1.34	27	2	207	2412	1.4878389	3000	0.5522504
poi-40-4	2	1.34	27	3	103	1276	0.5927561	690	0.0721506
poi-40-4	2	1.34	27	3	207	2472	1.9057002	5240	0.9715779
poi-40-5	1	0.67	12	1	105	761	0.456484	162	0.0127324
poi-40-5	1	0.67	12	1	211	1631	1.4348955	4839	0.7041857
poi-40-5	1	0.67	12	2	105	883	0.5030802	325	0.0309688
poi-40-5	1	0.67	12	2	211	1650	0.7435179	81	0.0067317
poi-40-5	1	0.67	12	3	105	855	0.4948851	46	0.0038369
poi-40-5	1	0.67	12	3	211	1601	0.7535476	141	0.0126659
poi-40-5	1	0.67	25	1	105	909	1.4724628	5974	0.7974212
poi-40-5	1	0.67	25	1	211	1673	2.8316519	4705	1.3723895
poi-40-5	1	0.67	25	2	105	952	1.5166518	4381	0.6968526
poi-40-5	1	0.67	25	2	211	1679	1.9035096	800	0.2134668
poi-40-5	1	0.67	25	3	105	940	2.3263783	7275	1.3696429
poi-40-5	1	0.67	25	3	211	1702	1.9142102	351	0.0892591
poi-40-5	1	1	12	1	105	779	0.3583673	308	0.0217135
poi-40-5	1	1	12	1	211	1675	0.796098	1068	0.1470803
poi-40-5	1	1	12	2	105	815	0.4614379	1216	0.0900717
poi-40-5	1	1	12	2	211	1643	0.7802675	1168	0.1433268
poi-40-5	1	1	12	3	105	920	0.8883508	6439	0.5046498
poi-40-5	1	1	12	3	211	1667	1.2981838	5237	0.6578847
poi-40-5	1	1	25	1	105	986	0.9337111	4868	0.4623739
poi-40-5	1	1	25	1	211	1711	1.4200915	2390	0.4636302
poi-40-5	1	1	25	2	105	1058	1.0311322	4187	0.4713101
poi-40-5	1	1	25	2	211	1802	1.0583095	1358	0.2189631
poi-40-5	1	1	25	3	105	1109	0.5912961	225	0.0289807
poi-40-5	1	1	25	3	211	1887	1.0913861	1416	0.2332813
poi-40-5	1	1.34	12	1	105	917	0.4612097	1692	0.1160662
poi-40-5	1	1.34	12	1	211	1834	0.6452685	144	0.0180983
poi-40-5	1	1.34	12	2	105	1026	0.8024543	4896	0.3960381
poi-40-5	1	1.34	12	2	211	1843	0.8618572	1305	0.179277
poi-40-5	1	1.34	12	3	105	1089	0.7166045	3746	0.3029612
poi-40-5	1	1.34	12	3	211	1872	0.8937406	1776	0.2339285
poi-40-5	1	1.34	25	1	105	1121	1.0722987	5915	0.5834063
poi-40-5	1	1.34	25	1	211	2008	1.0327524	58	0.0105501
poi-40-5	1	1.34	25	2	105	1314	0.6355326	291	0.035636
poi-40-5	1	1.34	25	2	211	2217	1.4008516	3041	0.5223298
poi-40-5	1	1.34	25	3	105	1362	1.0426018	3849	0.4557921
poi-40-5	1	1.34	25	3	211	2321	1.9383096	6018	1.054556
poi-40-5	2	0.67	12	1	105	874	0.951126	5789	0.5080331
poi-40-5	2	0.67	12	1	211	1620	0.7197782	50	0.0042058
poi-40-5	2	0.67	12	2	105	943	0.8379551	3992	0.367521
poi-40-5	2	0.67	12	2	211	1650	0.7296172	28	0.0029175
poi-40-5	2	0.67	12	3	105	915	0.714662	2576	0.2366287
poi-40-5	2	0.67	12	3	211	1650	0.7413354	11	0.0011735
poi-40-5	2	0.67	25	1	105	1079	2.1455319	7460	1.2745733
poi-40-5	2	0.67	25	1	211	1722	3.7846661	8231	2.3239105
poi-40-5	2	0.67	25	2	105	1146	1.2630035	1162	0.230189
poi-40-5	2	0.67	25	2	211	1737	2.0239717	1372	0.3990999
poi-40-5	2	0.67	25	3	105	1186	1.6647275	2485	0.5552014
poi-40-5	2	0.67	25	3	211	1737	1.7743009	178	0.0450407
poi-40-5	2	1	12	1	105	999	0.3490131	64	0.0045612
poi-40-5	2	1	12	1	211	1685	0.6441711	241	0.0295169
poi-40-5	2	1	12	2	105	999	0.4206952	887	0.0635582
poi-40-5	2	1	12	2	211	1685	0.686085	387	0.0487719
poi-40-5	2	1	12	3	105	999	0.36442	52	0.0037446
poi-40-5	2	1	12	3	211	1691	0.7941573	1130	0.1411591
poi-40-5	2	1	25	1	105	1261	0.8007134	3547	0.3347382
poi-40-5	2	1	25	1	211	1887	1.9747811	7101	1.1442541
poi-40-5	2	1	25	2	105	1412	1.2267068	7312	0.7327677
poi-40-5	2	1	25	2	211	1897	0.8389568	97	0.0122887
poi-40-5	2	1	25	3	105	1507	0.656447	1108	0.122307
poi-40-5	2	1	25	3	211	1897	0.8623584	65	0.0086782
poi-40-5	2	1.34	12	1	105	1133	0.3574943	105	0.007596
poi-40-5	2	1.34	12	1	211	1891	1.3875597	5855	0.7445553
poi-40-5	2	1.34	12	2	105	1161	0.4671206	1237	0.0946136
poi-40-5	2	1.34	12	2	211	1919	1.1739228	4175	0.5306949
poi-40-5	2	1.34	12	3	105	1189	0.6215113	3105	0.2389909
poi-40-5	2	1.34	12	3	211	1976	0.9657574	2548	0.325379
poi-40-5	2	1.34	25	1	105	1473	1.1477608	7353	0.6842539
poi-40-5	2	1.34	25	1	211	2208	0.8497887	357	0.0529965
poi-40-5	2	1.34	25	2	105	1705	0.8242774	3036	0.3108856
poi-40-5	2	1.34	25	2	211	2325	1.6321895	4847	0.7957081
poi-40-5	2	1.34	25	3	105	1847	1.3813938	7536	0.8249159
poi-40-5	2	1.34	25	3	211	2377	2.1943711	7417	1.3063036
poi-50-1	1	0.67	12	1	108	972	0.6908844	14	0.0018825
poi-50-1	1	0.67	12	1	217	1909	3.5811329	6571	2.0062892
poi-50-1	1	0.67	12	2	108	991	1.1047753	2466	0.3601961
poi-50-1	1	0.67	12	2	217	1911	2.0839505	1403	0.4249562
poi-50-1	1	0.67	12	3	108	991	0.7673402	194	0.0236662
poi-50-1	1	0.67	12	3	217	1926	4.8048546	9561	3.1555596
poi-50-1	1	0.67	25	1	108	1033	0.9608541	168	0.0267133
poi-50-1	1	0.67	25	1	217	2034	3.7895487	2486	1.21287
poi-50-1	1	0.67	25	2	108	1062	2.656349	6670	1.5165122
poi-50-1	1	0.67	25	2	217	2136	3.5687181	558	0.3165361
poi-50-1	1	0.67	25	3	108	1074	1.3610445	432	0.1015181
poi-50-1	1	0.67	25	3	217	2146	3.8675539	245	0.1321461
poi-50-1	1	1	12	1	108	997	0.7315542	623	0.0780452
poi-50-1	1	1	12	1	217	1958	3.9309034	6232	2.1846554
poi-50-1	1	1	12	2	108	1026	0.7813404	1188	0.150568
poi-50-1	1	1	12	2	217	2042	1.7928408	585	0.1577536
poi-50-1	1	1	12	3	108	1026	0.6948072	534	0.0655627
poi-50-1	1	1	12	3	217	2056	1.683416	419	0.0771723
poi-50-1	1	1	25	1	108	1097	1.0624273	2220	0.3245051
poi-50-1	1	1	25	1	217	2120	3.5070333	3324	1.3584238
poi-50-1	1	1	25	2	108	1136	1.4066238	4779	0.6858754
poi-50-1	1	1	25	2	217	2347	5.7006766	12089	4.0166411
poi-50-1	1	1	25	3	108	1184	2.9245221	14203	2.1662847
poi-50-1	1	1	25	3	217	2375	1.5608156	32	0.0083553
poi-50-1	1	1.34	12	1	108	1148	1.3231095	4910	0.6519393
poi-50-1	1	1.34	12	1	217	2234	3.0898591	3840	1.3127788
poi-50-1	1	1.34	12	2	108	1185	0.8892055	1845	0.2428574
poi-50-1	1	1.34	12	2	217	2420	2.854292	4236	1.2794191
poi-50-1	1	1.34	12	3	108	1185	0.7218928	649	0.0813079
poi-50-1	1	1.34	12	3	217	2422	1.8377908	947	0.2464131
poi-50-1	1	1.34	25	1	108	1244	1.274359	3186	0.4949845
poi-50-1	1	1.34	25	1	217	2363	2.3284784	358	0.1316392
poi-50-1	1	1.34	25	2	108	1378	1.1222978	2692	0.3932328
poi-50-1	1	1.34	25	2	217	2845	4.5663702	8580	2.8553372
poi-50-1	1	1.34	25	3	108	1437	1.3152606	3327	0.5298208
poi-50-1	1	1.34	25	3	217	2939	2.060693	1604	0.4754502
poi-50-1	2	0.67	12	1	108	1016	0.7494635	242	0.0317334
poi-50-1	2	0.67	12	1	217	2012	1.7806997	840	0.221104
poi-50-1	2	0.67	12	2	108	1016	0.734705	23	0.002634
poi-50-1	2	0.67	12	2	217	2015	1.8275382	836	0.2278434
poi-50-1	2	0.67	12	3	108	1016	0.795266	434	0.0621783
poi-50-1	2	0.67	12	3	217	2036	2.8296322	3974	1.2396849
poi-50-1	2	0.67	25	1	108	1156	2.1716083	3501	0.8846221
poi-50-1	2	0.67	25	1	217	2171	7.1127409	7423	4.2092976
poi-50-1	2	0.67	25	2	108	1223	1.7010965	586	0.1584553
poi-50-1	2	0.67	25	2	217	2214	5.3454162	3712	2.2027007
poi-50-1	2	0.67	25	3	108	1300	4.0199484	7167	2.3244609
poi-50-1	2	0.67	25	3	217	2212	6.2338006	4562	2.9527178
poi-50-1	2	1	12	1	108	1074	0.6620066	17	0.0020386
poi-50-1	2	1	12	1	217	2259	1.8905549	745	0.2121882
poi-50-1	2	1	12	2	108	1074	0.6371699	77	0.0087695
poi-50-1	2	1	12	2	217	2234	4.6320405	10087	3.0765896
poi-50-1	2	1	12	3	108	1074	0.7596692	962	0.121467
poi-50-1	2	1	12	3	217	2259	2.0769706	1684	0.4804306
poi-50-1	2	1	25	1	108	1366	1.5608566	5448	0.8174626
poi-50-1	2	1	25	1	217	2430	2.6756954	2565	0.8543842
poi-50-1	2	1	25	2	108	1549	0.8317229	811	0.1142034
poi-50-1	2	1	25	2	217	2431	1.5585539	25	0.0046922
poi-50-1	2	1	25	3	108	1617	0.9778927	1873	0.262131
poi-50-1	2	1	25	3	217	2431	1.4690926	13	0.0029742
poi-50-1	2	1.34	12	1	108	1249	1.0419183	2868	0.3791423
poi-50-1	2	1.34	12	1	217	2613	2.2218129	1994	0.5883978
poi-50-1	2	1.34	12	2	108	1270	0.659867	216	0.0252389
poi-50-1	2	1.34	12	2	217	2638	1.8382889	1148	0.2877528
poi-50-1	2	1.34	12	3	108	1277	1.4090512	6052	0.7687525
poi-50-1	2	1.34	12	3	217	2687	6.0163305	15110	4.5151369
poi-50-1	2	1.34	25	1	108	1585	0.7775781	210	0.0298845
poi-50-1	2	1.34	25	1	217	2898	2.7394073	2629	0.9201635
poi-50-1	2	1.34	25	2	108	1928	1.1105206	2805	0.390602
poi-50-1	2	1.34	25	2	217	3074	1.690526	407	0.1049208
poi-50-1	2	1.34	25	3	108	1995	1.1632442	3046	0.4389027
poi-50-1	2	1.34	25	3	217	3077	3.4125877	6121	1.8725894
poi-50-2	1	0.67	12	1	112	1443	1.0753278	150	0.0231613
poi-50-2	1	0.67	12	1	225	2071	2.5198231	2787	0.8705557
poi-50-2	1	0.67	12	2	112	1459	1.2049958	227	0.0441002
poi-50-2	1	0.67	12	2	225	2076	2.3137552	1896	0.6114441
poi-50-2	1	0.67	12	3	112	1479	1.2613618	201	0.0334586
poi-50-2	1	0.67	12	3	225	2079	2.9711184	4065	1.2995869
poi-50-2	1	0.67	24	1	112	1479	1.4464623	151	0.0297895
poi-50-2	1	0.67	24	1	225	2113	2.8081548	135	0.0396768
poi-50-2	1	0.67	24	2	112	1517	2.2005341	1264	0.4147348
poi-50-2	1	0.67	24	2	225	2154	3.4381889	124	0.0420166
poi-50-2	1	0.67	24	3	112	1520	5.0174418	6983	2.956783
poi-50-2	1	0.67	24	3	225	2185	3.8711406	154	0.0578261
poi-50-2	1	1	12	1	112	1529	0.9743352	39	0.0063097
poi-50-2	1	1	12	1	225	2103	2.6088776	899	0.3535359
poi-50-2	1	1	12	2	112	1529	0.8867141	201	0.0324024
poi-50-2	1	1	12	2	225	2172	2.9059371	3014	1.050727
poi-50-2	1	1	12	3	112	1564	1.0719824	1582	0.2586311
poi-50-2	1	1	12	3	225	2172	3.3400119	4235	1.5048577
poi-50-2	1	1	24	1	112	1548	1.4340496	1230	0.2868291
poi-50-2	1	1	24	1	225	2188	6.5892892	8861	4.1457246
poi-50-2	1	1	24	2	112	1623	2.0303487	5273	1.0356616
poi-50-2	1	1	24	2	225	2278	3.4518821	4303	1.5637692
poi-50-2	1	1	24	3	112	1660	1.4521166	2193	0.4465493
poi-50-2	1	1	24	3	225	2314	1.9094958	532	0.1464117
poi-50-2	1	1.34	12	1	112	1783	1.0006787	116	0.019404
poi-50-2	1	1.34	12	1	225	2474	2.7248423	1290	0.516862
poi-50-2	1	1.34	12	2	112	1878	1.0635755	1279	0.2101768
poi-50-2	1	1.34	12	2	225	2597	2.4233043	1584	0.5400549
poi-50-2	1	1.34	12	3	112	1890	1.7821893	6164	0.9858983
poi-50-2	1	1.34	12	3	225	2577	2.7596898	2618	0.9102582
poi-50-2	1	1.34	24	1	112	1807	1.3064514	552	0.1215277
poi-50-2	1	1.34	24	1	225	2532	3.4261701	2176	0.9666131
poi-50-2	1	1.34	24	2	112	1951	1.0720039	323	0.0631674
poi-50-2	1	1.34	24	2	225	2710	2.3153336	1228	0.4352019
poi-50-2	1	1.34	24	3	112	2051	2.3586312	6746	1.3571463
poi-50-2	1	1.34	24	3	225	2833	4.2595754	7457	2.5278956
poi-50-2	2	0.67	12	1	112	1460	1.5878402	3168	0.6008349
poi-50-2	2	0.67	12	1	225	2091	3.1111972	5013	1.5464923
poi-50-2	2	0.67	12	2	112	1480	1.0886191	199	0.0330053
poi-50-2	2	0.67	12	2	225	2088	2.1699701	1840	0.5594947
poi-50-2	2	0.67	12	3	112	1480	1.5523619	2129	0.4633262
poi-50-2	2	0.67	12	3	225	2148	1.7826857	580	0.1461432
poi-50-2	2	0.67	24	1	112	1625	4.5653379	7833	2.7751299
poi-50-2	2	0.67	24	1	225	2220	4.2240385	3346	1.6549373
poi-50-2	2	0.67	24	2	112	1653	2.6128091	1044	0.4183055
poi-50-2	2	0.67	24	2	225	2231	4.1206464	2206	1.20553
poi-50-2	2	0.67	24	3	112	1713	2.8701368	947	0.408788
poi-50-2	2	0.67	24	3	225	2223	3.5497349	604	0.318912
poi-50-2	2	1	12	1	112	1571	0.9965349	379	0.0604944
poi-50-2	2	1	12	1	225	2255	2.532827	885	0.3118091
poi-50-2	2	1	12	2	112	1624	1.4133437	3498	0.5779046
poi-50-2	2	1	12	2	225	2255	1.9428747	171	0.0323104
poi-50-2	2	1	12	3	112	1654	1.2714998	3018	0.4724393
poi-50-2	2	1	12	3	225	2255	1.9427025	247	0.0472077
poi-50-2	2	1	24	1	112	1763	1.4338159	1600	0.3432886
poi-50-2	2	1	24	1	225	2342	2.1656312	377	0.1274954
poi-50-2	2	1	24	2	112	1983	1.6408697	3679	0.6875588
poi-50-2	2	1	24	2	225	2390	3.1088607	4101	1.3742089
poi-50-2	2	1	24	3	112	2017	1.0231971	484	0.086618
poi-50-2	2	1	24	3	225	2390	1.7651047	309	0.0827696
poi-50-2	2	1.34	12	1	112	1864	2.1760339	7060	1.2724056
poi-50-2	2	1.34	12	1	225	2592	3.1433688	2968	1.0919927
poi-50-2	2	1.34	12	2	112	1935	1.4846051	3772	0.6320112
poi-50-2	2	1.34	12	2	225	2658	2.5219505	1813	0.6534805
poi-50-2	2	1.34	12	3	112	1958	1.6188677	4646	0.7722047
poi-50-2	2	1.34	12	3	225	2676	1.9795797	285	0.051854
poi-50-2	2	1.34	24	1	112	2082	1.8942586	3683	0.8007686
poi-50-2	2	1.34	24	1	225	2760	3.591455	3985	1.5300316
poi-50-2	2	1.34	24	2	112	2379	1.1673125	997	0.1847684
poi-50-2	2	1.34	24	2	225	2915	4.2019057	6637	2.3851021
poi-50-2	2	1.34	24	3	112	2466	1.125371	878	0.1677878
poi-50-2	2	1.34	24	3	225	2951	2.5552428	2288	0.7460983
poi-50-3	1	0.67	13	1	109	1070	0.861327	40	0.0056759
poi-50-3	1	0.67	13	1	218	1929	2.7051939	3124	1.0232591
poi-50-3	1	0.67	13	2	109	1095	1.0019994	369	0.0646985
poi-50-3	1	0.67	13	2	218	1933	1.8120684	236	0.0511935
poi-50-3	1	0.67	13	3	109	1095	1.8434398	4975	0.9232571
poi-50-3	1	0.67	13	3	218	2023	3.4122488	4615	1.5982291
poi-50-3	1	0.67	26	1	109	1105	1.2156908	193	0.0320941
poi-50-3	1	0.67	26	1	218	2044	3.178605	1235	0.6128288
poi-50-3	1	0.67	26	2	109	1157	1.9443531	1687	0.4592135
poi-50-3	1	0.67	26	2	218	2097	8.1783464	7806	4.9437762
poi-50-3	1	0.67	26	3	109	1192	1.7836361	172	0.0435662
poi-50-3	1	0.67	26	3	218	2129	11.53844	10514	7.7852064
poi-50-3	1	1	13	1	109	1088	0.832559	8	0.0013101
poi-50-3	1	1	13	1	218	2070	2.4916125	1334	0.4906259
poi-50-3	1	1	13	2	109	1088	0.7557365	37	0.0050621
poi-50-3	1	1	13	2	218	2063	3.3524832	5143	1.6676742
poi-50-3	1	1	13	3	109	1151	1.7119867	6833	0.9984885
poi-50-3	1	1	13	3	218	2092	2.2562273	2187	0.6592243
poi-50-3	1	1	26	1	109	1125	1.0824677	311	0.0596754
poi-50-3	1	1	26	1	218	2094	3.0867112	1650	0.7274661
poi-50-3	1	1	26	2	109	1262	1.7058728	4655	0.8173207
poi-50-3	1	1	26	2	218	2247	2.1880837	1244	0.4079362
poi-50-3	1	1	26	3	109	1334	1.866246	5326	0.9554842
poi-50-3	1	1	26	3	218	2343	5.899474	13443	4.2808858
poi-50-3	1	1.34	13	1	109	1270	1.5768038	4310	0.7254568
poi-50-3	1	1.34	13	1	218	2320	3.5280823	3994	1.5572427
poi-50-3	1	1.34	13	2	109	1306	0.81956	554	0.076412
poi-50-3	1	1.34	13	2	218	2431	3.2084009	4773	1.5294171
poi-50-3	1	1.34	13	3	109	1319	1.4123796	4727	0.6817487
poi-50-3	1	1.34	13	3	218	2474	2.9565909	4495	1.3687093
poi-50-3	1	1.34	26	1	109	1289	1.4723877	1957	0.4038748
poi-50-3	1	1.34	26	1	218	2402	4.3357777	4133	1.901291
poi-50-3	1	1.34	26	2	109	1463	1.8654854	5442	0.97128
poi-50-3	1	1.34	26	2	218	2722	5.2376134	9909	3.4687014
poi-50-3	1	1.34	26	3	109	1572	1.9488384	5623	1.0271969
poi-50-3	1	1.34	26	3	218	2880	3.8956115	7151	2.2856458
poi-50-3	2	0.67	13	1	109	1095	1.0120813	939	0.1521678
poi-50-3	2	0.67	13	1	218	2053	2.1155719	1519	0.4536783
poi-50-3	2	0.67	13	2	109	1120	1.3676612	2538	0.4540387
poi-50-3	2	0.67	13	2	218	2035	3.8395907	6270	2.1091548
poi-50-3	2	0.67	13	3	109	1120	0.9949996	238	0.0370461
poi-50-3	2	0.67	13	3	218	2061	3.5595323	4939	1.7561762
poi-50-3	2	0.67	26	1	109	1215	1.598106	660	0.1663187
poi-50-3	2	0.67	26	1	218	2185	4.1506966	2347	1.2890339
poi-50-3	2	0.67	26	2	109	1346	2.2294459	651	0.2536289
poi-50-3	2	0.67	26	2	218	2216	3.3113691	205	0.0970063
poi-50-3	2	0.67	26	3	109	1474	3.1461562	2359	0.9571437
poi-50-3	2	0.67	26	3	218	2209	6.9688635	5317	3.5247198
poi-50-3	2	1	13	1	109	1188	1.0044172	1301	0.1996477
poi-50-3	2	1	13	1	218	2177	3.9247419	5826	2.1177072
poi-50-3	2	1	13	2	109	1270	0.7793253	374	0.048051
poi-50-3	2	1	13	2	218	2244	3.9442764	6980	2.2861923
poi-50-3	2	1	13	3	109	1381	2.5544818	12353	1.8096106
poi-50-3	2	1	13	3	218	2246	2.2007925	2121	0.6126962
poi-50-3	2	1	26	1	109	1368	1.4389812	2495	0.4706386
poi-50-3	2	1	26	1	218	2436	4.3312279	6150	2.3675544
poi-50-3	2	1	26	2	109	1672	1.7158046	4803	0.8379212
poi-50-3	2	1	26	2	218	2449	1.6958765	222	0.0507431
poi-50-3	2	1	26	3	109	1886	1.800602	5306	0.9282221
poi-50-3	2	1	26	3	218	2449	1.5485102	34	0.008549
poi-50-3	2	1.34	13	1	109	1395	1.3260816	3302	0.5138457
poi-50-3	2	1.34	13	1	218	2490	2.1372883	913	0.286062
poi-50-3	2	1.34	13	2	109	1569	2.1442443	9427	1.4008483
poi-50-3	2	1.34	13	2	218	2598	2.3511909	2300	0.7034681
poi-50-3	2	1.34	13	3	109	1656	0.7911497	411	0.0551416
poi-50-3	2	1.34	13	3	218	2621	1.6762384	340	0.0689951
poi-50-3	2	1.34	26	1	109	1683	1.0886651	519	0.0953272
poi-50-3	2	1.34	26	1	218	2904	2.9183953	2378	0.9198739
poi-50-3	2	1.34	26	2	109	2051	1.033061	823	0.1459017
poi-50-3	2	1.34	26	2	218	3043	1.8219918	507	0.1368626
poi-50-3	2	1.34	26	3	109	2337	1.3293575	2607	0.4491354
poi-50-3	2	1.34	26	3	218	3078	2.8655139	3881	1.2278954
poi-50-4	1	0.67	13	1	108	805	0.5767224	6	0.0007879
poi-50-4	1	0.67	13	1	216	1737	2.9184039	4461	1.3577951
poi-50-4	1	0.67	13	2	108	815	0.6008325	4	0.0005568
poi-50-4	1	0.67	13	2	216	1705	1.704396	211	0.040703
poi-50-4	1	0.67	13	3	108	815	0.6203084	6	0.0007405
poi-50-4	1	0.67	13	3	216	1748	3.0362861	4300	1.4078711
poi-50-4	1	0.67	27	1	108	857	1.0259085	1332	0.2103238
poi-50-4	1	0.67	27	1	216	1871	6.4258496	8153	3.9662164
poi-50-4	1	0.67	27	2	108	874	2.0715249	4782	1.0106578
poi-50-4	1	0.67	27	2	216	1950	3.8303991	1233	0.6911456
poi-50-4	1	0.67	27	3	108	912	1.2515056	48	0.011931
poi-50-4	1	0.67	27	3	216	1985	3.7483811	151	0.066965
poi-50-4	1	1	13	1	108	838	0.6246623	511	0.0567424
poi-50-4	1	1	13	1	216	1748	2.7045013	3070	0.9979797
poi-50-4	1	1	13	2	108	838	0.5775763	0	0
poi-50-4	1	1	13	2	216	1820	2.3756003	2856	0.8422318
poi-50-4	1	1	13	3	108	866	0.6398332	367	0.0442419
poi-50-4	1	1	13	3	216	1899	2.5967361	3829	1.0883905
poi-50-4	1	1	27	1	108	914	1.4607184	5362	0.7578244
poi-50-4	1	1	27	1	216	1992	1.9601454	263	0.0829969
poi-50-4	1	1	27	2	108	1010	0.9318443	1637	0.231014
poi-50-4	1	1	27	2	216	2097	3.4099387	6371	1.87745
poi-50-4	1	1	27	3	108	1086	0.7578637	30	0.0062862
poi-50-4	1	1	27	3	216	2263	2.5368691	3971	1.1106695
poi-50-4	1	1.34	13	1	108	965	0.7124919	1194	0.1391148
poi-50-4	1	1.34	13	1	216	2020	4.0055274	6788	2.272019
poi-50-4	1	1.34	13	2	108	995	0.985005	3257	0.3914019
poi-50-4	1	1.34	13	2	216	2149	3.3549556	5979	1.8285092
poi-50-4	1	1.34	13	3	108	1008	0.6781946	566	0.0706336
poi-50-4	1	1.34	13	3	216	2144	1.5650585	99	0.0186023
poi-50-4	1	1.34	27	1	108	1093	1.0342029	1941	0.291819
poi-50-4	1	1.34	27	1	216	2126	2.0929694	425	0.1316627
poi-50-4	1	1.34	27	2	108	1272	1.4184573	4856	0.6977358
poi-50-4	1	1.34	27	2	216	2537	1.5859566	121	0.0286678
poi-50-4	1	1.34	27	3	108	1336	1.4347311	4239	0.6536315
poi-50-4	1	1.34	27	3	216	2731	1.5004922	294	0.0746689
poi-50-4	2	0.67	13	1	108	823	0.5722058	0	0
poi-50-4	2	0.67	13	1	216	1760	1.9701977	1796	0.484776
poi-50-4	2	0.67	13	2	108	823	0.5931335	0	0
poi-50-4	2	0.67	13	2	216	1791	3.1140256	5343	1.5870802
poi-50-4	2	0.67	13	3	108	823	0.60043	0	0
poi-50-4	2	0.67	13	3	216	1810	1.5516564	11	0.0024305
poi-50-4	2	0.67	27	1	108	944	2.2396204	5613	1.1816938
poi-50-4	2	0.67	27	1	216	2062	5.2444128	5130	2.623419
poi-50-4	2	0.67	27	2	108	1074	3.2700615	6336	1.8309914
poi-50-4	2	0.67	27	2	216	2104	3.6002664	858	0.4491188
poi-50-4	2	0.67	27	3	108	1171	2.2365489	2032	0.6298856
poi-50-4	2	0.67	27	3	216	2136	4.8849938	2299	1.4582372
poi-50-4	2	1	13	1	108	907	1.4690669	7600	0.8847621
poi-50-4	2	1	13	1	216	1884	3.4696362	5405	1.760456
poi-50-4	2	1	13	2	108	912	0.8740957	2942	0.3269694
poi-50-4	2	1	13	2	216	1967	2.4968593	3183	0.945417
poi-50-4	2	1	13	3	108	912	0.8600363	2517	0.2893749
poi-50-4	2	1	13	3	216	1949	1.6140964	237	0.0495496
poi-50-4	2	1	27	1	108	1115	0.8515959	1125	0.1547675
poi-50-4	2	1	27	1	216	2250	1.8643775	697	0.1945083
poi-50-4	2	1	27	2	108	1358	1.7444773	7685	1.0577851
poi-50-4	2	1	27	2	216	2408	1.7950317	1176	0.3263351
poi-50-4	2	1	27	3	108	1434	0.9680221	1704	0.245376
poi-50-4	2	1	27	3	216	2408	1.4724211	14	0.0045845
poi-50-4	2	1.34	13	1	108	1038	0.8481267	2038	0.2505023
poi-50-4	2	1.34	13	1	216	2160	1.7562997	381	0.0798931
poi-50-4	2	1.34	13	2	108	1074	0.9832565	3397	0.4015363
poi-50-4	2	1.34	13	2	216	2365	2.0257283	1594	0.4441917
poi-50-4	2	1.34	13	3	108	1071	1.0867203	4103	0.4894688
poi-50-4	2	1.34	13	3	216	2299	1.68019	454	0.0964097
poi-50-4	2	1.34	27	1	108	1283	1.0658899	2528	0.3573175
poi-50-4	2	1.34	27	1	216	2697	2.6630394	2963	0.9699223
poi-50-4	2	1.34	27	2	108	1640	1.6767151	6992	0.9782973
poi-50-4	2	1.34	27	2	216	2968	3.7625229	7389	2.2312038
poi-50-4	2	1.34	27	3	108	1824	0.7457422	129	0.020731
poi-50-4	2	1.34	27	3	216	3003	1.6870832	711	0.1945597
poi-50-5	1	0.67	11	1	111	1255	1.1255886	990	0.1711635
poi-50-5	1	0.67	11	1	222	2070	2.0891432	1339	0.4138571
poi-50-5	1	0.67	11	2	111	1255	1.7660308	3717	0.7424239
poi-50-5	1	0.67	11	2	222	2087	5.085376	9894	3.383069
poi-50-5	1	0.67	11	3	111	1242	1.8957547	4298	0.8726421
poi-50-5	1	0.67	11	3	222	2068	1.9275113	577	0.1619026
poi-50-5	1	0.67	23	1	111	1331	1.6594928	117	0.025442
poi-50-5	1	0.67	23	1	222	2130	3.2614042	646	0.3306798
poi-50-5	1	0.67	23	2	111	1380	3.3522214	2835	1.1966229
poi-50-5	1	0.67	23	2	222	2134	3.7132213	258	0.1124967
poi-50-5	1	0.67	23	3	111	1400	2.5674799	102	0.0367986
poi-50-5	1	0.67	23	3	222	2187	5.1448577	1544	1.1128413
poi-50-5	1	1	11	1	111	1329	1.8714871	6112	1.0284131
poi-50-5	1	1	11	1	222	2122	2.8890366	2215	0.8512185
poi-50-5	1	1	11	2	111	1335	0.9770008	1310	0.1959369
poi-50-5	1	1	11	2	222	2153	2.2480028	1347	0.4503003
poi-50-5	1	1	11	3	111	1370	2.6065862	11808	1.8267934
poi-50-5	1	1	11	3	222	2144	1.763095	178	0.0476318
poi-50-5	1	1	23	1	111	1393	1.2497325	188	0.042138
poi-50-5	1	1	23	1	222	2186	4.2288074	3720	1.740536
poi-50-5	1	1	23	2	111	1488	1.4339764	2260	0.4502453
poi-50-5	1	1	23	2	222	2368	3.4092293	4546	1.5976234
poi-50-5	1	1	23	3	111	1583	1.5295329	2759	0.5424213
poi-50-5	1	1	23	3	222	2440	1.9570855	655	0.1713634
poi-50-5	1	1.34	11	1	111	1518	1.7247869	5380	0.8900717
poi-50-5	1	1.34	11	1	222	2485	5.0259164	7812	3.0619668
poi-50-5	1	1.34	11	2	111	1568	0.9061125	908	0.1314762
poi-50-5	1	1.34	11	2	222	2435	1.8150686	203	0.0494238
poi-50-5	1	1.34	11	3	111	1613	0.8087463	284	0.0410425
poi-50-5	1	1.34	11	3	222	2508	2.0772299	1114	0.3356293
poi-50-5	1	1.34	23	1	111	1606	1.2108835	75	0.0162926
poi-50-5	1	1.34	23	1	222	2526	3.925937	3179	1.4748764
poi-50-5	1	1.34	23	2	111	1822	1.5128206	2626	0.5240859
poi-50-5	1	1.34	23	2	222	2800	2.2334821	1115	0.352677
poi-50-5	1	1.34	23	3	111	1917	1.6220664	3003	0.6032992
poi-50-5	1	1.34	23	3	222	3023	4.0287972	6546	2.2750861
poi-50-5	2	0.67	11	1	111	1356	0.9413387	11	0.0017897
poi-50-5	2	0.67	11	1	222	2108	1.746639	419	0.1038806
poi-50-5	2	0.67	11	2	111	1356	0.9818688	31	0.0049995
poi-50-5	2	0.67	11	2	222	2108	1.9591655	1026	0.2998143
poi-50-5	2	0.67	11	3	111	1356	0.9948343	39	0.0064563
poi-50-5	2	0.67	11	3	222	2114	2.1389473	1517	0.4281236
poi-50-5	2	0.67	23	1	111	1494	3.2770346	3547	1.343365
poi-50-5	2	0.67	23	1	222	2204	4.0956241	2086	1.1658046
poi-50-5	2	0.67	23	2	111	1570	2.7188834	743	0.306925
poi-50-5	2	0.67	23	2	222	2226	6.351624	4604	3.0216505
poi-50-5	2	0.67	23	3	111	1592	4.5287991	3527	1.8596519
poi-50-5	2	0.67	23	3	222	2221	6.0107521	3334	2.4174436
poi-50-5	2	1	11	1	111	1480	1.0528796	1352	0.2153309
poi-50-5	2	1	11	1	222	2205	2.4399431	1275	0.4521116
poi-50-5	2	1	11	2	111	1486	0.989111	1613	0.2398133
poi-50-5	2	1	11	2	222	2261	3.3828244	4467	1.5764366
poi-50-5	2	1	11	3	111	1486	0.9213032	1205	0.1731928
poi-50-5	2	1	11	3	222	2290	4.5091708	7831	2.7404219
poi-50-5	2	1	23	1	111	1716	1.7493405	3119	0.6660344
poi-50-5	2	1	23	1	222	2466	3.6083893	4255	1.6262305
poi-50-5	2	1	23	2	111	1874	1.4331894	2530	0.4797998
poi-50-5	2	1	23	2	222	2467	1.7363636	211	0.0448522
poi-50-5	2	1	23	3	111	1893	1.8950105	5043	0.94883
poi-50-5	2	1	23	3	222	2467	1.6322775	11	0.0029531
poi-50-5	2	1.34	11	1	111	1688	1.4535907	3962	0.6429893
poi-50-5	2	1.34	11	1	222	2492	2.083175	596	0.176187
poi-50-5	2	1.34	11	2	111	1702	0.8461738	726	0.1017057
poi-50-5	2	1.34	11	2	222	2568	1.9478357	880	0.2583564
poi-50-5	2	1.34	11	3	111	1735	1.5082317	5281	0.7644976
poi-50-5	2	1.34	11	3	222	2581	2.6254541	2893	0.9060905
poi-50-5	2	1.34	23	1	111	2034	1.8464881	3620	0.7705158
poi-50-5	2	1.34	23	1	222	2926	2.4221283	1179	0.4089641
poi-50-5	2	1.34	23	2	111	2239	0.9876898	173	0.0307607
poi-50-5	2	1.34	23	2	222	3025	3.3094691	4617	1.5601055
poi-50-5	2	1.34	23	3	111	2380	1.0802481	695	0.1317821
poi-50-5	2	1.34	23	3	222	3092	2.5389156	2577	0.8483994
AverageObj: 1019.54, IterToBest: 1385.35, TimeToBest: 0.26
