InstanceName	alpha	beta	L	m	Tmax	ObjValue	CpuTime	IterToBest	TimeToBest
poi-10-1	1	0.67	15	1	59	201	0.0241388	0	0
poi-10-1	1	0.67	15	1	118	295	0.0415622	0	0
poi-10-1	1	0.67	15	2	59	201	0.0245568	0	0
poi-10-1	1	0.67	15	2	118	295	0.0425212	0	0
poi-10-1	1	0.67	15	3	59	201	0.0254109	0	0
poi-10-1	1	0.67	15	3	118	295	0.0434234	0	0
poi-10-1	1	0.67	30	1	59	201	0.0263784	0	0
poi-10-1	1	0.67	30	1	118	295	0.0550885	0	0
poi-10-1	1	0.67	30	2	59	201	0.0274917	0	0
poi-10-1	1	0.67	30	2	118	295	0.057834	0	0
poi-10-1	1	0.67	30	3	59	201	0.0282251	0	0
poi-10-1	1	0.67	30	3	118	295	0.0610012	0	0
poi-10-1	1	1	15	1	59	201	0.0335018	0	0
poi-10-1	1	1	15	1	118	295	0.0712223	0	0
poi-10-1	1	1	15	2	59	201	0.0353781	0	0
poi-10-1	1	1	15	2	118	295	0.0734167	0	0
poi-10-1	1	1	15	3	59	201	0.0367809	0	0
poi-10-1	1	1	15	3	118	295	0.0749906	0	0
poi-10-1	1	1	30	1	59	201	0.0372732	0	0
poi-10-1	1	1	30	1	118	295	0.0740218	0	0
poi-10-1	1	1	30	2	59	201	0.0410427	0	0
poi-10-1	1	1	30	2	118	295	0.0809504	0	0
poi-10-1	1	1	30	3	59	201	0.0452917	0	0
poi-10-1	1	1	30	3	118	295	0.0871492	0	0
poi-10-1	1	1.33	15	1	59	233	0.0318978	0	0
poi-10-1	1	1.33	15	1	118	327	0.0664302	0	0
poi-10-1	1	1.33	15	2	59	233	0.0330955	0	0
poi-10-1	1	1.33	15	2	118	327	0.0683383	0	0
poi-10-1	1	1.33	15	3	59	233	0.0345678	0	0
poi-10-1	1	1.33	15	3	118	327	0.0698425	0	0
poi-10-1	1	1.33	30	1	59	233	0.0365863	0	0
poi-10-1	1	1.33	30	1	118	347	0.0685145	18	0.0002396
poi-10-1	1	1.33	30	2	59	233	0.0403645	0	0
poi-10-1	1	1.33	30	2	118	347	0.073968	2	3.25E-05
poi-10-1	1	1.33	30	3	59	233	0.0440762	0	0
poi-10-1	1	1.33	30	3	118	347	0.0795381	5	8.29E-05
poi-10-1	2	0.67	15	1	59	201	0.0241365	0	0
poi-10-1	2	0.67	15	1	118	295	0.0419327	0	0
poi-10-1	2	0.67	15	2	59	201	0.0249308	0	0
poi-10-1	2	0.67	15	2	118	295	0.042766	0	0
poi-10-1	2	0.67	15	3	59	201	0.0254601	0	0
poi-10-1	2	0.67	15	3	118	295	0.043703	0	0
poi-10-1	2	0.67	30	1	59	201	0.0263096	0	0
poi-10-1	2	0.67	30	1	118	295	0.0550038	0	0
poi-10-1	2	0.67	30	2	59	201	0.0273047	0	0
poi-10-1	2	0.67	30	2	118	295	0.0575711	0	0
poi-10-1	2	0.67	30	3	59	201	0.0278796	0	0
poi-10-1	2	0.67	30	3	118	295	0.0604902	0	0
poi-10-1	2	1	15	1	59	201	0.0317016	0	0
poi-10-1	2	1	15	1	118	295	0.0712615	0	0
poi-10-1	2	1	15	2	59	201	0.0335296	0	0
poi-10-1	2	1	15	2	118	295	0.0731305	0	0
poi-10-1	2	1	15	3	59	201	0.0349392	0	0
poi-10-1	2	1	15	3	118	295	0.074642	0	0
poi-10-1	2	1	30	1	59	201	0.0371948	0	0
poi-10-1	2	1	30	1	118	295	0.0735407	0	0
poi-10-1	2	1	30	2	59	201	0.0405703	0	0
poi-10-1	2	1	30	2	118	295	0.0800204	0	0
poi-10-1	2	1	30	3	59	201	0.0443127	0	0
poi-10-1	2	1	30	3	118	295	0.0873901	0	0
poi-10-1	2	1.33	15	1	59	233	0.031621	0	0
poi-10-1	2	1.33	15	1	118	327	0.0665627	0	0
poi-10-1	2	1.33	15	2	59	233	0.0332934	0	0
poi-10-1	2	1.33	15	2	118	327	0.0682197	0	0
poi-10-1	2	1.33	15	3	59	233	0.0344566	0	0
poi-10-1	2	1.33	15	3	118	327	0.0698306	0	0
poi-10-1	2	1.33	30	1	59	233	0.0364798	0	0
poi-10-1	2	1.33	30	1	118	347	0.0687109	7	0.0001038
poi-10-1	2	1.33	30	2	59	233	0.0405721	0	0
poi-10-1	2	1.33	30	2	118	347	0.0735522	1	1.65E-05
poi-10-1	2	1.33	30	3	59	233	0.04357	0	0
poi-10-1	2	1.33	30	3	118	347	0.0791028	9	0.0001424
poi-10-2	1	0.67	13	1	58	76	0.0229525	0	0
poi-10-2	1	0.67	13	1	116	296	0.0360473	2	1.75E-05
poi-10-2	1	0.67	13	2	58	76	0.0237413	0	0
poi-10-2	1	0.67	13	2	116	296	0.0366968	12	8.6E-05
poi-10-2	1	0.67	13	3	58	76	0.0240383	0	0
poi-10-2	1	0.67	13	3	116	296	0.0374856	32	0.0002338
poi-10-2	1	0.67	27	1	58	76	0.0277449	0	0
poi-10-2	1	0.67	27	1	116	296	0.0471226	8	0.0001008
poi-10-2	1	0.67	27	2	58	76	0.028914	0	0
poi-10-2	1	0.67	27	2	116	296	0.049446	1	9.6E-06
poi-10-2	1	0.67	27	3	58	76	0.0300518	0	0
poi-10-2	1	0.67	27	3	116	296	0.0516948	3	5.35E-05
poi-10-2	1	1	13	1	58	76	0.0228565	0	0
poi-10-2	1	1	13	1	116	296	0.0604327	15	0.0001786
poi-10-2	1	1	13	2	58	76	0.0233894	0	0
poi-10-2	1	1	13	2	116	296	0.0610597	1	2.15E-05
poi-10-2	1	1	13	3	58	76	0.0239843	0	0
poi-10-2	1	1	13	3	116	296	0.0625349	1	2.07E-05
poi-10-2	1	1	27	1	58	76	0.0277447	0	0
poi-10-2	1	1	27	1	116	296	0.0720324	14	0.0002171
poi-10-2	1	1	27	2	58	76	0.0290396	0	0
poi-10-2	1	1	27	2	116	296	0.0798726	6	0.000116
poi-10-2	1	1	27	3	58	76	0.0299768	0	0
poi-10-2	1	1	27	3	116	296	0.0850033	2	0.0001264
poi-10-2	1	1.33	13	1	58	76	0.0229812	0	0
poi-10-2	1	1.33	13	1	116	313	0.0602763	7	9.92E-05
poi-10-2	1	1.33	13	2	58	76	0.0235993	0	0
poi-10-2	1	1.33	13	2	116	313	0.0615438	6	7.98E-05
poi-10-2	1	1.33	13	3	58	76	0.0240067	0	0
poi-10-2	1	1.33	13	3	116	313	0.0628587	19	0.0002343
poi-10-2	1	1.33	27	1	58	76	0.0277251	0	0
poi-10-2	1	1.33	27	1	116	343	0.0723018	22	0.0003991
poi-10-2	1	1.33	27	2	58	76	0.0288824	0	0
poi-10-2	1	1.33	27	2	116	345	0.082996	3	6.18E-05
poi-10-2	1	1.33	27	3	58	76	0.0298222	0	0
poi-10-2	1	1.33	27	3	116	345	0.0865412	1	2.69E-05
poi-10-2	2	0.67	13	1	58	76	0.022962	0	0
poi-10-2	2	0.67	13	1	116	296	0.0360706	10	7.38E-05
poi-10-2	2	0.67	13	2	58	76	0.0235716	0	0
poi-10-2	2	0.67	13	2	116	296	0.0366755	20	0.0001462
poi-10-2	2	0.67	13	3	58	76	0.0240165	0	0
poi-10-2	2	0.67	13	3	116	296	0.0372788	12	8.79E-05
poi-10-2	2	0.67	27	1	58	76	0.0275198	0	0
poi-10-2	2	0.67	27	1	116	296	0.0477736	2	1.77E-05
poi-10-2	2	0.67	27	2	58	76	0.0291155	0	0
poi-10-2	2	0.67	27	2	116	296	0.0500036	1	9.6E-06
poi-10-2	2	0.67	27	3	58	76	0.0300643	0	0
poi-10-2	2	0.67	27	3	116	296	0.0522438	5	6.54E-05
poi-10-2	2	1	13	1	58	76	0.0229508	0	0
poi-10-2	2	1	13	1	116	296	0.0602632	6	7.85E-05
poi-10-2	2	1	13	2	58	76	0.0234827	0	0
poi-10-2	2	1	13	2	116	296	0.0614969	12	0.0001397
poi-10-2	2	1	13	3	58	76	0.0239491	0	0
poi-10-2	2	1	13	3	116	296	0.0629631	30	0.000418
poi-10-2	2	1	27	1	58	76	0.0278599	0	0
poi-10-2	2	1	27	1	116	296	0.0677149	3	5.02E-05
poi-10-2	2	1	27	2	58	76	0.0288749	0	0
poi-10-2	2	1	27	2	116	296	0.074656	1	2.28E-05
poi-10-2	2	1	27	3	58	76	0.0301111	0	0
poi-10-2	2	1	27	3	116	296	0.079689	1	2.51E-05
poi-10-2	2	1.33	13	1	58	76	0.0229223	0	0
poi-10-2	2	1.33	13	1	116	313	0.0607872	14	0.0001723
poi-10-2	2	1.33	13	2	58	76	0.0234329	0	0
poi-10-2	2	1.33	13	2	116	313	0.0616572	14	0.00023
poi-10-2	2	1.33	13	3	58	76	0.0239849	0	0
poi-10-2	2	1.33	13	3	116	313	0.063835	22	0.0002656
poi-10-2	2	1.33	27	1	58	76	0.0277156	0	0
poi-10-2	2	1.33	27	1	116	355	0.0701109	3	0.0001174
poi-10-2	2	1.33	27	2	58	76	0.0288305	0	0
poi-10-2	2	1.33	27	2	116	355	0.0800772	2	4.23E-05
poi-10-2	2	1.33	27	3	58	76	0.0297482	0	0
poi-10-2	2	1.33	27	3	116	355	0.0833534	5	0.0001007
poi-10-3	1	0.67	14	1	59	0	0.0218874	0	0
poi-10-3	1	0.67	14	1	119	243	0.0410261	0	0
poi-10-3	1	0.67	14	2	59	0	0.0226466	0	0
poi-10-3	1	0.67	14	2	119	243	0.0434155	0	0
poi-10-3	1	0.67	14	3	59	0	0.0234692	0	0
poi-10-3	1	0.67	14	3	119	243	0.0449445	0	0
poi-10-3	1	0.67	28	1	59	0	0.0223953	0	0
poi-10-3	1	0.67	28	1	119	243	0.0498668	0	0
poi-10-3	1	0.67	28	2	59	0	0.0231453	0	0
poi-10-3	1	0.67	28	2	119	243	0.0593322	0	0
poi-10-3	1	0.67	28	3	59	0	0.0240719	0	0
poi-10-3	1	0.67	28	3	119	243	0.0647899	0	0
poi-10-3	1	1	14	1	59	0	0.0217154	0	0
poi-10-3	1	1	14	1	119	243	0.0648454	0	0
poi-10-3	1	1	14	2	59	0	0.0226469	0	0
poi-10-3	1	1	14	2	119	243	0.0738472	0	0
poi-10-3	1	1	14	3	59	0	0.0233468	0	0
poi-10-3	1	1	14	3	119	243	0.0785391	0	0
poi-10-3	1	1	28	1	59	0	0.0222889	0	0
poi-10-3	1	1	28	1	119	243	0.0755234	0	0
poi-10-3	1	1	28	2	59	0	0.0233038	0	0
poi-10-3	1	1	28	2	119	243	0.0868706	0	0
poi-10-3	1	1	28	3	59	0	0.0239297	0	0
poi-10-3	1	1	28	3	119	243	0.0918661	0	0
poi-10-3	1	1.33	14	1	59	0	0.02176	0	0
poi-10-3	1	1.33	14	1	119	275	0.0649997	0	0
poi-10-3	1	1.33	14	2	59	0	0.0224626	0	0
poi-10-3	1	1.33	14	2	119	295	0.0779495	4	7.43E-05
poi-10-3	1	1.33	14	3	59	0	0.0233896	0	0
poi-10-3	1	1.33	14	3	119	295	0.0817563	25	0.0002964
poi-10-3	1	1.33	28	1	59	0	0.022472	0	0
poi-10-3	1	1.33	28	1	119	295	0.0734864	0	0
poi-10-3	1	1.33	28	2	59	0	0.0233334	0	0
poi-10-3	1	1.33	28	2	119	301	0.0821838	1	2.67E-05
poi-10-3	1	1.33	28	3	59	0	0.0242535	0	0
poi-10-3	1	1.33	28	3	119	301	0.0861935	41	0.0008236
poi-10-3	2	0.67	14	1	59	0	0.0216888	0	0
poi-10-3	2	0.67	14	1	119	243	0.0411202	0	0
poi-10-3	2	0.67	14	2	59	0	0.0224048	0	0
poi-10-3	2	0.67	14	2	119	243	0.0436777	0	0
poi-10-3	2	0.67	14	3	59	0	0.0232939	0	0
poi-10-3	2	0.67	14	3	119	243	0.0450663	0	0
poi-10-3	2	0.67	28	1	59	0	0.0223161	0	0
poi-10-3	2	0.67	28	1	119	243	0.0505043	0	0
poi-10-3	2	0.67	28	2	59	0	0.0232102	0	0
poi-10-3	2	0.67	28	2	119	243	0.0590792	0	0
poi-10-3	2	0.67	28	3	59	0	0.0241367	0	0
poi-10-3	2	0.67	28	3	119	243	0.0652158	0	0
poi-10-3	2	1	14	1	59	0	0.0216263	0	0
poi-10-3	2	1	14	1	119	243	0.0648433	0	0
poi-10-3	2	1	14	2	59	0	0.0224798	0	0
poi-10-3	2	1	14	2	119	243	0.0732559	0	0
poi-10-3	2	1	14	3	59	0	0.0233293	0	0
poi-10-3	2	1	14	3	119	243	0.0775827	0	0
poi-10-3	2	1	28	1	59	0	0.0221835	0	0
poi-10-3	2	1	28	1	119	243	0.0761375	0	0
poi-10-3	2	1	28	2	59	0	0.0231653	0	0
poi-10-3	2	1	28	2	119	243	0.0834728	0	0
poi-10-3	2	1	28	3	59	0	0.0240932	0	0
poi-10-3	2	1	28	3	119	243	0.0867106	0	0
poi-10-3	2	1.33	14	1	59	0	0.0215893	0	0
poi-10-3	2	1.33	14	1	119	295	0.0657914	3	5.11E-05
poi-10-3	2	1.33	14	2	59	0	0.0222803	0	0
poi-10-3	2	1.33	14	2	119	295	0.080722	0	0
poi-10-3	2	1.33	14	3	59	0	0.0232809	0	0
poi-10-3	2	1.33	14	3	119	295	0.0839714	0	0
poi-10-3	2	1.33	28	1	59	0	0.0222294	0	0
poi-10-3	2	1.33	28	1	119	295	0.0719381	0	0
poi-10-3	2	1.33	28	2	59	0	0.0232173	0	0
poi-10-3	2	1.33	28	2	119	301	0.082989	1	2.49E-05
poi-10-3	2	1.33	28	3	59	0	0.0238821	0	0
poi-10-3	2	1.33	28	3	119	301	0.0884081	8	0.0002215
poi-10-4	1	0.67	13	1	59	163	0.021348	0	0
poi-10-4	1	0.67	13	1	118	324	0.0372361	0	0
poi-10-4	1	0.67	13	2	59	163	0.0218429	0	0
poi-10-4	1	0.67	13	2	118	324	0.0377604	0	0
poi-10-4	1	0.67	13	3	59	163	0.022374	0	0
poi-10-4	1	0.67	13	3	118	324	0.0381248	0	0
poi-10-4	1	0.67	26	1	59	173	0.0324708	0	0
poi-10-4	1	0.67	26	1	118	340	0.0523847	19	0.0002097
poi-10-4	1	0.67	26	2	59	173	0.0344958	0	0
poi-10-4	1	0.67	26	2	118	340	0.05556	54	0.0005829
poi-10-4	1	0.67	26	3	59	173	0.0362068	0	0
poi-10-4	1	0.67	26	3	118	340	0.0577914	19	0.0002878
poi-10-4	1	1	13	1	59	163	0.0235799	0	0
poi-10-4	1	1	13	1	118	324	0.0627648	0	0
poi-10-4	1	1	13	2	59	163	0.024266	0	0
poi-10-4	1	1	13	2	118	324	0.0638914	0	0
poi-10-4	1	1	13	3	59	163	0.0247708	0	0
poi-10-4	1	1	13	3	118	324	0.0649421	0	0
poi-10-4	1	1	26	1	59	179	0.0302862	0	0
poi-10-4	1	1	26	1	118	358	0.0676006	4	5.92E-05
poi-10-4	1	1	26	2	59	179	0.0327818	0	0
poi-10-4	1	1	26	2	118	358	0.0725875	6	9.49E-05
poi-10-4	1	1	26	3	59	179	0.0351288	0	0
poi-10-4	1	1	26	3	118	358	0.0785407	1	2.15E-05
poi-10-4	1	1.33	13	1	59	163	0.0236326	0	0
poi-10-4	1	1.33	13	1	118	324	0.0628809	0	0
poi-10-4	1	1.33	13	2	59	163	0.0241548	0	0
poi-10-4	1	1.33	13	2	118	324	0.0638813	0	0
poi-10-4	1	1.33	13	3	59	163	0.0247971	0	0
poi-10-4	1	1.33	13	3	118	324	0.0651981	0	0
poi-10-4	1	1.33	26	1	59	184	0.0294263	0	0
poi-10-4	1	1.33	26	1	118	399	0.094092	0	0
poi-10-4	1	1.33	26	2	59	184	0.0317318	0	0
poi-10-4	1	1.33	26	2	118	399	0.0951455	0	0
poi-10-4	1	1.33	26	3	59	184	0.0341754	0	0
poi-10-4	1	1.33	26	3	118	399	0.1013838	0	0
poi-10-4	2	0.67	13	1	59	163	0.0212573	0	0
poi-10-4	2	0.67	13	1	118	324	0.0371986	0	0
poi-10-4	2	0.67	13	2	59	163	0.0218758	0	0
poi-10-4	2	0.67	13	2	118	324	0.0377515	0	0
poi-10-4	2	0.67	13	3	59	163	0.0224176	0	0
poi-10-4	2	0.67	13	3	118	324	0.0382552	0	0
poi-10-4	2	0.67	26	1	59	173	0.0330487	0	0
poi-10-4	2	0.67	26	1	118	340	0.0534361	56	0.0006054
poi-10-4	2	0.67	26	2	59	173	0.0351184	0	0
poi-10-4	2	0.67	26	2	118	340	0.0559525	17	0.0002037
poi-10-4	2	0.67	26	3	59	173	0.0371826	0	0
poi-10-4	2	0.67	26	3	118	340	0.0585459	4	5.53E-05
poi-10-4	2	1	13	1	59	163	0.0236787	0	0
poi-10-4	2	1	13	1	118	324	0.0630888	0	0
poi-10-4	2	1	13	2	59	163	0.0242543	0	0
poi-10-4	2	1	13	2	118	324	0.0640324	0	0
poi-10-4	2	1	13	3	59	163	0.024974	0	0
poi-10-4	2	1	13	3	118	324	0.0654041	0	0
poi-10-4	2	1	26	1	59	179	0.0305246	0	0
poi-10-4	2	1	26	1	118	358	0.0663784	1	2.34E-05
poi-10-4	2	1	26	2	59	179	0.033221	0	0
poi-10-4	2	1	26	2	118	358	0.0720996	11	0.0001662
poi-10-4	2	1	26	3	59	179	0.0357227	0	0
poi-10-4	2	1	26	3	118	358	0.0781066	3	4.48E-05
poi-10-4	2	1.33	13	1	59	163	0.0235001	0	0
poi-10-4	2	1.33	13	1	118	324	0.0626432	0	0
poi-10-4	2	1.33	13	2	59	163	0.0241684	0	0
poi-10-4	2	1.33	13	2	118	324	0.0639942	0	0
poi-10-4	2	1.33	13	3	59	163	0.0248963	0	0
poi-10-4	2	1.33	13	3	118	324	0.0650173	0	0
poi-10-4	2	1.33	26	1	59	184	0.0297581	0	0
poi-10-4	2	1.33	26	1	118	399	0.0841799	0	0
poi-10-4	2	1.33	26	2	59	184	0.0325728	0	0
poi-10-4	2	1.33	26	2	118	399	0.0958901	0	0
poi-10-4	2	1.33	26	3	59	184	0.0350203	0	0
poi-10-4	2	1.33	26	3	118	399	0.1020855	0	0
poi-10-5	1	0.67	14	1	52	109	0.0287696	2	1.45E-05
poi-10-5	1	0.67	14	1	104	215	0.0361991	0	0
poi-10-5	1	0.67	14	2	52	109	0.0292944	2	1.32E-05
poi-10-5	1	0.67	14	2	104	215	0.0369585	0	0
poi-10-5	1	0.67	14	3	52	109	0.0298124	1	6.6E-06
poi-10-5	1	0.67	14	3	104	215	0.0375635	0	0
poi-10-5	1	0.67	28	1	52	109	0.0312277	2	1.43E-05
poi-10-5	1	0.67	28	1	104	215	0.0480727	0	0
poi-10-5	1	0.67	28	2	52	109	0.0320907	1	7.4E-06
poi-10-5	1	0.67	28	2	104	215	0.0532641	0	0
poi-10-5	1	0.67	28	3	52	109	0.0327213	1	7.3E-06
poi-10-5	1	0.67	28	3	104	215	0.0568606	0	0
poi-10-5	1	1	14	1	52	109	0.034805	2	1.65E-05
poi-10-5	1	1	14	1	104	215	0.062757	0	0
poi-10-5	1	1	14	2	52	109	0.0357117	1	6.8E-06
poi-10-5	1	1	14	2	104	215	0.0643527	0	0
poi-10-5	1	1	14	3	52	109	0.0369129	2	1.61E-05
poi-10-5	1	1	14	3	104	215	0.0656035	0	0
poi-10-5	1	1	28	1	52	109	0.0381862	2	1.79E-05
poi-10-5	1	1	28	1	104	215	0.0644251	0	0
poi-10-5	1	1	28	2	52	109	0.0409815	1	7.3E-06
poi-10-5	1	1	28	2	104	222	0.0774105	5	6.65E-05
poi-10-5	1	1	28	3	52	109	0.0436276	2	1.91E-05
poi-10-5	1	1	28	3	104	222	0.0807276	2	4.47E-05
poi-10-5	1	1.33	14	1	52	126	0.0342547	0	0
poi-10-5	1	1.33	14	1	104	235	0.0617847	0	0
poi-10-5	1	1.33	14	2	52	126	0.0351845	0	0
poi-10-5	1	1.33	14	2	104	235	0.063569	0	0
poi-10-5	1	1.33	14	3	52	126	0.0357671	0	0
poi-10-5	1	1.33	14	3	104	235	0.0647011	0	0
poi-10-5	1	1.33	28	1	52	126	0.0383963	0	0
poi-10-5	1	1.33	28	1	104	256	0.0652578	0	0
poi-10-5	1	1.33	28	2	52	126	0.0411028	0	0
poi-10-5	1	1.33	28	2	104	264	0.0728639	87	0.0013787
poi-10-5	1	1.33	28	3	52	126	0.0430636	0	0
poi-10-5	1	1.33	28	3	104	264	0.0761827	57	0.0009142
poi-10-5	2	0.67	14	1	52	109	0.0286645	3	1.98E-05
poi-10-5	2	0.67	14	1	104	215	0.0363441	0	0
poi-10-5	2	0.67	14	2	52	109	0.0293124	4	2.91E-05
poi-10-5	2	0.67	14	2	104	215	0.0368367	0	0
poi-10-5	2	0.67	14	3	52	109	0.0298801	2	1.35E-05
poi-10-5	2	0.67	14	3	104	215	0.037619	0	0
poi-10-5	2	0.67	28	1	52	109	0.0312102	1	7E-06
poi-10-5	2	0.67	28	1	104	215	0.0479727	0	0
poi-10-5	2	0.67	28	2	52	109	0.032052	2	1.54E-05
poi-10-5	2	0.67	28	2	104	215	0.0537462	0	0
poi-10-5	2	0.67	28	3	52	109	0.0330663	2	1.54E-05
poi-10-5	2	0.67	28	3	104	215	0.0571413	0	0
poi-10-5	2	1	14	1	52	109	0.0348633	2	1.6E-05
poi-10-5	2	1	14	1	104	215	0.0630759	0	0
poi-10-5	2	1	14	2	52	109	0.0363779	1	6.9E-06
poi-10-5	2	1	14	2	104	215	0.0646215	0	0
poi-10-5	2	1	14	3	52	109	0.0370437	1	6.6E-06
poi-10-5	2	1	14	3	104	215	0.0658641	0	0
poi-10-5	2	1	28	1	52	109	0.0388778	1	7.2E-06
poi-10-5	2	1	28	1	104	215	0.0681146	0	0
poi-10-5	2	1	28	2	52	109	0.0413507	4	3.88E-05
poi-10-5	2	1	28	2	104	222	0.073274	6	9.9E-05
poi-10-5	2	1	28	3	52	109	0.044129	2	1.95E-05
poi-10-5	2	1	28	3	104	222	0.07879	20	0.0004048
poi-10-5	2	1.33	14	1	52	126	0.0342994	0	0
poi-10-5	2	1.33	14	1	104	235	0.0626964	0	0
poi-10-5	2	1.33	14	2	52	126	0.0354158	0	0
poi-10-5	2	1.33	14	2	104	235	0.0640407	0	0
poi-10-5	2	1.33	14	3	52	126	0.0361916	0	0
poi-10-5	2	1.33	14	3	104	235	0.065183	0	0
poi-10-5	2	1.33	28	1	52	126	0.0390574	0	0
poi-10-5	2	1.33	28	1	104	256	0.0709432	0	0
poi-10-5	2	1.33	28	2	52	126	0.0416615	0	0
poi-10-5	2	1.33	28	2	104	264	0.0782367	151	0.0023411
poi-10-5	2	1.33	28	3	52	126	0.044442	0	0
poi-10-5	2	1.33	28	3	104	264	0.0826667	35	0.0006325
poi-20-1	1	0.67	14	1	79	301	0.0864767	0	0
poi-20-1	1	0.67	14	1	159	634	0.1246563	0	0
poi-20-1	1	0.67	14	2	79	301	0.0878132	0	0
poi-20-1	1	0.67	14	2	159	634	0.1288479	0	0
poi-20-1	1	0.67	14	3	79	301	0.0891457	0	0
poi-20-1	1	0.67	14	3	159	634	0.1297448	0	0
poi-20-1	1	0.67	28	1	79	301	0.1313616	0	0
poi-20-1	1	0.67	28	1	159	650	0.2217588	354	0.0141071
poi-20-1	1	0.67	28	2	79	353	0.1652479	455	0.0139171
poi-20-1	1	0.67	28	2	159	676	0.4000653	2964	0.1474687
poi-20-1	1	0.67	28	3	79	363	0.1725241	27	0.0010684
poi-20-1	1	0.67	28	3	159	715	0.4802403	3505	0.1971819
poi-20-1	1	1	14	1	79	301	0.1071029	0	0
poi-20-1	1	1	14	1	159	644	0.3454602	2458	0.1117632
poi-20-1	1	1	14	2	79	301	0.111461	0	0
poi-20-1	1	1	14	2	159	634	0.2166817	0	0
poi-20-1	1	1	14	3	79	301	0.1146069	0	0
poi-20-1	1	1	14	3	159	644	0.2638648	1038	0.0459548
poi-20-1	1	1	28	1	79	336	0.1198686	41	0.0010905
poi-20-1	1	1	28	1	159	724	0.315269	928	0.0488786
poi-20-1	1	1	28	2	79	406	0.1344947	17	0.0005957
poi-20-1	1	1	28	2	159	765	0.2658493	40	0.0022591
poi-20-1	1	1	28	3	79	427	0.1459153	1	3.16E-05
poi-20-1	1	1	28	3	159	772	0.2826865	47	0.0026464
poi-20-1	1	1.33	14	1	79	352	0.1104752	0	0
poi-20-1	1	1.33	14	1	159	713	0.6195924	8656	0.3904847
poi-20-1	1	1.33	14	2	79	352	0.1158398	0	0
poi-20-1	1	1.33	14	2	159	742	0.2481906	1272	0.0492866
poi-20-1	1	1.33	14	3	79	352	0.1187105	0	0
poi-20-1	1	1.33	14	3	159	742	0.2407287	1099	0.0426726
poi-20-1	1	1.33	28	1	79	372	0.121047	5	0.0001424
poi-20-1	1	1.33	28	1	159	838	0.7824738	8900	0.5015221
poi-20-1	1	1.33	28	2	79	457	0.1312235	5	0.0001343
poi-20-1	1	1.33	28	2	159	914	0.3662596	1532	0.0861947
poi-20-1	1	1.33	28	3	79	525	0.1455689	123	0.0036441
poi-20-1	1	1.33	28	3	159	939	0.3026576	233	0.0137314
poi-20-1	2	0.67	14	1	79	301	0.086228	0	0
poi-20-1	2	0.67	14	1	159	634	0.1250744	0	0
poi-20-1	2	0.67	14	2	79	301	0.0878182	0	0
poi-20-1	2	0.67	14	2	159	634	0.1274436	0	0
poi-20-1	2	0.67	14	3	79	301	0.0898273	0	0
poi-20-1	2	0.67	14	3	159	634	0.1301731	0	0
poi-20-1	2	0.67	28	1	79	317	0.1315643	75	0.0020419
poi-20-1	2	0.67	28	1	159	685	0.6340235	8405	0.3977007
poi-20-1	2	0.67	28	2	79	363	0.1560022	39	0.0011051
poi-20-1	2	0.67	28	2	159	733	0.3290704	702	0.0389343
poi-20-1	2	0.67	28	3	79	363	0.1892251	32	0.0011003
poi-20-1	2	0.67	28	3	159	735	0.3451898	280	0.017139
poi-20-1	2	1	14	1	79	301	0.1053721	0	0
poi-20-1	2	1	14	1	159	643	0.2821235	1281	0.0571717
poi-20-1	2	1	14	2	79	301	0.1082072	0	0
poi-20-1	2	1	14	2	159	684	0.267086	1203	0.0524143
poi-20-1	2	1	14	3	79	301	0.1113351	0	0
poi-20-1	2	1	14	3	159	684	0.5585854	7798	0.3411867
poi-20-1	2	1	28	1	79	365	0.1368977	556	0.0139084
poi-20-1	2	1	28	1	159	806	0.3487097	2378	0.1133938
poi-20-1	2	1	28	2	79	443	0.2079968	2009	0.0609646
poi-20-1	2	1	28	2	159	884	0.305828	1571	0.0733221
poi-20-1	2	1	28	3	79	447	0.166044	158	0.0054981
poi-20-1	2	1	28	3	159	884	0.2550068	316	0.0153241
poi-20-1	2	1.33	14	1	79	352	0.1101342	0	0
poi-20-1	2	1.33	14	1	159	727	0.4184713	4504	0.1971141
poi-20-1	2	1.33	14	2	79	352	0.1105927	0	0
poi-20-1	2	1.33	14	2	159	754	0.3693297	4743	0.1777804
poi-20-1	2	1.33	14	3	79	352	0.1131469	0	0
poi-20-1	2	1.33	14	3	159	762	0.3622191	4153	0.1642667
poi-20-1	2	1.33	28	1	79	438	0.2077673	2803	0.0755487
poi-20-1	2	1.33	28	1	159	956	0.3331247	1726	0.0871603
poi-20-1	2	1.33	28	2	79	538	0.1599327	52	0.0018309
poi-20-1	2	1.33	28	2	159	1039	0.2508794	103	0.0048212
poi-20-1	2	1.33	28	3	79	561	0.2551301	1899	0.070463
poi-20-1	2	1.33	28	3	159	1076	0.6559541	8036	0.4044563
poi-20-2	1	0.67	13	1	80	291	0.0768344	0	0
poi-20-2	1	0.67	13	1	160	691	0.1697444	2085	0.0496611
poi-20-2	1	0.67	13	2	80	291	0.0779913	0	0
poi-20-2	1	0.67	13	2	160	699	0.1257204	193	0.0039565
poi-20-2	1	0.67	13	3	80	291	0.0793421	0	0
poi-20-2	1	0.67	13	3	160	699	0.1456279	984	0.0232547
poi-20-2	1	0.67	26	1	80	335	0.14571	1	5.03E-05
poi-20-2	1	0.67	26	1	160	735	0.2497623	225	0.0096597
poi-20-2	1	0.67	26	2	80	335	0.1601122	3	8.13E-05
poi-20-2	1	0.67	26	2	160	760	0.4292413	2288	0.1320086
poi-20-2	1	0.67	26	3	80	335	0.1717233	1	3.35E-05
poi-20-2	1	0.67	26	3	160	760	0.3442929	408	0.0236658
poi-20-2	1	1	13	1	80	291	0.1129862	0	0
poi-20-2	1	1	13	1	160	701	0.2090528	161	0.0061651
poi-20-2	1	1	13	2	80	291	0.1153761	0	0
poi-20-2	1	1	13	2	160	713	0.2028567	18	0.0007673
poi-20-2	1	1	13	3	80	291	0.1170738	0	0
poi-20-2	1	1	13	3	160	713	0.2027818	11	0.0005634
poi-20-2	1	1	26	1	80	359	0.1742419	1009	0.0297309
poi-20-2	1	1	26	1	160	821	0.3800433	3119	0.1464392
poi-20-2	1	1	26	2	80	359	0.1695096	0	0
poi-20-2	1	1	26	2	160	864	0.2446712	38	0.001792
poi-20-2	1	1	26	3	80	366	0.304815	3255	0.1210388
poi-20-2	1	1	26	3	160	864	0.2529719	96	0.0049188
poi-20-2	1	1.33	13	1	80	306	0.1127224	0	0
poi-20-2	1	1.33	13	1	160	732	0.2023539	38	0.0014799
poi-20-2	1	1.33	13	2	80	306	0.1159473	0	0
poi-20-2	1	1.33	13	2	160	747	0.2008296	21	0.0008556
poi-20-2	1	1.33	13	3	80	306	0.1176529	0	0
poi-20-2	1	1.33	13	3	160	747	0.2010276	9	0.0004624
poi-20-2	1	1.33	26	1	80	438	0.3318678	5099	0.1654914
poi-20-2	1	1.33	26	1	160	981	0.5232244	5915	0.2845974
poi-20-2	1	1.33	26	2	80	441	0.2613315	2024	0.0782839
poi-20-2	1	1.33	26	2	160	1040	0.6308675	7732	0.3834407
poi-20-2	1	1.33	26	3	80	441	0.3700315	4078	0.1717488
poi-20-2	1	1.33	26	3	160	1040	0.3254313	1460	0.0734092
poi-20-2	2	0.67	13	1	80	291	0.0763662	0	0
poi-20-2	2	0.67	13	1	160	696	0.1257239	132	0.002896
poi-20-2	2	0.67	13	2	80	291	0.0776173	0	0
poi-20-2	2	0.67	13	2	160	699	0.1411137	648	0.0155503
poi-20-2	2	0.67	13	3	80	291	0.0791873	0	0
poi-20-2	2	0.67	13	3	160	699	0.1381159	458	0.010676
poi-20-2	2	0.67	26	1	80	335	0.1352268	8	0.0002105
poi-20-2	2	0.67	26	1	160	769	0.2411814	22	0.0010763
poi-20-2	2	0.67	26	2	80	335	0.1525406	2	5.54E-05
poi-20-2	2	0.67	26	2	160	791	0.4382642	2884	0.1577432
poi-20-2	2	0.67	26	3	80	335	0.1655243	13	0.0004479
poi-20-2	2	0.67	26	3	160	791	0.6248155	5435	0.3235882
poi-20-2	2	1	13	1	80	291	0.1124718	0	0
poi-20-2	2	1	13	1	160	716	0.2110592	132	0.0051079
poi-20-2	2	1	13	2	80	291	0.1156821	0	0
poi-20-2	2	1	13	2	160	716	0.2089779	25	0.0010255
poi-20-2	2	1	13	3	80	291	0.1183735	0	0
poi-20-2	2	1	13	3	160	716	0.2167937	121	0.0046504
poi-20-2	2	1	26	1	80	359	0.1532742	1	3.78E-05
poi-20-2	2	1	26	1	160	902	0.2152223	82	0.0035429
poi-20-2	2	1	26	2	80	366	0.2847435	3200	0.1134903
poi-20-2	2	1	26	2	160	927	0.2976974	1714	0.0759492
poi-20-2	2	1	26	3	80	465	0.3715676	4952	0.1855551
poi-20-2	2	1	26	3	160	927	0.231989	81	0.0038057
poi-20-2	2	1.33	13	1	80	306	0.113969	0	0
poi-20-2	2	1.33	13	1	160	750	0.2043168	21	0.0008556
poi-20-2	2	1.33	13	2	80	306	0.1153808	0	0
poi-20-2	2	1.33	13	2	160	750	0.2073437	43	0.0016635
poi-20-2	2	1.33	13	3	80	306	0.1181537	0	0
poi-20-2	2	1.33	13	3	160	750	0.2116534	83	0.0031304
poi-20-2	2	1.33	26	1	80	438	0.1685565	11	0.0003843
poi-20-2	2	1.33	26	1	160	1065	0.2189597	59	0.0026838
poi-20-2	2	1.33	26	2	80	441	0.2399633	2184	0.0735602
poi-20-2	2	1.33	26	2	160	1112	0.2752186	901	0.0416555
poi-20-2	2	1.33	26	3	80	441	0.3171123	4197	0.1449608
poi-20-2	2	1.33	26	3	160	1101	0.4129026	3621	0.1729592
poi-20-3	1	0.67	15	1	85	336	0.0881391	0	0
poi-20-3	1	0.67	15	1	171	743	0.1273826	139	0.0029633
poi-20-3	1	0.67	15	2	85	336	0.0898217	0	0
poi-20-3	1	0.67	15	2	171	743	0.1265639	32	0.0007747
poi-20-3	1	0.67	15	3	85	336	0.0917839	0	0
poi-20-3	1	0.67	15	3	171	743	0.1337015	240	0.0055443
poi-20-3	1	0.67	31	1	85	336	0.1297019	0	0
poi-20-3	1	0.67	31	1	171	769	0.2053826	128	0.004335
poi-20-3	1	0.67	31	2	85	336	0.1442803	0	0
poi-20-3	1	0.67	31	2	171	769	0.2493423	18	0.0007896
poi-20-3	1	0.67	31	3	85	336	0.1578888	0	0
poi-20-3	1	0.67	31	3	171	769	0.2811168	84	0.0042267
poi-20-3	1	1	15	1	85	336	0.1186908	0	0
poi-20-3	1	1	15	1	171	773	0.2168969	73	0.0031299
poi-20-3	1	1	15	2	85	336	0.1269271	0	0
poi-20-3	1	1	15	2	171	773	0.2212235	125	0.0052345
poi-20-3	1	1	15	3	85	336	0.1344583	0	0
poi-20-3	1	1	15	3	171	773	0.2203132	62	0.0027563
poi-20-3	1	1	31	1	85	336	0.1208861	0	0
poi-20-3	1	1	31	1	171	812	0.2599566	15	0.0007194
poi-20-3	1	1	31	2	85	372	0.1388581	9	0.0002858
poi-20-3	1	1	31	2	171	859	0.2869141	614	0.0313328
poi-20-3	1	1	31	3	85	431	0.1583029	40	0.0014717
poi-20-3	1	1	31	3	171	890	0.4076943	2514	0.1353675
poi-20-3	1	1.33	15	1	85	375	0.1246272	0	0
poi-20-3	1	1.33	15	1	171	832	0.2182633	52	0.0022709
poi-20-3	1	1.33	15	2	85	375	0.1287531	0	0
poi-20-3	1	1.33	15	2	171	840	0.2279677	307	0.0127365
poi-20-3	1	1.33	15	3	85	375	0.1326831	0	0
poi-20-3	1	1.33	15	3	171	840	0.2227947	27	0.001181
poi-20-3	1	1.33	31	1	85	419	0.142671	0	0
poi-20-3	1	1.33	31	1	171	955	0.343427	1314	0.0707144
poi-20-3	1	1.33	31	2	85	441	0.1592415	322	0.0102921
poi-20-3	1	1.33	31	2	171	1036	0.2902762	386	0.0205642
poi-20-3	1	1.33	31	3	85	540	0.1593687	20	0.000771
poi-20-3	1	1.33	31	3	171	1115	0.2937252	175	0.0100264
poi-20-3	2	0.67	15	1	85	336	0.0881264	0	0
poi-20-3	2	0.67	15	1	171	755	0.1287315	97	0.0021729
poi-20-3	2	0.67	15	2	85	336	0.0897273	0	0
poi-20-3	2	0.67	15	2	171	755	0.1296249	12	0.0003392
poi-20-3	2	0.67	15	3	85	336	0.0914826	0	0
poi-20-3	2	0.67	15	3	171	755	0.1308182	53	0.0012338
poi-20-3	2	0.67	31	1	85	336	0.1278963	0	0
poi-20-3	2	0.67	31	1	171	769	0.2274754	33	0.0013837
poi-20-3	2	0.67	31	2	85	336	0.1427644	0	0
poi-20-3	2	0.67	31	2	171	769	0.2779813	60	0.0027157
poi-20-3	2	0.67	31	3	85	336	0.1551883	0	0
poi-20-3	2	0.67	31	3	171	801	0.4726166	2959	0.1742834
poi-20-3	2	1	15	1	85	336	0.114319	0	0
poi-20-3	2	1	15	1	171	773	0.2123659	72	0.0028123
poi-20-3	2	1	15	2	85	336	0.1197987	0	0
poi-20-3	2	1	15	2	171	773	0.2084929	12	0.0004373
poi-20-3	2	1	15	3	85	336	0.1220133	0	0
poi-20-3	2	1	15	3	171	773	0.2144909	48	0.0018805
poi-20-3	2	1	31	1	85	372	0.1137906	10	0.0002184
poi-20-3	2	1	31	1	171	859	0.2225986	27	0.001146
poi-20-3	2	1	31	2	85	475	0.1356882	16	0.0004807
poi-20-3	2	1	31	2	171	975	0.2900267	1359	0.0616824
poi-20-3	2	1	31	3	85	483	0.1517642	8	0.0002857
poi-20-3	2	1	31	3	171	999	0.3649413	2609	0.1256369
poi-20-3	2	1.33	15	1	85	375	0.1229761	0	0
poi-20-3	2	1.33	15	1	171	833	0.2547631	1046	0.0443179
poi-20-3	2	1.33	15	2	85	375	0.1274176	0	0
poi-20-3	2	1.33	15	2	171	841	0.2187765	223	0.009552
poi-20-3	2	1.33	15	3	85	375	0.1293983	0	0
poi-20-3	2	1.33	15	3	171	841	0.2138136	33	0.0014271
poi-20-3	2	1.33	31	1	85	441	0.1416112	613	0.016305
poi-20-3	2	1.33	31	1	171	1026	0.3582346	2862	0.1308498
poi-20-3	2	1.33	31	2	85	598	0.1591296	447	0.0137924
poi-20-3	2	1.33	31	2	171	1178	0.3779934	3099	0.1453574
poi-20-3	2	1.33	31	3	85	608	0.171029	169	0.006043
poi-20-3	2	1.33	31	3	171	1246	0.2963331	959	0.0474112
poi-20-4	1	0.67	13	1	78	412	0.0907427	0	0
poi-20-4	1	0.67	13	1	157	797	0.1338206	31	0.0007608
poi-20-4	1	0.67	13	2	78	412	0.092769	0	0
poi-20-4	1	0.67	13	2	157	797	0.1358227	7	0.0001872
poi-20-4	1	0.67	13	3	78	412	0.095033	0	0
poi-20-4	1	0.67	13	3	157	797	0.1368951	13	0.0003033
poi-20-4	1	0.67	26	1	78	412	0.13888	0	0
poi-20-4	1	0.67	26	1	157	797	0.2265871	19	0.0007438
poi-20-4	1	0.67	26	2	78	412	0.1539751	0	0
poi-20-4	1	0.67	26	2	157	819	0.3863524	1784	0.1018143
poi-20-4	1	0.67	26	3	78	452	0.1728678	112	0.0039311
poi-20-4	1	0.67	26	3	157	827	0.4042894	1379	0.0862031
poi-20-4	1	1	13	1	78	412	0.1240168	0	0
poi-20-4	1	1	13	1	157	811	0.2379344	4	0.0001622
poi-20-4	1	1	13	2	78	412	0.1277637	0	0
poi-20-4	1	1	13	2	157	811	0.2427433	2	7.6E-05
poi-20-4	1	1	13	3	78	412	0.1317607	0	0
poi-20-4	1	1	13	3	157	811	0.2486613	4	0.0001554
poi-20-4	1	1	26	1	78	429	0.148048	40	0.0012011
poi-20-4	1	1	26	1	157	841	0.2679103	251	0.0129844
poi-20-4	1	1	26	2	78	469	0.1689408	15	0.0006559
poi-20-4	1	1	26	2	157	898	0.4442589	3711	0.1890664
poi-20-4	1	1	26	3	78	511	0.1892781	149	0.006129
poi-20-4	1	1	26	3	157	917	0.3406048	1435	0.0755418
poi-20-4	1	1.33	13	1	78	466	0.1237663	0	0
poi-20-4	1	1.33	13	1	157	865	0.2361237	5	0.0002126
poi-20-4	1	1.33	13	2	78	479	0.1311164	1	2.7E-05
poi-20-4	1	1.33	13	2	157	892	0.2388921	44	0.0018736
poi-20-4	1	1.33	13	3	78	479	0.1352908	12	0.0003412
poi-20-4	1	1.33	13	3	157	892	0.2366354	2	0.0001181
poi-20-4	1	1.33	26	1	78	504	0.2258824	967	0.0382306
poi-20-4	1	1.33	26	1	157	1014	0.3089791	688	0.0375098
poi-20-4	1	1.33	26	2	78	538	0.1596174	10	0.0003402
poi-20-4	1	1.33	26	2	157	1045	0.2774723	19	0.0010039
poi-20-4	1	1.33	26	3	78	585	0.1871493	554	0.0190146
poi-20-4	1	1.33	26	3	157	1071	0.2863529	57	0.0031593
poi-20-4	2	0.67	13	1	78	412	0.0909328	0	0
poi-20-4	2	0.67	13	1	157	797	0.1349283	47	0.000938
poi-20-4	2	0.67	13	2	78	412	0.0929576	0	0
poi-20-4	2	0.67	13	2	157	797	0.1364174	11	0.0003206
poi-20-4	2	0.67	13	3	78	412	0.0945699	0	0
poi-20-4	2	0.67	13	3	157	797	0.1388278	26	0.0005947
poi-20-4	2	0.67	26	1	78	412	0.1328132	0	0
poi-20-4	2	0.67	26	1	157	879	0.4105243	3609	0.1684324
poi-20-4	2	0.67	26	2	78	412	0.1490832	0	0
poi-20-4	2	0.67	26	2	157	903	0.3158575	770	0.0392012
poi-20-4	2	0.67	26	3	78	412	0.1647333	0	0
poi-20-4	2	0.67	26	3	157	903	0.3152485	179	0.0100146
poi-20-4	2	1	13	1	78	412	0.1207852	0	0
poi-20-4	2	1	13	1	157	811	0.2288338	3	0.0001593
poi-20-4	2	1	13	2	78	412	0.124599	0	0
poi-20-4	2	1	13	2	157	811	0.2329438	7	0.0003803
poi-20-4	2	1	13	3	78	412	0.1277665	0	0
poi-20-4	2	1	13	3	157	811	0.23471	3	0.0001594
poi-20-4	2	1	26	1	78	478	0.1460625	239	0.0062353
poi-20-4	2	1	26	1	157	961	0.2696898	1053	0.0459708
poi-20-4	2	1	26	2	78	520	0.1842651	29	0.0012058
poi-20-4	2	1	26	2	157	998	0.2556577	663	0.0302963
poi-20-4	2	1	26	3	78	520	0.2042295	35	0.0016694
poi-20-4	2	1	26	3	157	998	0.2395168	43	0.0021376
poi-20-4	2	1.33	13	1	78	466	0.1237163	0	0
poi-20-4	2	1.33	13	1	157	865	0.2313294	2	9.09E-05
poi-20-4	2	1.33	13	2	78	479	0.1307892	1	2.65E-05
poi-20-4	2	1.33	13	2	157	892	0.2292429	2	0.0001015
poi-20-4	2	1.33	13	3	78	479	0.134343	16	0.0004178
poi-20-4	2	1.33	13	3	157	892	0.2332351	11	0.0005378
poi-20-4	2	1.33	26	1	78	550	0.1782047	44	0.0017805
poi-20-4	2	1.33	26	1	157	1078	0.3011729	1718	0.0768132
poi-20-4	2	1.33	26	2	78	594	0.1613246	21	0.0007227
poi-20-4	2	1.33	26	2	157	1143	0.2610664	596	0.0273084
poi-20-4	2	1.33	26	3	78	609	0.2745303	2186	0.0830117
poi-20-4	2	1.33	26	3	157	1170	0.3610902	2233	0.1101784
poi-20-5	1	0.67	13	1	74	303	0.1020627	30	0.000706
poi-20-5	1	0.67	13	1	149	726	0.1359078	270	0.0064781
poi-20-5	1	0.67	13	2	74	303	0.1093609	231	0.0048695
poi-20-5	1	0.67	13	2	149	726	0.1601667	1070	0.0269478
poi-20-5	1	0.67	13	3	74	303	0.1092676	37	0.0008798
poi-20-5	1	0.67	13	3	149	726	0.1643975	1109	0.0287659
poi-20-5	1	0.67	26	1	74	308	0.1470687	129	0.0038404
poi-20-5	1	0.67	26	1	149	739	0.1975469	74	0.0024268
poi-20-5	1	0.67	26	2	74	334	0.1581711	10	0.0002912
poi-20-5	1	0.67	26	2	149	763	0.2352713	261	0.0099885
poi-20-5	1	0.67	26	3	74	334	0.1666466	4	0.0001473
poi-20-5	1	0.67	26	3	149	763	0.2732131	463	0.021478
poi-20-5	1	1	13	1	74	333	0.1020247	20	0.0003872
poi-20-5	1	1	13	1	149	739	0.2265976	165	0.0068977
poi-20-5	1	1	13	2	74	333	0.1110471	11	0.0002563
poi-20-5	1	1	13	2	149	762	0.2234509	10	0.0004234
poi-20-5	1	1	13	3	74	333	0.1154186	31	0.0007909
poi-20-5	1	1	13	3	149	762	0.229743	147	0.0062629
poi-20-5	1	1	26	1	74	341	0.1297097	23	0.0007139
poi-20-5	1	1	26	1	149	824	0.2485654	212	0.010542
poi-20-5	1	1	26	2	74	380	0.1440868	3	8.42E-05
poi-20-5	1	1	26	2	149	851	0.3720198	2661	0.1295144
poi-20-5	1	1	26	3	74	380	0.1517849	4	0.0001195
poi-20-5	1	1	26	3	149	851	0.4871986	4658	0.234993
poi-20-5	1	1.33	13	1	74	361	0.1136825	8	0.0001845
poi-20-5	1	1.33	13	1	149	799	0.3622489	3229	0.1411299
poi-20-5	1	1.33	13	2	74	361	0.1216402	71	0.0017341
poi-20-5	1	1.33	13	2	149	843	0.239171	291	0.0127605
poi-20-5	1	1.33	13	3	74	361	0.1210388	19	0.0004972
poi-20-5	1	1.33	13	3	149	855	0.2412175	272	0.0124275
poi-20-5	1	1.33	26	1	74	405	0.2216647	3066	0.084202
poi-20-5	1	1.33	26	1	149	963	0.26505	74	0.0037852
poi-20-5	1	1.33	26	2	74	456	0.1916539	1014	0.0324356
poi-20-5	1	1.33	26	2	149	995	0.29276	689	0.0352905
poi-20-5	1	1.33	26	3	74	479	0.1700448	3	9.62E-05
poi-20-5	1	1.33	26	3	149	1002	0.5636403	5690	0.300914
poi-20-5	2	0.67	13	1	74	303	0.0996219	16	0.0003209
poi-20-5	2	0.67	13	1	149	726	0.1566264	1119	0.0282303
poi-20-5	2	0.67	13	2	74	303	0.1031209	23	0.0005822
poi-20-5	2	0.67	13	2	149	726	0.1396968	309	0.0072285
poi-20-5	2	0.67	13	3	74	303	0.1082114	98	0.0021751
poi-20-5	2	0.67	13	3	149	726	0.1866581	1988	0.0521631
poi-20-5	2	0.67	26	1	74	341	0.1459314	60	0.0021634
poi-20-5	2	0.67	26	1	149	785	0.2474007	356	0.0140513
poi-20-5	2	0.67	26	2	74	387	0.1690565	3	0.0002259
poi-20-5	2	0.67	26	2	149	785	0.2646842	20	0.0007977
poi-20-5	2	0.67	26	3	74	425	0.1817722	22	0.00075
poi-20-5	2	0.67	26	3	149	785	0.2897914	40	0.0015957
poi-20-5	2	1	13	1	74	333	0.1098276	19	0.0004414
poi-20-5	2	1	13	1	149	762	0.3891573	3627	0.1637565
poi-20-5	2	1	13	2	74	333	0.1165188	23	0.000588
poi-20-5	2	1	13	2	149	762	0.2281586	7	0.0004094
poi-20-5	2	1	13	3	74	333	0.1219946	7	0.0001718
poi-20-5	2	1	13	3	149	762	0.2346981	11	0.0004506
poi-20-5	2	1	26	1	74	390	0.1323199	43	0.0011473
poi-20-5	2	1	26	1	149	868	0.2289766	562	0.0233332
poi-20-5	2	1	26	2	74	460	0.1563023	1	3.19E-05
poi-20-5	2	1	26	2	149	902	0.2369767	548	0.0229918
poi-20-5	2	1	26	3	74	517	0.1661459	7	0.0002281
poi-20-5	2	1	26	3	149	902	0.232047	62	0.002856
poi-20-5	2	1.33	13	1	74	361	0.1265535	14	0.0004702
poi-20-5	2	1.33	13	1	149	843	0.4185389	4371	0.1945627
poi-20-5	2	1.33	13	2	74	361	0.1339313	17	0.0004768
poi-20-5	2	1.33	13	2	149	855	0.2294568	4	0.0002088
poi-20-5	2	1.33	13	3	74	361	0.1397243	8	0.0002116
poi-20-5	2	1.33	13	3	149	855	0.2337519	12	0.0005268
poi-20-5	2	1.33	26	1	74	456	0.1366241	3	0.0001045
poi-20-5	2	1.33	26	1	149	1014	0.318909	2674	0.1103508
poi-20-5	2	1.33	26	2	74	528	0.1673539	32	0.0010361
poi-20-5	2	1.33	26	2	149	1071	0.478395	5744	0.2561177
poi-20-5	2	1.33	26	3	74	603	0.1766259	2	7.12E-05
poi-20-5	2	1.33	26	3	149	1077	0.3040666	1269	0.0619821
poi-30-1	1	0.67	13	1	85	463	0.2578458	0	0
poi-30-1	1	0.67	13	1	171	1062	0.394538	166	0.009417
poi-30-1	1	0.67	13	2	85	463	0.2772258	0	0
poi-30-1	1	0.67	13	2	171	1062	0.4314522	343	0.0199622
poi-30-1	1	0.67	13	3	85	463	0.2931707	0	0
poi-30-1	1	0.67	13	3	171	1062	0.445236	270	0.0194527
poi-30-1	1	0.67	26	1	85	496	0.4297054	450	0.032899
poi-30-1	1	0.67	26	1	171	1084	0.6565675	414	0.0382735
poi-30-1	1	0.67	26	2	85	526	0.5026447	47	0.0042181
poi-30-1	1	0.67	26	2	171	1117	2.0049138	9141	1.2986931
poi-30-1	1	0.67	26	3	85	568	1.0589238	3992	0.4639458
poi-30-1	1	0.67	26	3	171	1112	0.9210407	511	0.0752268
poi-30-1	1	1	13	1	85	494	0.3189079	14	0.0009459
poi-30-1	1	1	13	1	171	1093	0.5594343	429	0.0425228
poi-30-1	1	1	13	2	85	500	0.404246	1323	0.0860286
poi-30-1	1	1	13	2	171	1110	1.0000923	5648	0.5295608
poi-30-1	1	1	13	3	85	509	0.4329925	1520	0.1031682
poi-30-1	1	1	13	3	171	1102	0.4841155	58	0.0047098
poi-30-1	1	1	26	1	85	572	0.4502787	641	0.0516474
poi-30-1	1	1	26	1	171	1182	0.7126256	667	0.0749679
poi-30-1	1	1	26	2	85	673	0.5770116	1821	0.1545167
poi-30-1	1	1	26	2	171	1225	1.0381186	4455	0.4904458
poi-30-1	1	1	26	3	85	677	0.5435646	593	0.0580826
poi-30-1	1	1	26	3	171	1277	1.1004027	5150	0.5583986
poi-30-1	1	1.33	13	1	85	568	0.402924	882	0.0618185
poi-30-1	1	1.33	13	1	171	1220	0.6444525	1190	0.1155307
poi-30-1	1	1.33	13	2	85	585	0.51801	2233	0.161489
poi-30-1	1	1.33	13	2	171	1225	0.6986899	2146	0.2051174
poi-30-1	1	1.33	13	3	85	609	0.3748798	177	0.0132268
poi-30-1	1	1.33	13	3	171	1239	0.8141389	3278	0.3205683
poi-30-1	1	1.33	26	1	85	655	0.4411307	33	0.0028478
poi-30-1	1	1.33	26	1	171	1342	0.671946	328	0.0383956
poi-30-1	1	1.33	26	2	85	821	0.7199788	2584	0.2470943
poi-30-1	1	1.33	26	2	171	1471	0.6376685	778	0.0827789
poi-30-1	1	1.33	26	3	85	859	0.5215391	15	0.0015239
poi-30-1	1	1.33	26	3	171	1567	0.8746624	2980	0.3248749
poi-30-1	2	0.67	13	1	85	463	0.2521131	0	0
poi-30-1	2	0.67	13	1	171	1071	0.5462151	1993	0.149132
poi-30-1	2	0.67	13	2	85	463	0.2712966	0	0
poi-30-1	2	0.67	13	2	171	1073	0.449748	534	0.0323649
poi-30-1	2	0.67	13	3	85	463	0.2861512	0	0
poi-30-1	2	0.67	13	3	171	1073	0.7281221	3746	0.3076337
poi-30-1	2	0.67	26	1	85	590	0.4358304	327	0.0229355
poi-30-1	2	0.67	26	1	171	1194	0.8073796	1555	0.1764313
poi-30-1	2	0.67	26	2	85	619	0.5818888	704	0.0690725
poi-30-1	2	0.67	26	2	171	1231	1.518816	5591	0.7958064
poi-30-1	2	0.67	26	3	85	619	0.7058167	820	0.092137
poi-30-1	2	0.67	26	3	171	1231	2.2516699	8065	1.3873624
poi-30-1	2	1	13	1	85	557	0.3088825	327	0.0197753
poi-30-1	2	1	13	1	171	1119	0.5170271	59	0.0047509
poi-30-1	2	1	13	2	85	557	0.3315511	598	0.0362275
poi-30-1	2	1	13	2	171	1123	0.5189415	321	0.0262955
poi-30-1	2	1	13	3	85	561	0.3157693	281	0.0172488
poi-30-1	2	1	13	3	171	1123	0.4964021	65	0.0050062
poi-30-1	2	1	26	1	85	677	0.3574004	6	0.0004128
poi-30-1	2	1	26	1	171	1367	0.5596552	371	0.0360729
poi-30-1	2	1	26	2	85	758	0.4140253	177	0.0142841
poi-30-1	2	1	26	2	171	1417	0.6366876	1649	0.1521891
poi-30-1	2	1	26	3	85	808	0.6661115	2108	0.1958121
poi-30-1	2	1	26	3	171	1417	0.8654332	3904	0.3897634
poi-30-1	2	1.33	13	1	85	634	0.332599	147	0.010146
poi-30-1	2	1.33	13	1	171	1251	0.764064	2526	0.2547332
poi-30-1	2	1.33	13	2	85	656	0.7266859	5473	0.381302
poi-30-1	2	1.33	13	2	171	1274	0.5328158	417	0.0351963
poi-30-1	2	1.33	13	3	85	680	0.4447134	1238	0.0893871
poi-30-1	2	1.33	13	3	171	1290	1.0002245	5008	0.5003908
poi-30-1	2	1.33	26	1	85	828	0.3873263	218	0.0161135
poi-30-1	2	1.33	26	1	171	1608	0.9294156	3920	0.4036544
poi-30-1	2	1.33	26	2	85	910	0.4886369	754	0.0634699
poi-30-1	2	1.33	26	2	171	1726	0.9438527	4568	0.4483618
poi-30-1	2	1.33	26	3	85	989	0.7395891	2304	0.2315147
poi-30-1	2	1.33	26	3	171	1728	0.9975881	4825	0.4861652
poi-30-2	1	0.67	12	1	95	641	0.2320129	1379	0.0508464
poi-30-2	1	0.67	12	1	190	1154	0.3576477	239	0.0156811
poi-30-2	1	0.67	12	2	95	641	0.1968435	408	0.0150341
poi-30-2	1	0.67	12	2	190	1164	0.4215297	1295	0.0841337
poi-30-2	1	0.67	12	3	95	639	0.2039909	7	0.0002703
poi-30-2	1	0.67	12	3	190	1164	0.347366	78	0.0033279
poi-30-2	1	0.67	25	1	95	654	0.339754	368	0.0232843
poi-30-2	1	0.67	25	1	190	1231	0.9088302	1790	0.2329891
poi-30-2	1	0.67	25	2	95	678	0.8708269	5667	0.4631326
poi-30-2	1	0.67	25	2	190	1251	0.9001251	532	0.0763462
poi-30-2	1	0.67	25	3	95	683	0.6918977	1991	0.1970231
poi-30-2	1	0.67	25	3	190	1263	1.0667549	971	0.1612745
poi-30-2	1	1	12	1	95	657	0.2320505	5	0.0002158
poi-30-2	1	1	12	1	190	1201	0.599158	200	0.0160992
poi-30-2	1	1	12	2	95	680	0.2403617	36	0.001838
poi-30-2	1	1	12	2	190	1255	0.6434935	653	0.0643645
poi-30-2	1	1	12	3	95	680	0.2451871	72	0.0034801
poi-30-2	1	1	12	3	190	1255	0.6413177	643	0.0606547
poi-30-2	1	1	25	1	95	701	0.3459689	265	0.0178032
poi-30-2	1	1	25	1	190	1317	1.0147578	2735	0.3504737
poi-30-2	1	1	25	2	95	778	0.3600595	331	0.0226021
poi-30-2	1	1	25	2	190	1387	1.0461137	4604	0.4973407
poi-30-2	1	1	25	3	95	840	0.5811464	2544	0.1964008
poi-30-2	1	1	25	3	190	1387	0.7528854	2236	0.2293392
poi-30-2	1	1.33	12	1	95	755	0.2322323	1	0.0001967
poi-30-2	1	1.33	12	1	190	1311	0.6264574	402	0.0338879
poi-30-2	1	1.33	12	2	95	778	0.2428315	63	0.0031944
poi-30-2	1	1.33	12	2	190	1331	0.5721948	52	0.0040736
poi-30-2	1	1.33	12	3	95	783	0.2702353	529	0.0260346
poi-30-2	1	1.33	12	3	190	1366	0.580273	102	0.0077943
poi-30-2	1	1.33	25	1	95	829	0.9798316	8545	0.6181119
poi-30-2	1	1.33	25	1	190	1503	1.0491201	2757	0.3695443
poi-30-2	1	1.33	25	2	95	959	0.4125585	603	0.0438867
poi-30-2	1	1.33	25	2	190	1683	0.686748	1061	0.1168645
poi-30-2	1	1.33	25	3	95	1020	0.4589874	381	0.0330175
poi-30-2	1	1.33	25	3	190	1713	0.7690181	2236	0.2348293
poi-30-2	2	0.67	12	1	95	654	0.1906749	9	0.0003255
poi-30-2	2	0.67	12	1	190	1179	0.3798977	622	0.0361
poi-30-2	2	0.67	12	2	95	654	0.1858494	5	0.000243
poi-30-2	2	0.67	12	2	190	1209	0.7020103	5260	0.3569307
poi-30-2	2	0.67	12	3	95	654	0.1892816	2	8.27E-05
poi-30-2	2	0.67	12	3	190	1209	0.5602447	3160	0.2138458
poi-30-2	2	0.67	25	1	95	805	0.6879591	4202	0.3136491
poi-30-2	2	0.67	25	1	190	1278	0.9177426	1746	0.2242081
poi-30-2	2	0.67	25	2	95	890	0.501999	245	0.0244237
poi-30-2	2	0.67	25	2	190	1281	1.0324855	1820	0.2695133
poi-30-2	2	0.67	25	3	95	902	0.5880914	68	0.0073302
poi-30-2	2	0.67	25	3	190	1278	1.7553235	6032	0.9645179
poi-30-2	2	1	12	1	95	680	0.2335562	10	0.0005222
poi-30-2	2	1	12	1	190	1268	0.6960663	953	0.1054037
poi-30-2	2	1	12	2	95	680	0.2369284	61	0.0028778
poi-30-2	2	1	12	2	190	1268	0.6008148	302	0.0290147
poi-30-2	2	1	12	3	95	680	0.236965	44	0.002134
poi-30-2	2	1	12	3	190	1268	0.5856971	108	0.0086767
poi-30-2	2	1	25	1	95	925	0.525592	3603	0.2211147
poi-30-2	2	1	25	1	190	1410	0.5746003	30	0.0028283
poi-30-2	2	1	25	2	95	1067	0.5259287	3057	0.1996538
poi-30-2	2	1	25	2	190	1410	0.4877491	20	0.0017592
poi-30-2	2	1	25	3	95	1067	0.3539394	327	0.0217813
poi-30-2	2	1	25	3	190	1410	0.494804	25	0.0021148
poi-30-2	2	1.33	12	1	95	785	0.2471653	179	0.0087597
poi-30-2	2	1.33	12	1	190	1366	0.9051669	2766	0.3142862
poi-30-2	2	1.33	12	2	95	785	0.26719	611	0.0291193
poi-30-2	2	1.33	12	2	190	1366	0.5954541	231	0.0190761
poi-30-2	2	1.33	12	3	95	785	0.2933277	987	0.0486681
poi-30-2	2	1.33	12	3	190	1366	0.7193437	1279	0.1389384
poi-30-2	2	1.33	25	1	95	1075	0.4132072	1446	0.0920996
poi-30-2	2	1.33	25	1	190	1690	0.9963285	3632	0.4166818
poi-30-2	2	1.33	25	2	95	1278	0.6321852	4259	0.2919223
poi-30-2	2	1.33	25	2	190	1750	0.6850157	1839	0.1794804
poi-30-2	2	1.33	25	3	95	1300	0.3891781	507	0.0354622
poi-30-2	2	1.33	25	3	190	1781	0.6222218	1097	0.1019876
poi-30-3	1	0.67	12	1	86	452	0.2464107	1245	0.0488976
poi-30-3	1	0.67	12	1	172	1140	0.5298876	2268	0.1615411
poi-30-3	1	0.67	12	2	86	460	0.2607738	1386	0.056602
poi-30-3	1	0.67	12	2	172	1148	0.4206168	572	0.0359018
poi-30-3	1	0.67	12	3	86	466	0.500019	6869	0.2889995
poi-30-3	1	0.67	12	3	172	1156	0.5284896	1932	0.141346
poi-30-3	1	0.67	24	1	86	531	0.2941456	182	0.010254
poi-30-3	1	0.67	24	1	172	1258	0.8217662	1080	0.144201
poi-30-3	1	0.67	24	2	86	540	0.3458689	11	0.0006917
poi-30-3	1	0.67	24	2	172	1300	1.3438909	2796	0.4714936
poi-30-3	1	0.67	24	3	86	545	0.4081846	125	0.0105698
poi-30-3	1	0.67	24	3	172	1300	2.2064642	6435	1.2330496
poi-30-3	1	1	12	1	86	487	0.2533088	184	0.0087468
poi-30-3	1	1	12	1	172	1188	0.587713	628	0.0620619
poi-30-3	1	1	12	2	86	487	0.2421386	13	0.0005197
poi-30-3	1	1	12	2	172	1215	0.9335667	4187	0.418477
poi-30-3	1	1	12	3	86	487	0.2548955	70	0.0036109
poi-30-3	1	1	12	3	172	1215	0.5864347	706	0.070796
poi-30-3	1	1	24	1	86	613	0.3543478	697	0.0440525
poi-30-3	1	1	24	1	172	1378	0.9822188	3239	0.3804648
poi-30-3	1	1	24	2	86	627	0.3578463	699	0.0443871
poi-30-3	1	1	24	2	172	1442	0.9443672	4254	0.4315175
poi-30-3	1	1	24	3	86	627	0.3612898	32	0.0024266
poi-30-3	1	1	24	3	172	1449	0.5726539	765	0.0743634
poi-30-3	1	1.33	12	1	86	519	0.2992666	636	0.0343391
poi-30-3	1	1.33	12	1	172	1296	0.6052913	990	0.094932
poi-30-3	1	1.33	12	2	86	521	0.2691354	94	0.0057238
poi-30-3	1	1.33	12	2	172	1326	0.7563558	2518	0.2437072
poi-30-3	1	1.33	12	3	86	521	0.2787449	36	0.0020945
poi-30-3	1	1.33	12	3	172	1334	0.589347	852	0.0837821
poi-30-3	1	1.33	24	1	86	718	0.4139817	898	0.0636427
poi-30-3	1	1.33	24	1	172	1553	1.0150038	3276	0.3984352
poi-30-3	1	1.33	24	2	86	772	0.37869	312	0.0223164
poi-30-3	1	1.33	24	2	172	1757	1.189048	6486	0.6700266
poi-30-3	1	1.33	24	3	86	802	0.4789053	1565	0.1134205
poi-30-3	1	1.33	24	3	172	1801	0.8055161	2935	0.2946534
poi-30-3	2	0.67	12	1	86	460	0.4365895	6304	0.2439865
poi-30-3	2	0.67	12	1	172	1157	0.5178815	1973	0.1440597
poi-30-3	2	0.67	12	2	86	466	0.2821115	1994	0.0802742
poi-30-3	2	0.67	12	2	172	1166	0.7685392	4999	0.3802639
poi-30-3	2	0.67	12	3	86	466	0.2359536	706	0.029189
poi-30-3	2	0.67	12	3	172	1166	0.7943923	5202	0.4021928
poi-30-3	2	0.67	24	1	86	601	0.5536568	3637	0.2335488
poi-30-3	2	0.67	24	1	172	1321	1.3723028	3490	0.5647144
poi-30-3	2	0.67	24	2	86	607	0.4184353	135	0.0118505
poi-30-3	2	0.67	24	2	172	1324	1.5910754	3856	0.6830856
poi-30-3	2	0.67	24	3	86	607	0.4722168	102	0.0094387
poi-30-3	2	0.67	24	3	172	1330	1.2873538	1750	0.3267504
poi-30-3	2	1	12	1	86	487	0.2244117	131	0.0059728
poi-30-3	2	1	12	1	172	1225	0.5950373	776	0.0707962
poi-30-3	2	1	12	2	86	506	0.2421812	472	0.021434
poi-30-3	2	1	12	2	172	1225	0.6034821	897	0.0873376
poi-30-3	2	1	12	3	86	506	0.2972498	1468	0.0675038
poi-30-3	2	1	12	3	172	1225	0.6154247	1054	0.0965094
poi-30-3	2	1	24	1	86	711	0.7155512	7470	0.4270681
poi-30-3	2	1	24	1	172	1449	0.5508157	398	0.0382438
poi-30-3	2	1	24	2	86	720	0.3130094	18	0.0014867
poi-30-3	2	1	24	2	172	1449	0.4529388	10	0.0006832
poi-30-3	2	1	24	3	86	720	0.3242367	17	0.0008979
poi-30-3	2	1	24	3	172	1449	0.465668	6	0.0005169
poi-30-3	2	1.33	12	1	86	519	0.2424964	121	0.0057021
poi-30-3	2	1.33	12	1	172	1343	0.6364561	1432	0.1398541
poi-30-3	2	1.33	12	2	86	586	0.2714256	446	0.0225686
poi-30-3	2	1.33	12	2	172	1345	0.8563941	3588	0.3514518
poi-30-3	2	1.33	12	3	86	586	0.2549111	78	0.0043914
poi-30-3	2	1.33	12	3	172	1345	0.5038984	67	0.0049533
poi-30-3	2	1.33	24	1	86	831	0.3370118	601	0.0362112
poi-30-3	2	1.33	24	1	172	1732	1.1774138	6838	0.6775678
poi-30-3	2	1.33	24	2	86	889	0.3774779	636	0.0424774
poi-30-3	2	1.33	24	2	172	1804	0.9959343	5948	0.5384243
poi-30-3	2	1.33	24	3	86	902	0.368902	407	0.0280399
poi-30-3	2	1.33	24	3	172	1821	1.0376777	5852	0.5607135
poi-30-4	1	0.67	11	1	91	798	0.3229483	947	0.0502666
poi-30-4	1	0.67	11	1	183	1211	0.3678546	189	0.0074265
poi-30-4	1	0.67	11	2	91	798	0.294614	206	0.0107374
poi-30-4	1	0.67	11	2	183	1211	0.4476023	1157	0.0824592
poi-30-4	1	0.67	11	3	91	798	0.3400278	785	0.0444201
poi-30-4	1	0.67	11	3	183	1211	0.3826483	80	0.0035326
poi-30-4	1	0.67	23	1	91	852	0.649035	1851	0.1713297
poi-30-4	1	0.67	23	1	183	1215	0.6932119	915	0.1009564
poi-30-4	1	0.67	23	2	91	871	1.0606639	3487	0.4321249
poi-30-4	1	0.67	23	2	183	1215	0.702819	55	0.0050019
poi-30-4	1	0.67	23	3	91	887	0.7489952	344	0.0423097
poi-30-4	1	0.67	23	3	183	1217	1.2281199	2520	0.4018157
poi-30-4	1	1	11	1	91	788	0.2785682	13	0.0007918
poi-30-4	1	1	11	1	183	1226	0.5488983	14	0.0013034
poi-30-4	1	1	11	2	91	842	0.3496735	1343	0.0744952
poi-30-4	1	1	11	2	183	1226	0.5198083	26	0.0019084
poi-30-4	1	1	11	3	91	842	0.3420743	1029	0.0582019
poi-30-4	1	1	11	3	183	1226	0.5160629	6	0.0005389
poi-30-4	1	1	23	1	91	880	0.4956473	1395	0.1092406
poi-30-4	1	1	23	1	183	1226	0.6913645	8	0.0011019
poi-30-4	1	1	23	2	91	932	0.4383046	259	0.0223159
poi-30-4	1	1	23	2	183	1259	1.8750951	9993	1.2452482
poi-30-4	1	1	23	3	91	1017	1.1119378	6635	0.6356435
poi-30-4	1	1	23	3	183	1285	0.6536313	681	0.0782207
poi-30-4	1	1.33	11	1	91	881	0.45081	3062	0.1724122
poi-30-4	1	1.33	11	1	183	1395	0.8340314	2539	0.273957
poi-30-4	1	1.33	11	2	91	916	0.3090459	333	0.0195852
poi-30-4	1	1.33	11	2	183	1420	0.6273683	925	0.0931814
poi-30-4	1	1.33	11	3	91	916	0.3113221	280	0.0163504
poi-30-4	1	1.33	11	3	183	1427	0.6230827	1012	0.0977977
poi-30-4	1	1.33	23	1	91	982	0.4621915	779	0.0615293
poi-30-4	1	1.33	23	1	183	1457	1.1020508	2985	0.4094411
poi-30-4	1	1.33	23	2	91	1108	0.6766525	2550	0.2291424
poi-30-4	1	1.33	23	2	183	1530	0.6082881	24	0.0055075
poi-30-4	1	1.33	23	3	91	1211	0.9408647	4150	0.4265254
poi-30-4	1	1.33	23	3	183	1555	0.844898	1860	0.2245205
poi-30-4	2	0.67	11	1	91	810	0.3159671	864	0.0447959
poi-30-4	2	0.67	11	1	183	1215	0.3650017	33	0.0013758
poi-30-4	2	0.67	11	2	91	813	0.3970453	2237	0.119847
poi-30-4	2	0.67	11	2	183	1215	0.3739089	74	0.0028648
poi-30-4	2	0.67	11	3	91	813	0.3157782	581	0.0316385
poi-30-4	2	0.67	11	3	183	1215	0.4547903	1116	0.0777055
poi-30-4	2	0.67	23	1	91	977	0.9863712	3463	0.4009213
poi-30-4	2	0.67	23	1	183	1215	0.6020975	85	0.0067246
poi-30-4	2	0.67	23	2	91	978	0.7612897	55	0.0067543
poi-30-4	2	0.67	23	2	183	1216	0.8568131	1180	0.1547486
poi-30-4	2	0.67	23	3	91	978	0.8582137	162	0.0233041
poi-30-4	2	0.67	23	3	183	1216	0.9917071	1108	0.1736203
poi-30-4	2	1	11	1	91	842	0.3077451	849	0.0445356
poi-30-4	2	1	11	1	183	1226	0.5514326	6	0.0006683
poi-30-4	2	1	11	2	91	863	0.2890209	354	0.0188527
poi-30-4	2	1	11	2	183	1226	0.5327859	1	0.0002339
poi-30-4	2	1	11	3	91	863	0.3080971	546	0.0299282
poi-30-4	2	1	11	3	183	1226	0.5460837	8	0.0007512
poi-30-4	2	1	23	1	91	1074	0.3938254	128	0.0098465
poi-30-4	2	1	23	1	183	1285	1.1181534	3841	0.4859868
poi-30-4	2	1	23	2	91	1092	0.4089683	36	0.0031674
poi-30-4	2	1	23	2	183	1298	0.5986379	102	0.010326
poi-30-4	2	1	23	3	91	1092	0.4576926	8	0.0006595
poi-30-4	2	1	23	3	183	1298	0.5862104	30	0.0032715
poi-30-4	2	1.33	11	1	91	942	0.2843586	173	0.0094639
poi-30-4	2	1.33	11	1	183	1407	1.0638773	4647	0.5124884
poi-30-4	2	1.33	11	2	91	952	0.3528703	1268	0.0710113
poi-30-4	2	1.33	11	2	183	1431	1.0460878	5133	0.5227192
poi-30-4	2	1.33	11	3	91	959	0.3715812	1255	0.0739273
poi-30-4	2	1.33	11	3	183	1436	1.0170372	4556	0.4837424
poi-30-4	2	1.33	23	1	91	1229	0.5980794	2064	0.1752952
poi-30-4	2	1.33	23	1	183	1510	1.2737159	5218	0.6441742
poi-30-4	2	1.33	23	2	91	1352	0.9538403	5644	0.5063142
poi-30-4	2	1.33	23	2	183	1563	0.6125869	212	0.0216466
poi-30-4	2	1.33	23	3	91	1384	0.8232105	3582	0.3427465
poi-30-4	2	1.33	23	3	183	1605	0.6037243	166	0.0173046
poi-30-5	1	0.67	13	1	82	422	0.1685032	146	0.0049813
poi-30-5	1	0.67	13	1	164	1199	0.4709095	1345	0.0898181
poi-30-5	1	0.67	13	2	82	441	0.17864	18	0.0006483
poi-30-5	1	0.67	13	2	164	1199	0.3990013	136	0.0067478
poi-30-5	1	0.67	13	3	82	441	0.186923	19	0.0005689
poi-30-5	1	0.67	13	3	164	1199	0.4094235	188	0.0098236
poi-30-5	1	0.67	26	1	82	454	0.4177309	4094	0.1897853
poi-30-5	1	0.67	26	1	164	1233	1.2135572	5052	0.6174124
poi-30-5	1	0.67	26	2	82	496	0.2743721	49	0.0025728
poi-30-5	1	0.67	26	2	164	1255	0.9810333	1505	0.2151077
poi-30-5	1	0.67	26	3	82	529	0.3163262	55	0.0035544
poi-30-5	1	0.67	26	3	164	1287	0.8614541	33	0.0031713
poi-30-5	1	1	13	1	82	431	0.2043191	111	0.004662
poi-30-5	1	1	13	1	164	1254	0.5409164	352	0.0305686
poi-30-5	1	1	13	2	82	494	0.2172115	8	0.0003067
poi-30-5	1	1	13	2	164	1254	0.7716317	2845	0.276557
poi-30-5	1	1	13	3	82	494	0.2235816	16	0.000796
poi-30-5	1	1	13	3	164	1254	0.5336535	413	0.040005
poi-30-5	1	1	26	1	82	499	0.2256662	178	0.007774
poi-30-5	1	1	26	1	164	1318	0.6322304	537	0.0583066
poi-30-5	1	1	26	2	82	562	0.2490129	41	0.0022788
poi-30-5	1	1	26	2	164	1387	0.5588084	448	0.0440102
poi-30-5	1	1	26	3	82	612	0.2727551	113	0.0060727
poi-30-5	1	1	26	3	164	1419	0.5312294	225	0.0216022
poi-30-5	1	1.33	13	1	82	480	0.2403267	45	0.0024219
poi-30-5	1	1.33	13	1	164	1408	1.1383654	6528	0.6439579
poi-30-5	1	1.33	13	2	82	563	0.2420679	1	5.82E-05
poi-30-5	1	1.33	13	2	164	1443	1.0534432	5812	0.5617201
poi-30-5	1	1.33	13	3	82	564	0.2510584	43	0.0023941
poi-30-5	1	1.33	13	3	164	1438	0.9807164	4845	0.4811044
poi-30-5	1	1.33	26	1	82	589	0.281729	402	0.0205541
poi-30-5	1	1.33	26	1	164	1493	0.5727725	137	0.0124931
poi-30-5	1	1.33	26	2	82	649	0.3136348	785	0.0422653
poi-30-5	1	1.33	26	2	164	1658	0.9784355	4643	0.47145
poi-30-5	1	1.33	26	3	82	715	0.2928212	106	0.0064284
poi-30-5	1	1.33	26	3	164	1736	0.7141416	2223	0.2166478
poi-30-5	2	0.67	13	1	82	472	0.1817825	36	0.0012311
poi-30-5	2	0.67	13	1	164	1211	0.38289	41	0.002262
poi-30-5	2	0.67	13	2	82	487	0.1995568	170	0.0066032
poi-30-5	2	0.67	13	2	164	1211	0.5616572	2335	0.1722758
poi-30-5	2	0.67	13	3	82	487	0.2009436	36	0.0011707
poi-30-5	2	0.67	13	3	164	1211	0.6495301	3211	0.2511919
poi-30-5	2	0.67	26	1	82	500	0.2664035	11	0.0006479
poi-30-5	2	0.67	26	1	164	1328	0.8595266	1424	0.1836795
poi-30-5	2	0.67	26	2	82	529	0.4049838	964	0.0653283
poi-30-5	2	0.67	26	2	164	1357	0.7913508	98	0.0108053
poi-30-5	2	0.67	26	3	82	529	0.4051801	321	0.0246549
poi-30-5	2	0.67	26	3	164	1371	0.818173	57	0.0094586
poi-30-5	2	1	13	1	82	525	0.1991959	121	0.0049806
poi-30-5	2	1	13	1	164	1268	0.5068526	16	0.001357
poi-30-5	2	1	13	2	82	562	0.2045505	121	0.004586
poi-30-5	2	1	13	2	164	1275	0.78695	2906	0.2900441
poi-30-5	2	1	13	3	82	562	0.2115031	164	0.0067987
poi-30-5	2	1	13	3	164	1268	0.5121149	21	0.0018547
poi-30-5	2	1	26	1	82	575	0.2299325	13	0.0006544
poi-30-5	2	1	26	1	164	1447	0.525159	90	0.0075128
poi-30-5	2	1	26	2	82	612	0.2609493	2	0.0001026
poi-30-5	2	1	26	2	164	1477	0.7732679	3462	0.3166209
poi-30-5	2	1	26	3	82	633	0.2904591	36	0.0020652
poi-30-5	2	1	26	3	164	1527	0.4709345	117	0.0096208
poi-30-5	2	1.33	13	1	82	594	0.2244335	25	0.0012975
poi-30-5	2	1.33	13	1	164	1409	0.5036093	292	0.0232159
poi-30-5	2	1.33	13	2	82	633	0.2297195	48	0.0022113
poi-30-5	2	1.33	13	2	164	1459	0.7765006	3072	0.2944319
poi-30-5	2	1.33	13	3	82	633	0.2326807	25	0.0012246
poi-30-5	2	1.33	13	3	164	1459	1.0608415	6055	0.5744008
poi-30-5	2	1.33	26	1	82	672	0.2486182	4	0.0003824
poi-30-5	2	1.33	26	1	164	1685	0.6245835	1027	0.1039414
poi-30-5	2	1.33	26	2	82	741	0.277436	60	0.0031478
poi-30-5	2	1.33	26	2	164	1787	0.7587177	3432	0.304253
poi-30-5	2	1.33	26	3	82	752	0.3428757	12	0.0009525
poi-30-5	2	1.33	26	3	164	1883	1.0746906	6644	0.6125092
poi-40-1	1	0.67	12	1	101	1042	0.4973792	0	0
poi-40-1	1	0.67	12	1	202	1600	1.142458	1924	0.3108254
poi-40-1	1	0.67	12	2	101	1042	0.5447486	0	0
poi-40-1	1	0.67	12	2	202	1607	0.9286113	495	0.0576033
poi-40-1	1	0.67	12	3	101	1042	0.5589328	0	0
poi-40-1	1	0.67	12	3	202	1631	1.1276788	1478	0.240913
poi-40-1	1	0.67	24	1	101	1083	0.8004555	35	0.0042874
poi-40-1	1	0.67	24	1	202	1666	2.5743322	5002	1.2604041
poi-40-1	1	0.67	24	2	101	1113	1.0474953	4	0.00088
poi-40-1	1	0.67	24	2	202	1710	2.9073441	4025	1.2627021
poi-40-1	1	0.67	24	3	101	1154	1.4883905	1260	0.2859406
poi-40-1	1	0.67	24	3	202	1740	5.2707487	9140	3.4026644
poi-40-1	1	1	12	1	101	1079	0.6002644	202	0.0226031
poi-40-1	1	1	12	1	202	1637	2.2563041	4320	1.0399104
poi-40-1	1	1	12	2	101	1084	0.5173128	188	0.0216751
poi-40-1	1	1	12	2	202	1659	1.465324	1817	0.3740583
poi-40-1	1	1	12	3	101	1084	0.6094133	887	0.0937228
poi-40-1	1	1	12	3	202	1680	1.4832014	1980	0.3920519
poi-40-1	1	1	24	1	101	1164	0.7458921	412	0.0554147
poi-40-1	1	1	24	1	202	1732	1.3227343	290	0.0545226
poi-40-1	1	1	24	2	101	1246	0.9183232	2283	0.2882664
poi-40-1	1	1	24	2	202	1824	1.0582688	139	0.0218354
poi-40-1	1	1	24	3	101	1284	0.9645211	2069	0.2842972
poi-40-1	1	1	24	3	202	1865	1.0781771	469	0.0797328
poi-40-1	1	1.34	12	1	101	1250	0.5664444	6	0.0006726
poi-40-1	1	1.34	12	1	202	1870	2.5473249	6069	1.3776312
poi-40-1	1	1.34	12	2	101	1279	0.5513507	342	0.0368051
poi-40-1	1	1.34	12	2	202	1925	1.131364	516	0.0835462
poi-40-1	1	1.34	12	3	101	1295	0.5991486	767	0.0796968
poi-40-1	1	1.34	12	3	202	1949	1.5028457	2447	0.462108
poi-40-1	1	1.34	24	1	101	1323	1.4987409	5513	0.7847476
poi-40-1	1	1.34	24	1	202	2015	2.0791003	3164	0.7902088
poi-40-1	1	1.34	24	2	101	1496	0.7304488	654	0.085008
poi-40-1	1	1.34	24	2	202	2215	1.6402609	3068	0.610383
poi-40-1	1	1.34	24	3	101	1564	0.9918187	1975	0.2794663
poi-40-1	1	1.34	24	3	202	2279	1.2185201	1125	0.2102775
poi-40-1	2	0.67	12	1	101	1054	0.5129656	112	0.0095143
poi-40-1	2	0.67	12	1	202	1633	1.8321199	5751	0.967469
poi-40-1	2	0.67	12	2	101	1054	0.5355287	54	0.0049312
poi-40-1	2	0.67	12	2	202	1633	1.3011969	2563	0.4172079
poi-40-1	2	0.67	12	3	101	1054	0.5413464	23	0.0021285
poi-40-1	2	0.67	12	3	202	1633	0.9985069	647	0.1007188
poi-40-1	2	0.67	24	1	101	1170	0.9058975	56	0.0074509
poi-40-1	2	0.67	24	1	202	1724	1.3765681	22	0.0043499
poi-40-1	2	0.67	24	2	101	1199	1.1266447	3	0.0009161
poi-40-1	2	0.67	24	2	202	1762	1.8018111	763	0.1974139
poi-40-1	2	0.67	24	3	101	1201	1.9841156	2955	0.740183
poi-40-1	2	0.67	24	3	202	1765	2.0861378	1057	0.3297442
poi-40-1	2	1	12	1	101	1167	0.5706509	335	0.0339927
poi-40-1	2	1	12	1	202	1706	1.6411614	1830	0.4140687
poi-40-1	2	1	12	2	101	1167	0.5017959	49	0.0043692
poi-40-1	2	1	12	2	202	1719	2.1112809	4342	0.9680909
poi-40-1	2	1	12	3	101	1167	0.5347514	334	0.0315414
poi-40-1	2	1	12	3	202	1734	2.425574	5748	1.2789224
poi-40-1	2	1	24	1	101	1336	0.9143106	2322	0.2829256
poi-40-1	2	1	24	1	202	1865	1.9669728	3885	0.8461619
poi-40-1	2	1	24	2	101	1388	0.740505	1406	0.1626625
poi-40-1	2	1	24	2	202	1893	1.0047772	97	0.0130998
poi-40-1	2	1	24	3	101	1398	0.6536112	270	0.0333894
poi-40-1	2	1	24	3	202	1893	0.9631404	4	0.0006935
poi-40-1	2	1.34	12	1	101	1370	0.5940903	520	0.0546399
poi-40-1	2	1.34	12	1	202	1940	1.2414576	526	0.0930605
poi-40-1	2	1.34	12	2	101	1399	0.5253652	409	0.0398552
poi-40-1	2	1.34	12	2	202	1993	2.6571041	7607	1.5864915
poi-40-1	2	1.34	12	3	101	1399	0.5527846	536	0.0536423
poi-40-1	2	1.34	12	3	202	2007	3.419346	11492	2.3682549
poi-40-1	2	1.34	24	1	101	1581	2.3463739	13598	1.70823
poi-40-1	2	1.34	24	1	202	2206	1.2061656	614	0.1110628
poi-40-1	2	1.34	24	2	101	1685	1.2142752	5342	0.6220511
poi-40-1	2	1.34	24	2	202	2332	1.6289278	3458	0.6473817
poi-40-1	2	1.34	24	3	101	1767	1.0729475	3366	0.4291801
poi-40-1	2	1.34	24	3	202	2357	1.4419336	2485	0.4692524
poi-40-2	1	0.67	12	1	97	838	0.6911761	2638	0.2347328
poi-40-2	1	0.67	12	1	194	1651	0.9202576	899	0.1229456
poi-40-2	1	0.67	12	2	97	846	0.5304229	596	0.0517635
poi-40-2	1	0.67	12	2	194	1651	1.6587283	5181	0.8273008
poi-40-2	1	0.67	12	3	97	846	0.4943575	15	0.0012765
poi-40-2	1	0.67	12	3	194	1660	0.9331487	670	0.0828335
poi-40-2	1	0.67	24	1	97	894	0.7057429	152	0.0169209
poi-40-2	1	0.67	24	1	194	1696	1.4191933	244	0.0373075
poi-40-2	1	0.67	24	2	97	918	0.867896	46	0.0068026
poi-40-2	1	0.67	24	2	194	1700	1.8908126	775	0.2149605
poi-40-2	1	0.67	24	3	97	918	1.0044802	119	0.0194778
poi-40-2	1	0.67	24	3	194	1700	2.4440938	1591	0.5573355
poi-40-2	1	1	12	1	97	886	0.585664	919	0.0899408
poi-40-2	1	1	12	1	194	1699	1.2106022	718	0.1325835
poi-40-2	1	1	12	2	97	898	0.4812131	125	0.0113242
poi-40-2	1	1	12	2	194	1699	1.1273595	802	0.142137
poi-40-2	1	1	12	3	97	903	0.5248457	498	0.0476475
poi-40-2	1	1	12	3	194	1716	1.8664908	4645	0.8939917
poi-40-2	1	1	24	1	97	935	0.7377987	1128	0.1356669
poi-40-2	1	1	24	1	194	1765	1.585508	994	0.2426912
poi-40-2	1	1	24	2	97	999	0.625555	480	0.054634
poi-40-2	1	1	24	2	194	1839	1.8072984	3745	0.7642211
poi-40-2	1	1	24	3	97	1032	0.6674264	534	0.0639003
poi-40-2	1	1	24	3	194	1868	1.0352446	387	0.0640455
poi-40-2	1	1.34	12	1	97	983	0.9288426	4394	0.4353617
poi-40-2	1	1.34	12	1	194	1939	2.0851485	5093	1.038617
poi-40-2	1	1.34	12	2	97	1090	0.9111289	4813	0.4470792
poi-40-2	1	1.34	12	2	194	1989	1.7872316	4299	0.8196655
poi-40-2	1	1.34	12	3	97	1090	0.6253053	1527	0.1478661
poi-40-2	1	1.34	12	3	194	2011	1.8268009	4702	0.8635639
poi-40-2	1	1.34	24	1	97	1076	0.6706604	389	0.0484883
poi-40-2	1	1.34	24	1	194	2101	2.2540375	3385	0.8912844
poi-40-2	1	1.34	24	2	97	1230	0.7884108	1676	0.1958421
poi-40-2	1	1.34	24	2	194	2205	1.087721	212	0.0326956
poi-40-2	1	1.34	24	3	97	1277	0.8593496	1915	0.2362786
poi-40-2	1	1.34	24	3	194	2283	1.7591184	4111	0.7851418
poi-40-2	2	0.67	12	1	97	846	0.8222133	4157	0.3671814
poi-40-2	2	0.67	12	1	194	1668	0.8534014	479	0.0555516
poi-40-2	2	0.67	12	2	97	846	0.5407824	796	0.0712943
poi-40-2	2	0.67	12	2	194	1668	1.1293784	2175	0.3207544
poi-40-2	2	0.67	12	3	97	846	0.5918238	1227	0.1131314
poi-40-2	2	0.67	12	3	194	1668	0.8751472	280	0.0321714
poi-40-2	2	0.67	24	1	97	954	1.3147568	3371	0.5246638
poi-40-2	2	0.67	24	1	194	1737	2.1807388	3475	0.8677871
poi-40-2	2	0.67	24	2	97	978	1.1124613	1093	0.181274
poi-40-2	2	0.67	24	2	194	1739	1.9377341	1526	0.4282243
poi-40-2	2	0.67	24	3	97	978	1.0439223	172	0.0322439
poi-40-2	2	0.67	24	3	194	1733	3.5193968	5722	1.8654587
poi-40-2	2	1	12	1	97	946	0.4722825	9	0.0007506
poi-40-2	2	1	12	1	194	1736	1.0467613	57	0.0070255
poi-40-2	2	1	12	2	97	953	0.4746068	458	0.0379912
poi-40-2	2	1	12	2	194	1736	1.1505349	917	0.1711442
poi-40-2	2	1	12	3	97	953	0.4590001	357	0.0332107
poi-40-2	2	1	12	3	194	1736	0.979457	75	0.0092634
poi-40-2	2	1	24	1	97	1140	0.742608	1417	0.1618574
poi-40-2	2	1	24	1	194	1875	1.7310913	2927	0.610769
poi-40-2	2	1	24	2	97	1236	1.2836931	6928	0.7434499
poi-40-2	2	1	24	2	194	1950	1.1015217	680	0.1157071
poi-40-2	2	1	24	3	97	1393	0.821928	2304	0.2598655
poi-40-2	2	1	24	3	194	1950	1.0214698	411	0.0707179
poi-40-2	2	1.34	12	1	97	1146	0.4821494	286	0.0242444
poi-40-2	2	1.34	12	1	194	1995	1.8908669	4531	0.8968424
poi-40-2	2	1.34	12	2	97	1177	0.4633779	446	0.0372534
poi-40-2	2	1.34	12	2	194	2038	1.5327717	3137	0.595634
poi-40-2	2	1.34	12	3	97	1182	0.4952035	712	0.0615878
poi-40-2	2	1.34	12	3	194	2013	1.6519652	3740	0.6975664
poi-40-2	2	1.34	24	1	97	1379	0.7769197	1614	0.18767
poi-40-2	2	1.34	24	1	194	2222	2.3854019	5871	1.2752691
poi-40-2	2	1.34	24	2	97	1523	2.1158807	14177	1.5618201
poi-40-2	2	1.34	24	2	194	2407	1.724679	3847	0.7311998
poi-40-2	2	1.34	24	3	97	1743	1.0111264	3665	0.4260283
poi-40-2	2	1.34	24	3	194	2432	1.5910316	3242	0.620532
poi-40-3	1	0.67	13	1	97	684	0.4334038	1585	0.1036359
poi-40-3	1	0.67	13	1	195	1469	1.2228785	2810	0.4303571
poi-40-3	1	0.67	13	2	97	684	0.3834407	605	0.0410878
poi-40-3	1	0.67	13	2	195	1469	1.0861462	2007	0.2810666
poi-40-3	1	0.67	13	3	97	684	0.3662872	241	0.0159033
poi-40-3	1	0.67	13	3	195	1469	1.2633144	2815	0.4488922
poi-40-3	1	0.67	27	1	97	782	0.5250675	199	0.0192355
poi-40-3	1	0.67	27	1	195	1548	2.1432704	3179	0.8139145
poi-40-3	1	0.67	27	2	97	818	0.7192069	590	0.0716526
poi-40-3	1	0.67	27	2	195	1584	3.6613728	5786	1.94219
poi-40-3	1	0.67	27	3	97	842	0.8101982	388	0.0564732
poi-40-3	1	0.67	27	3	195	1598	2.0421167	107	0.0261222
poi-40-3	1	1	13	1	97	723	0.4798567	1405	0.1103318
poi-40-3	1	1	13	1	195	1519	1.3899304	1773	0.3433936
poi-40-3	1	1	13	2	97	723	0.3949583	218	0.0161026
poi-40-3	1	1	13	2	195	1537	1.2695588	1611	0.2882158
poi-40-3	1	1	13	3	97	727	0.4271225	416	0.0333749
poi-40-3	1	1	13	3	195	1537	1.5377614	2954	0.5616107
poi-40-3	1	1	27	1	97	851	0.6218612	1698	0.1553472
poi-40-3	1	1	27	1	195	1616	2.1193719	4503	0.9974531
poi-40-3	1	1	27	2	97	914	0.5589714	747	0.0741158
poi-40-3	1	1	27	2	195	1714	2.13353	6912	1.2341074
poi-40-3	1	1	27	3	97	971	0.5340906	25	0.0028698
poi-40-3	1	1	27	3	195	1803	1.295108	2398	0.4144464
poi-40-3	1	1.34	13	1	97	796	0.4789243	1205	0.0926516
poi-40-3	1	1.34	13	1	195	1712	1.4585249	2334	0.4361751
poi-40-3	1	1.34	13	2	97	817	0.6585364	3444	0.2669974
poi-40-3	1	1.34	13	2	195	1731	1.8764091	4880	0.9096121
poi-40-3	1	1.34	13	3	97	819	0.7368067	4255	0.3378296
poi-40-3	1	1.34	13	3	195	1790	1.9260497	5216	0.9718155
poi-40-3	1	1.34	27	1	97	981	0.5108237	125	0.0127277
poi-40-3	1	1.34	27	1	195	1826	2.1979767	4817	1.0687269
poi-40-3	1	1.34	27	2	97	1090	0.8232193	3014	0.3080289
poi-40-3	1	1.34	27	2	195	2068	2.2229213	7675	1.3365178
poi-40-3	1	1.34	27	3	97	1232	0.5707853	189	0.0205166
poi-40-3	1	1.34	27	3	195	2208	1.0244188	948	0.156972
poi-40-3	2	0.67	13	1	97	714	0.3747377	475	0.0309004
poi-40-3	2	0.67	13	1	195	1499	0.8016132	176	0.0189946
poi-40-3	2	0.67	13	2	97	714	0.3728818	176	0.0153462
poi-40-3	2	0.67	13	2	195	1499	0.8340116	308	0.0354311
poi-40-3	2	0.67	13	3	97	714	0.3802359	186	0.0129777
poi-40-3	2	0.67	13	3	195	1499	0.8307689	170	0.0188779
poi-40-3	2	0.67	27	1	97	899	0.6622562	28	0.0045217
poi-40-3	2	0.67	27	1	195	1670	1.4478532	375	0.0772817
poi-40-3	2	0.67	27	2	97	1011	1.6613858	5250	0.8537292
poi-40-3	2	0.67	27	2	195	1695	1.7692579	506	0.1324539
poi-40-3	2	0.67	27	3	97	1067	1.3504911	2836	0.4910894
poi-40-3	2	0.67	27	3	195	1695	3.5164328	5061	1.7615494
poi-40-3	2	1	13	1	97	802	0.4549209	1452	0.1036858
poi-40-3	2	1	13	1	195	1578	1.3465443	1829	0.3415606
poi-40-3	2	1	13	2	97	812	0.3822323	257	0.019446
poi-40-3	2	1	13	2	195	1604	1.224518	1635	0.289078
poi-40-3	2	1	13	3	97	812	0.4009082	437	0.0323789
poi-40-3	2	1	13	3	195	1604	2.3693418	7518	1.4138649
poi-40-3	2	1	27	1	97	1048	0.5217244	733	0.0664123
poi-40-3	2	1	27	1	195	1839	1.353602	1774	0.342724
poi-40-3	2	1	27	2	97	1227	0.7716979	3361	0.3102489
poi-40-3	2	1	27	2	195	1868	0.8660898	158	0.0210334
poi-40-3	2	1	27	3	97	1324	0.5211365	383	0.0370867
poi-40-3	2	1	27	3	195	1899	0.9170928	663	0.0975184
poi-40-3	2	1.34	13	1	97	880	0.5772363	2949	0.2151394
poi-40-3	2	1.34	13	1	195	1808	0.9618031	26	0.0033639
poi-40-3	2	1.34	13	2	97	923	0.3821555	77	0.0057423
poi-40-3	2	1.34	13	2	195	1857	1.4171444	2772	0.4927122
poi-40-3	2	1.34	13	3	97	923	0.441192	786	0.0630316
poi-40-3	2	1.34	13	3	195	1838	1.3048474	2179	0.3791733
poi-40-3	2	1.34	27	1	97	1240	0.9561504	5358	0.4946956
poi-40-3	2	1.34	27	1	195	2143	3.3341525	11465	2.3079483
poi-40-3	2	1.34	27	2	97	1495	1.2746265	8365	0.7962065
poi-40-3	2	1.34	27	2	195	2290	1.0945398	1264	0.2174935
poi-40-3	2	1.34	27	3	97	1632	0.7515391	2314	0.2355693
poi-40-3	2	1.34	27	3	195	2357	2.516978	9894	1.6695207
poi-40-4	1	0.67	13	1	103	600	0.3825166	181	0.0124352
poi-40-4	1	0.67	13	1	207	1549	0.9685707	955	0.1335149
poi-40-4	1	0.67	13	2	103	600	0.4027506	97	0.0065509
poi-40-4	1	0.67	13	2	207	1579	1.5644945	4089	0.7005386
poi-40-4	1	0.67	13	3	103	600	0.4112679	72	0.005085
poi-40-4	1	0.67	13	3	207	1575	0.9252511	348	0.046857
poi-40-4	1	0.67	27	1	103	645	0.7390081	2596	0.2526817
poi-40-4	1	0.67	27	1	207	1604	1.7488268	1545	0.3830693
poi-40-4	1	0.67	27	2	103	685	0.628205	470	0.0489935
poi-40-4	1	0.67	27	2	207	1635	1.7358188	136	0.0311012
poi-40-4	1	0.67	27	3	103	715	0.7523276	918	0.1153253
poi-40-4	1	0.67	27	3	207	1658	2.4160408	1363	0.4968298
poi-40-4	1	1	13	1	103	635	0.6072554	2568	0.2030138
poi-40-4	1	1	13	1	207	1596	1.2925768	1196	0.2421717
poi-40-4	1	1	13	2	103	635	0.4826089	634	0.0551171
poi-40-4	1	1	13	2	207	1648	1.6580001	3713	0.7002055
poi-40-4	1	1	13	3	103	635	0.4790015	471	0.0420187
poi-40-4	1	1	13	3	207	1648	1.1152926	1001	0.1731408
poi-40-4	1	1	27	1	103	698	0.4646052	17	0.0018285
poi-40-4	1	1	27	1	207	1685	2.7990665	6083	1.5323156
poi-40-4	1	1	27	2	103	830	0.6527606	1670	0.1637462
poi-40-4	1	1	27	2	207	1843	1.1912915	1042	0.1805755
poi-40-4	1	1	27	3	103	876	0.9295596	3749	0.4021923
poi-40-4	1	1	27	3	207	1925	1.0123279	379	0.0624475
poi-40-4	1	1.34	13	1	103	691	0.4833003	669	0.055778
poi-40-4	1	1.34	13	1	207	1857	1.5137395	1860	0.405474
poi-40-4	1	1.34	13	2	103	736	0.4861541	529	0.0479261
poi-40-4	1	1.34	13	2	207	1975	1.0528466	417	0.0651935
poi-40-4	1	1.34	13	3	103	736	0.543241	956	0.0874615
poi-40-4	1	1.34	13	3	207	1991	1.5265626	2934	0.5538597
poi-40-4	1	1.34	27	1	103	787	0.6317183	1449	0.1405059
poi-40-4	1	1.34	27	1	207	1922	2.5143058	4629	1.2028776
poi-40-4	1	1.34	27	2	103	983	1.2105437	6099	0.6669457
poi-40-4	1	1.34	27	2	207	2155	1.3009857	1394	0.2741856
poi-40-4	1	1.34	27	3	103	1067	1.1045583	5029	0.5537227
poi-40-4	1	1.34	27	3	207	2321	1.0482736	420	0.0711328
poi-40-4	2	0.67	13	1	103	623	0.3945029	283	0.0188984
poi-40-4	2	0.67	13	1	207	1593	0.8488874	289	0.034932
poi-40-4	2	0.67	13	2	103	641	0.5596143	2208	0.1706803
poi-40-4	2	0.67	13	2	207	1597	0.8259016	85	0.0110805
poi-40-4	2	0.67	13	3	103	641	0.479587	896	0.0725874
poi-40-4	2	0.67	13	3	207	1597	0.857155	116	0.0114423
poi-40-4	2	0.67	27	1	103	727	0.649648	868	0.0950713
poi-40-4	2	0.67	27	1	207	1709	1.4816878	133	0.0260731
poi-40-4	2	0.67	27	2	103	818	0.6930511	581	0.0665752
poi-40-4	2	0.67	27	2	207	1715	1.7695487	168	0.0452832
poi-40-4	2	0.67	27	3	103	820	0.7641968	537	0.0736348
poi-40-4	2	0.67	27	3	207	1745	3.6647383	4902	1.8041841
poi-40-4	2	1	13	1	103	682	0.4018739	231	0.0182016
poi-40-4	2	1	13	1	207	1648	1.0398983	226	0.0314284
poi-40-4	2	1	13	2	103	709	0.3977221	87	0.0066569
poi-40-4	2	1	13	2	207	1663	1.6569703	3659	0.6913361
poi-40-4	2	1	13	3	103	709	0.4268378	243	0.0194967
poi-40-4	2	1	13	3	207	1657	1.1074323	781	0.1443938
poi-40-4	2	1	27	1	103	854	0.7431079	3341	0.2981848
poi-40-4	2	1	27	1	207	1882	2.405291	6604	1.3669291
poi-40-4	2	1	27	2	103	1025	0.4967089	390	0.0368451
poi-40-4	2	1	27	2	207	1948	0.9335542	54	0.0073402
poi-40-4	2	1	27	3	103	1033	0.5889206	1086	0.1045508
poi-40-4	2	1	27	3	207	1948	0.9217905	18	0.0023812
poi-40-4	2	1.34	13	1	103	738	0.5592301	1642	0.1399907
poi-40-4	2	1.34	13	1	207	1937	2.0631912	5276	1.0426863
poi-40-4	2	1.34	13	2	103	798	0.4341907	91	0.0110323
poi-40-4	2	1.34	13	2	207	1984	1.803757	4786	0.8709679
poi-40-4	2	1.34	13	3	103	806	0.4828095	408	0.0359256
poi-40-4	2	1.34	13	3	207	1984	1.4111488	2696	0.4843672
poi-40-4	2	1.34	27	1	103	1016	0.5376308	835	0.075499
poi-40-4	2	1.34	27	1	207	2187	1.0653924	170	0.0236722
poi-40-4	2	1.34	27	2	103	1276	0.5985107	1065	0.10405
poi-40-4	2	1.34	27	2	207	2413	1.2893851	2147	0.3564779
poi-40-4	2	1.34	27	3	103	1276	0.5772852	526	0.0542538
poi-40-4	2	1.34	27	3	207	2459	1.4130133	2670	0.4775796
poi-40-5	1	0.67	12	1	105	761	0.4556995	62	0.0044123
poi-40-5	1	0.67	12	1	211	1612	0.8437838	824	0.1105517
poi-40-5	1	0.67	12	2	105	857	0.8199829	3596	0.3422589
poi-40-5	1	0.67	12	2	211	1639	0.763962	154	0.0133286
poi-40-5	1	0.67	12	3	105	868	0.7591016	2657	0.2599256
poi-40-5	1	0.67	12	3	211	1650	0.7562092	87	0.0076831
poi-40-5	1	0.67	25	1	105	909	1.1432942	3294	0.4500584
poi-40-5	1	0.67	25	1	211	1679	1.6673445	630	0.1701818
poi-40-5	1	0.67	25	2	105	995	0.9285599	540	0.0845155
poi-40-5	1	0.67	25	2	211	1671	2.4438625	2271	0.7314331
poi-40-5	1	0.67	25	3	105	931	1.2008753	1276	0.2371595
poi-40-5	1	0.67	25	3	211	1719	3.0453577	3245	1.1667999
poi-40-5	1	1	12	1	105	779	0.4591412	1675	0.1151103
poi-40-5	1	1	12	1	211	1665	0.9354824	2178	0.2732638
poi-40-5	1	1	12	2	105	920	0.8783757	6701	0.5021382
poi-40-5	1	1	12	2	211	1667	0.7071647	634	0.0789014
poi-40-5	1	1	12	3	105	882	0.398501	118	0.0097883
poi-40-5	1	1	12	3	211	1675	1.7371223	8622	1.0967719
poi-40-5	1	1	25	1	105	961	0.6559749	1878	0.1794893
poi-40-5	1	1	25	1	211	1711	1.0314761	464	0.0831613
poi-40-5	1	1	25	2	105	1081	0.787903	1992	0.2241265
poi-40-5	1	1	25	2	211	1851	2.8234872	11768	1.9802459
poi-40-5	1	1	25	3	105	1119	1.6275662	9382	1.0605075
poi-40-5	1	1	25	3	211	1887	1.0577884	1254	0.2066966
poi-40-5	1	1.34	12	1	105	899	0.4485626	1408	0.1028986
poi-40-5	1	1.34	12	1	211	1840	0.6569562	128	0.017362
poi-40-5	1	1.34	12	2	105	1044	0.7411279	4186	0.3338341
poi-40-5	1	1.34	12	2	211	1893	0.8073164	1038	0.1389475
poi-40-5	1	1.34	12	3	105	1076	0.632445	2790	0.2263538
poi-40-5	1	1.34	12	3	211	1885	1.1214495	3700	0.478491
poi-40-5	1	1.34	25	1	105	1158	0.6940229	2161	0.2091045
poi-40-5	1	1.34	25	1	211	2004	1.7212356	3544	0.7089903
poi-40-5	1	1.34	25	2	105	1314	0.8224754	1914	0.2271382
poi-40-5	1	1.34	25	2	211	2215	1.2319893	2138	0.3611808
poi-40-5	1	1.34	25	3	105	1422	1.0557266	4002	0.4680755
poi-40-5	1	1.34	25	3	211	2309	2.5669548	9657	1.6847269
poi-40-5	2	0.67	12	1	105	873	0.6499612	2329	0.2026527
poi-40-5	2	0.67	12	1	211	1632	0.7352196	219	0.0199325
poi-40-5	2	0.67	12	2	105	915	0.7467684	3010	0.2779234
poi-40-5	2	0.67	12	2	211	1650	0.7233931	18	0.0017182
poi-40-5	2	0.67	12	3	105	938	0.891642	4303	0.4078512
poi-40-5	2	0.67	12	3	211	1650	0.7433499	216	0.0196165
poi-40-5	2	0.67	25	1	105	1072	1.1385254	1555	0.26592
poi-40-5	2	0.67	25	1	211	1715	3.8882917	8583	2.426078
poi-40-5	2	0.67	25	2	105	1166	1.1889092	783	0.1558588
poi-40-5	2	0.67	25	2	211	1737	2.9526922	4244	1.3390621
poi-40-5	2	0.67	25	3	105	1167	1.5274299	1889	0.4063218
poi-40-5	2	0.67	25	3	211	1742	3.689156	5658	1.9464861
poi-40-5	2	1	12	1	105	999	0.3577467	108	0.0110968
poi-40-5	2	1	12	1	211	1691	0.8873356	2095	0.2516261
poi-40-5	2	1	12	2	105	999	0.4405203	1074	0.0815402
poi-40-5	2	1	12	2	211	1695	1.2119069	4441	0.5831008
poi-40-5	2	1	12	3	105	999	0.4172216	723	0.0538517
poi-40-5	2	1	12	3	211	1685	0.7252702	463	0.0603085
poi-40-5	2	1	25	1	105	1233	0.7176229	2583	0.2433931
poi-40-5	2	1	25	1	211	1887	1.3787087	3220	0.529698
poi-40-5	2	1	25	2	105	1420	0.5350967	272	0.0278457
poi-40-5	2	1	25	2	211	1897	1.0833713	1531	0.2485322
poi-40-5	2	1	25	3	105	1481	1.5369002	9076	0.9891708
poi-40-5	2	1	25	3	211	1897	0.8867766	66	0.0088111
poi-40-5	2	1.34	12	1	105	1123	0.580267	3079	0.2182599
poi-40-5	2	1.34	12	1	211	1895	1.2371387	4305	0.5695068
poi-40-5	2	1.34	12	2	105	1176	0.4888928	1374	0.1066844
poi-40-5	2	1.34	12	2	211	1942	2.0142759	10309	1.3646368
poi-40-5	2	1.34	12	3	105	1189	0.6058178	2858	0.219669
poi-40-5	2	1.34	12	3	211	1929	1.3030725	5124	0.6476121
poi-40-5	2	1.34	25	1	105	1436	0.5997948	1281	0.1207279
poi-40-5	2	1.34	25	1	211	2211	0.8493613	281	0.0393786
poi-40-5	2	1.34	25	2	105	1696	0.6605907	1267	0.1313708
poi-40-5	2	1.34	25	2	211	2316	0.8732805	143	0.0196394
poi-40-5	2	1.34	25	3	105	1851	0.8002638	2197	0.2445582
poi-40-5	2	1.34	25	3	211	2400	0.888625	26	0.0038187
poi-50-1	1	0.67	12	1	108	972	0.6839899	155	0.01922
poi-50-1	1	0.67	12	1	217	1947	2.7961581	4130	1.2407265
poi-50-1	1	0.67	12	2	108	991	0.9025925	1245	0.1788739
poi-50-1	1	0.67	12	2	217	1941	2.0471731	1324	0.4055552
poi-50-1	1	0.67	12	3	108	991	0.9443422	1281	0.1907092
poi-50-1	1	0.67	12	3	217	1916	1.6736989	66	0.0138017
poi-50-1	1	0.67	25	1	108	1033	0.9709684	197	0.0303798
poi-50-1	1	0.67	25	1	217	2003	3.2286371	1281	0.6243124
poi-50-1	1	0.67	25	2	108	1062	1.7272116	2697	0.5922651
poi-50-1	1	0.67	25	2	217	2106	3.2794069	86	0.0354826
poi-50-1	1	0.67	25	3	108	1069	1.2514082	49	0.0099292
poi-50-1	1	0.67	25	3	217	2182	3.7667615	162	0.0661709
poi-50-1	1	1	12	1	108	997	0.6769074	240	0.0302036
poi-50-1	1	1	12	1	217	2003	2.0154951	802	0.2545267
poi-50-1	1	1	12	2	108	1026	0.749579	1093	0.1354395
poi-50-1	1	1	12	2	217	2044	2.6851079	3335	1.0576174
poi-50-1	1	1	12	3	108	1026	0.6457884	104	0.0134287
poi-50-1	1	1	12	3	217	2090	2.2266001	2075	0.6175148
poi-50-1	1	1	25	1	108	1097	0.8300538	630	0.0917344
poi-50-1	1	1	25	1	217	2110	3.5309574	3304	1.3682026
poi-50-1	1	1	25	2	108	1155	0.8800317	1082	0.1556136
poi-50-1	1	1	25	2	217	2305	1.8548732	572	0.1626697
poi-50-1	1	1	25	3	108	1159	1.4221876	4227	0.6484179
poi-50-1	1	1	25	3	217	2415	4.6052335	9759	3.0346872
poi-50-1	1	1.34	12	1	108	1146	0.8901961	1568	0.2135161
poi-50-1	1	1.34	12	1	217	2258	2.9690523	3602	1.2369823
poi-50-1	1	1.34	12	2	108	1185	0.7828165	955	0.1257842
poi-50-1	1	1.34	12	2	217	2433	3.0202065	4353	1.378881
poi-50-1	1	1.34	12	3	108	1185	0.7241506	647	0.0860866
poi-50-1	1	1.34	12	3	217	2476	2.60874	3199	1.0197577
poi-50-1	1	1.34	25	1	108	1219	0.8430404	432	0.0668039
poi-50-1	1	1.34	25	1	217	2393	2.7533688	1333	0.5539583
poi-50-1	1	1.34	25	2	108	1372	1.1966522	3063	0.4516519
poi-50-1	1	1.34	25	2	217	2861	3.8091785	6267	2.1138608
poi-50-1	1	1.34	25	3	108	1437	0.826451	272	0.0421831
poi-50-1	1	1.34	25	3	217	2962	4.3714675	9016	2.7929521
poi-50-1	2	0.67	12	1	108	1016	0.7612823	340	0.0450424
poi-50-1	2	0.67	12	1	217	1993	1.6097135	215	0.0456507
poi-50-1	2	0.67	12	2	108	1016	0.7951371	436	0.0603773
poi-50-1	2	0.67	12	2	217	2010	1.9702606	1335	0.3830101
poi-50-1	2	0.67	12	3	108	1016	0.7692506	267	0.0350733
poi-50-1	2	0.67	12	3	217	2050	2.4634578	2877	0.861339
poi-50-1	2	0.67	25	1	108	1156	1.7856042	1970	0.4933916
poi-50-1	2	0.67	25	1	217	2177	4.215848	2419	1.325799
poi-50-1	2	0.67	25	2	108	1230	1.9974054	1765	0.5159192
poi-50-1	2	0.67	25	2	217	2203	4.0203895	1571	0.8907933
poi-50-1	2	0.67	25	3	108	1298	2.2356396	1771	0.5505476
poi-50-1	2	0.67	25	3	217	2206	6.3844102	4958	3.1447764
poi-50-1	2	1	12	1	108	1074	0.6639969	104	0.0120426
poi-50-1	2	1	12	1	217	2187	3.6642891	6107	2.0084274
poi-50-1	2	1	12	2	108	1074	0.6413211	114	0.012291
poi-50-1	2	1	12	2	217	2259	2.4541081	2759	0.8528141
poi-50-1	2	1	12	3	108	1074	0.6569459	161	0.0188143
poi-50-1	2	1	12	3	217	2234	2.0167298	1387	0.406964
poi-50-1	2	1	25	1	108	1335	1.1185188	2540	0.3710436
poi-50-1	2	1	25	1	217	2425	3.7992663	5563	1.9733601
poi-50-1	2	1	25	2	108	1563	1.3691752	4537	0.6453544
poi-50-1	2	1	25	2	217	2431	1.5729574	29	0.0054202
poi-50-1	2	1	25	3	108	1617	1.2776575	3989	0.5644671
poi-50-1	2	1	25	3	217	2431	1.4820046	34	0.0061273
poi-50-1	2	1.34	12	1	108	1249	1.1925422	4158	0.5472217
poi-50-1	2	1.34	12	1	217	2567	3.1751651	4969	1.5299931
poi-50-1	2	1.34	12	2	108	1270	0.7385359	821	0.1001268
poi-50-1	2	1.34	12	2	217	2690	3.8124474	7340	2.2573128
poi-50-1	2	1.34	12	3	108	1270	1.0900272	3556	0.4527764
poi-50-1	2	1.34	12	3	217	2669	2.4030577	3084	0.8947552
poi-50-1	2	1.34	25	1	108	1606	1.0594998	1989	0.3017147
poi-50-1	2	1.34	25	1	217	2901	4.4918709	7343	2.6479974
poi-50-1	2	1.34	25	2	108	1965	1.1192731	2226	0.3411803
poi-50-1	2	1.34	25	2	217	3029	1.6174431	128	0.0240859
poi-50-1	2	1.34	25	3	108	2012	1.7204751	6790	0.9879481
poi-50-1	2	1.34	25	3	217	3074	1.5578255	35	0.0072865
poi-50-2	1	0.67	12	1	112	1443	1.0882726	255	0.0387024
poi-50-2	1	0.67	12	1	225	2066	2.694137	3488	1.1209418
poi-50-2	1	0.67	12	2	112	1459	1.1659	174	0.0275815
poi-50-2	1	0.67	12	2	225	2076	2.4616818	2591	0.7922341
poi-50-2	1	0.67	12	3	112	1479	1.1958134	43	0.0072883
poi-50-2	1	0.67	12	3	225	2081	1.6517465	13	0.0050817
poi-50-2	1	0.67	24	1	112	1479	1.4092486	15	0.0042278
poi-50-2	1	0.67	24	1	225	2110	3.3097817	1196	0.6086591
poi-50-2	1	0.67	24	2	112	1517	2.4056375	1689	0.5995898
poi-50-2	1	0.67	24	2	225	2171	7.4088122	6029	4.016017
poi-50-2	1	0.67	24	3	112	1517	2.8247161	1700	0.6739455
poi-50-2	1	0.67	24	3	225	2171	6.3688828	3359	2.5018621
poi-50-2	1	1	12	1	112	1529	1.0037592	203	0.0348385
poi-50-2	1	1	12	1	225	2113	2.2940309	109	0.029617
poi-50-2	1	1	12	2	112	1529	0.8377582	15	0.0028092
poi-50-2	1	1	12	2	225	2172	1.9841076	270	0.0683907
poi-50-2	1	1	12	3	112	1564	1.2844681	2996	0.4838086
poi-50-2	1	1	12	3	225	2153	1.8449994	40	0.0071549
poi-50-2	1	1	24	1	112	1577	1.8447014	2887	0.6834061
poi-50-2	1	1	24	1	225	2184	2.534453	321	0.1027231
poi-50-2	1	1	24	2	112	1619	1.564858	2889	0.570529
poi-50-2	1	1	24	2	225	2285	2.2587524	740	0.244024
poi-50-2	1	1	24	3	112	1716	2.5951603	7851	1.5827947
poi-50-2	1	1	24	3	225	2306	1.946573	627	0.1754168
poi-50-2	1	1.34	12	1	112	1785	1.5344393	2916	0.5634154
poi-50-2	1	1.34	12	1	225	2494	2.9478314	1834	0.7302836
poi-50-2	1	1.34	12	2	112	1876	0.8494329	20	0.0030629
poi-50-2	1	1.34	12	2	225	2552	3.2091944	3606	1.3402677
poi-50-2	1	1.34	12	3	112	1883	1.0565639	1600	0.2525964
poi-50-2	1	1.34	12	3	225	2632	2.707707	2493	0.8744145
poi-50-2	1	1.34	24	1	112	1805	2.5112894	5810	1.3365841
poi-50-2	1	1.34	24	1	225	2532	2.9374382	1128	0.4879537
poi-50-2	1	1.34	24	2	112	1984	1.679619	3373	0.6801504
poi-50-2	1	1.34	24	2	225	2724	2.6523394	2221	0.7795581
poi-50-2	1	1.34	24	3	112	2033	1.3822255	1826	0.3708463
poi-50-2	1	1.34	24	3	225	2850	3.226013	4233	1.4587313
poi-50-2	2	0.67	12	1	112	1467	1.8752559	4557	0.8760089
poi-50-2	2	0.67	12	1	225	2086	2.7545724	3802	1.1748385
poi-50-2	2	0.67	12	2	112	1480	1.2383477	882	0.17333
poi-50-2	2	0.67	12	2	225	2105	1.6243525	109	0.0185395
poi-50-2	2	0.67	12	3	112	1480	1.6572195	2513	0.5461279
poi-50-2	2	0.67	12	3	225	2131	1.8204675	559	0.1541539
poi-50-2	2	0.67	24	1	112	1625	1.8414542	122	0.0332891
poi-50-2	2	0.67	24	1	225	2229	5.1435843	5195	2.5892186
poi-50-2	2	0.67	24	2	112	1673	2.9014684	1583	0.6764624
poi-50-2	2	0.67	24	2	225	2230	5.7120799	5016	2.841107
poi-50-2	2	0.67	24	3	112	1691	3.616232	2488	1.1868928
poi-50-2	2	0.67	24	3	225	2224	5.5051755	3683	2.261718
poi-50-2	2	1	12	1	112	1568	1.227061	1534	0.2901079
poi-50-2	2	1	12	1	225	2253	4.3890196	5269	2.2246245
poi-50-2	2	1	12	2	112	1617	0.8441088	155	0.020418
poi-50-2	2	1	12	2	225	2265	2.5237532	1628	0.5975315
poi-50-2	2	1	12	3	112	1629	1.0833822	1820	0.2857999
poi-50-2	2	1	12	3	225	2255	1.9093079	69	0.0127684
poi-50-2	2	1	24	1	112	1782	1.931507	3967	0.847861
poi-50-2	2	1	24	1	225	2342	2.0358234	140	0.0338691
poi-50-2	2	1	24	2	112	1992	2.3769563	7631	1.4367348
poi-50-2	2	1	24	2	225	2390	3.3841357	5004	1.6491782
poi-50-2	2	1	24	3	112	2027	1.4590437	2855	0.5287422
poi-50-2	2	1	24	3	225	2390	1.92747	704	0.1974347
poi-50-2	2	1.34	12	1	112	1842	1.6709366	4176	0.7454434
poi-50-2	2	1.34	12	1	225	2542	2.3269726	593	0.2233824
poi-50-2	2	1.34	12	2	112	1937	1.3061575	2680	0.4442055
poi-50-2	2	1.34	12	2	225	2666	1.9629122	20	0.0046724
poi-50-2	2	1.34	12	3	112	1949	1.1356584	1834	0.296937
poi-50-2	2	1.34	12	3	225	2702	1.9444875	77	0.0140234
poi-50-2	2	1.34	24	1	112	2081	1.3999585	1394	0.2806661
poi-50-2	2	1.34	24	1	225	2743	2.2446164	516	0.1773793
poi-50-2	2	1.34	24	2	112	2403	1.7213771	3797	0.7321061
poi-50-2	2	1.34	24	2	225	2869	2.012294	652	0.1854582
poi-50-2	2	1.34	24	3	112	2556	1.0311509	366	0.0688173
poi-50-2	2	1.34	24	3	225	2937	1.9789253	579	0.1799621
poi-50-3	1	0.67	13	1	109	1070	0.8748716	47	0.0059724
poi-50-3	1	0.67	13	1	218	1911	1.7260003	128	0.0279401
poi-50-3	1	0.67	13	2	109	1070	0.9548524	151	0.0202716
poi-50-3	1	0.67	13	2	218	1936	3.4109411	4818	1.6461266
poi-50-3	1	0.67	13	3	109	1095	1.3276609	2097	0.3767088
poi-50-3	1	0.67	13	3	218	1981	3.8555428	5525	1.999245
poi-50-3	1	0.67	26	1	109	1108	1.6741049	2250	0.4986139
poi-50-3	1	0.67	26	1	218	2041	5.2660568	5308	2.6578131
poi-50-3	1	0.67	26	2	109	1157	1.8257674	1107	0.3197698
poi-50-3	1	0.67	26	2	218	2078	3.3530904	151	0.050159
poi-50-3	1	0.67	26	3	109	1210	2.1704526	1309	0.4242399
poi-50-3	1	0.67	26	3	218	2112	6.7055549	3963	2.934999
poi-50-3	1	1	13	1	109	1088	0.8271019	20	0.0033543
poi-50-3	1	1	13	1	218	2056	4.5699753	7010	2.663444
poi-50-3	1	1	13	2	109	1111	0.7475004	14	0.0021769
poi-50-3	1	1	13	2	218	2067	2.1758106	1769	0.51422
poi-50-3	1	1	13	3	109	1111	0.8419057	813	0.1192971
poi-50-3	1	1	13	3	218	2092	3.1852813	5199	1.5990294
poi-50-3	1	1	26	1	109	1179	2.9823155	9453	1.9743056
poi-50-3	1	1	26	1	218	2112	5.6858715	7172	3.3185186
poi-50-3	1	1	26	2	109	1262	2.0246062	6487	1.1436409
poi-50-3	1	1	26	2	218	2244	3.0515874	3932	1.3045331
poi-50-3	1	1	26	3	109	1317	1.5161486	3440	0.6163869
poi-50-3	1	1	26	3	218	2418	4.3948199	8626	2.7658637
poi-50-3	1	1.34	13	1	109	1266	0.9655935	605	0.1024885
poi-50-3	1	1.34	13	1	218	2381	3.6487237	4181	1.6132887
poi-50-3	1	1.34	13	2	109	1306	0.8054538	337	0.0482487
poi-50-3	1	1.34	13	2	218	2435	1.6960223	215	0.0481835
poi-50-3	1	1.34	13	3	109	1333	1.3053647	3823	0.5578123
poi-50-3	1	1.34	13	3	218	2485	1.6651323	209	0.0479051
poi-50-3	1	1.34	26	1	109	1291	1.3206664	1227	0.2535047
poi-50-3	1	1.34	26	1	218	2378	4.5553159	4336	2.0977162
poi-50-3	1	1.34	26	2	109	1440	0.9602264	218	0.0415821
poi-50-3	1	1.34	26	2	218	2698	4.439764	7365	2.6294143
poi-50-3	1	1.34	26	3	109	1582	1.2248004	1662	0.3055101
poi-50-3	1	1.34	26	3	218	2881	1.9591832	982	0.3075518
poi-50-3	2	0.67	13	1	109	1095	1.0260506	1030	0.1595831
poi-50-3	2	0.67	13	1	218	2027	1.7731897	406	0.1100359
poi-50-3	2	0.67	13	2	109	1120	0.9968845	492	0.0808919
poi-50-3	2	0.67	13	2	218	2046	2.098846	1180	0.353889
poi-50-3	2	0.67	13	3	109	1120	1.0842596	753	0.130517
poi-50-3	2	0.67	13	3	218	2045	3.5074953	5022	1.7533132
poi-50-3	2	0.67	26	1	109	1240	2.9600393	5147	1.4982783
poi-50-3	2	0.67	26	1	218	2167	4.3371619	2703	1.4749576
poi-50-3	2	0.67	26	2	109	1350	4.4486654	6340	2.4655879
poi-50-3	2	0.67	26	2	218	2215	5.5513979	3570	2.2449079
poi-50-3	2	0.67	26	3	109	1437	2.274863	88	0.0357244
poi-50-3	2	0.67	26	3	218	2236	3.5858719	189	0.088452
poi-50-3	2	1	13	1	109	1151	0.8787306	508	0.0769149
poi-50-3	2	1	13	1	218	2187	2.1107813	787	0.2633147
poi-50-3	2	1	13	2	109	1206	0.8833415	1011	0.1456234
poi-50-3	2	1	13	2	218	2186	1.8535463	715	0.1788385
poi-50-3	2	1	13	3	109	1381	0.9095477	1251	0.1733651
poi-50-3	2	1	13	3	218	2222	2.1596456	1809	0.5300428
poi-50-3	2	1	26	1	109	1359	1.0237896	404	0.0703511
poi-50-3	2	1	26	1	218	2387	2.4677425	1592	0.5382619
poi-50-3	2	1	26	2	109	1672	1.6417508	4546	0.7758583
poi-50-3	2	1	26	2	218	2449	1.6373127	136	0.028311
poi-50-3	2	1	26	3	109	1877	2.1426393	7534	1.2862591
poi-50-3	2	1	26	3	218	2449	1.5487116	14	0.003438
poi-50-3	2	1.34	13	1	109	1347	1.2309901	2679	0.4171147
poi-50-3	2	1.34	13	1	218	2549	2.2654787	1220	0.4122105
poi-50-3	2	1.34	13	2	109	1485	1.3562101	4146	0.6109194
poi-50-3	2	1.34	13	2	218	2607	3.3190661	5211	1.6754586
poi-50-3	2	1.34	13	3	109	1574	0.767254	331	0.0452966
poi-50-3	2	1.34	13	3	218	2628	1.6159843	83	0.0146995
poi-50-3	2	1.34	26	1	109	1646	1.1742869	1140	0.2088699
poi-50-3	2	1.34	26	1	218	2893	3.1444151	3071	1.1495431
poi-50-3	2	1.34	26	2	109	2084	1.6324137	4299	0.7528322
poi-50-3	2	1.34	26	2	218	3036	1.8629212	648	0.1827185
poi-50-3	2	1.34	26	3	109	2351	1.87705	4764	0.9085216
poi-50-3	2	1.34	26	3	218	3089	3.2742765	5315	1.6619396
poi-50-4	1	0.67	13	1	108	805	0.575984	2	0.0004801
poi-50-4	1	0.67	13	1	216	1715	3.4161468	5811	1.7907813
poi-50-4	1	0.67	13	2	108	815	0.6113052	29	0.0029374
poi-50-4	1	0.67	13	2	216	1727	3.110178	4463	1.4613094
poi-50-4	1	0.67	13	3	108	815	0.623507	34	0.0039357
poi-50-4	1	0.67	13	3	216	1738	3.5422909	5648	1.8453697
poi-50-4	1	0.67	27	1	108	857	0.8847924	394	0.059581
poi-50-4	1	0.67	27	1	216	1829	3.7971147	2696	1.2616576
poi-50-4	1	0.67	27	2	108	880	1.6869269	2754	0.5894769
poi-50-4	1	0.67	27	2	216	1942	3.3318475	232	0.0765501
poi-50-4	1	0.67	27	3	108	912	1.3332676	286	0.0701558
poi-50-4	1	0.67	27	3	216	1987	5.1767891	2194	1.5190582
poi-50-4	1	1	13	1	108	838	0.5707231	54	0.0062985
poi-50-4	1	1	13	1	216	1765	2.4093909	2124	0.6916267
poi-50-4	1	1	13	2	108	838	0.5893704	0	0
poi-50-4	1	1	13	2	216	1769	1.6475461	480	0.1185058
poi-50-4	1	1	13	3	108	866	1.0738824	4030	0.4768753
poi-50-4	1	1	13	3	216	1866	2.2016988	2421	0.6788674
poi-50-4	1	1	27	1	108	913	1.2107506	3522	0.5040189
poi-50-4	1	1	27	1	216	1936	2.6736465	2080	0.7562467
poi-50-4	1	1	27	2	108	1037	0.7751796	488	0.0708562
poi-50-4	1	1	27	2	216	2109	2.8587911	4511	1.3489817
poi-50-4	1	1	27	3	108	1111	1.5556722	5322	0.803955
poi-50-4	1	1	27	3	216	2319	3.1114046	5935	1.6843442
poi-50-4	1	1.34	13	1	108	965	0.8655532	2525	0.2945136
poi-50-4	1	1.34	13	1	216	1959	3.6637441	5648	1.9262235
poi-50-4	1	1.34	13	2	108	1008	1.2036889	4987	0.6010797
poi-50-4	1	1.34	13	2	216	2059	1.9063138	1216	0.3420623
poi-50-4	1	1.34	13	3	108	1023	1.0390368	3387	0.4191913
poi-50-4	1	1.34	13	3	216	2180	1.7554903	732	0.1882545
poi-50-4	1	1.34	27	1	108	1022	0.9175185	1121	0.1686052
poi-50-4	1	1.34	27	1	216	2159	2.1228273	472	0.1518585
poi-50-4	1	1.34	27	2	108	1226	1.041319	2214	0.3181647
poi-50-4	1	1.34	27	2	216	2521	1.763139	759	0.2057734
poi-50-4	1	1.34	27	3	108	1354	1.0887072	1978	0.308815
poi-50-4	1	1.34	27	3	216	2800	2.0046434	2064	0.5533724
poi-50-4	2	0.67	13	1	108	823	0.5815683	0	0
poi-50-4	2	0.67	13	1	216	1789	2.8389921	4528	1.3305955
poi-50-4	2	0.67	13	2	108	823	0.6115785	0	0
poi-50-4	2	0.67	13	2	216	1821	2.0231754	1689	0.4695274
poi-50-4	2	0.67	13	3	108	823	0.6168454	0	0
poi-50-4	2	0.67	13	3	216	1826	1.8241717	873	0.2518073
poi-50-4	2	0.67	27	1	108	944	2.0329882	4333	0.9364868
poi-50-4	2	0.67	27	1	216	2068	5.8360814	6066	3.1404963
poi-50-4	2	0.67	27	2	108	1074	2.3018389	2865	0.8251736
poi-50-4	2	0.67	27	2	216	2108	8.0250767	7711	4.8229025
poi-50-4	2	0.67	27	3	108	1105	2.8578702	3805	1.2013575
poi-50-4	2	0.67	27	3	216	2122	3.9310477	591	0.3701229
poi-50-4	2	1	13	1	108	866	0.5904715	1	0.0001266
poi-50-4	2	1	13	1	216	1853	2.1958652	1559	0.4731882
poi-50-4	2	1	13	2	108	912	0.8978086	2761	0.322184
poi-50-4	2	1	13	2	216	1967	1.9740634	1303	0.3513536
poi-50-4	2	1	13	3	108	909	0.8496676	2407	0.2835593
poi-50-4	2	1	13	3	216	1969	3.3139597	5601	1.7280173
poi-50-4	2	1	27	1	108	1115	1.2135283	3561	0.5066317
poi-50-4	2	1	27	1	216	2281	2.5978878	2866	0.9200173
poi-50-4	2	1	27	2	108	1329	1.3386162	4540	0.6340415
poi-50-4	2	1	27	2	216	2408	1.7472346	923	0.2304911
poi-50-4	2	1	27	3	108	1466	1.8570345	7788	1.1306683
poi-50-4	2	1	27	3	216	2408	1.5110887	197	0.0447757
poi-50-4	2	1.34	13	1	108	1022	0.9999317	3459	0.4127157
poi-50-4	2	1.34	13	1	216	2196	3.3019156	4987	1.6244631
poi-50-4	2	1.34	13	2	108	1081	0.9350389	2962	0.349827
poi-50-4	2	1.34	13	2	216	2326	3.0990486	4968	1.5326899
poi-50-4	2	1.34	13	3	108	1084	2.2920069	15138	1.726776
poi-50-4	2	1.34	13	3	216	2336	1.7858443	848	0.2166323
poi-50-4	2	1.34	27	1	108	1302	1.7185577	7109	1.0077339
poi-50-4	2	1.34	27	1	216	2672	1.7189326	149	0.0344552
poi-50-4	2	1.34	27	2	108	1664	1.2983109	4320	0.6017862
poi-50-4	2	1.34	27	2	216	2977	3.1633926	5485	1.6334483
poi-50-4	2	1.34	27	3	108	1912	1.8390641	7576	1.1031069
poi-50-4	2	1.34	27	3	216	3025	4.4965436	10049	2.9812635
poi-50-5	1	0.67	11	1	111	1255	1.0970445	843	0.1468246
poi-50-5	1	0.67	11	1	222	2081	2.7615418	3478	1.1011092
poi-50-5	1	0.67	11	2	111	1238	2.4801855	7536	1.5049988
poi-50-5	1	0.67	11	2	222	2084	2.8753898	3497	1.1661581
poi-50-5	1	0.67	11	3	111	1255	1.0729069	283	0.049255
poi-50-5	1	0.67	11	3	222	2079	2.1231267	1192	0.394699
poi-50-5	1	0.67	23	1	111	1323	1.767906	584	0.1724021
poi-50-5	1	0.67	23	1	222	2142	3.0943459	545	0.239297
poi-50-5	1	0.67	23	2	111	1376	2.9813094	2159	0.8651541
poi-50-5	1	0.67	23	2	222	2168	4.9995932	2152	1.4468598
poi-50-5	1	0.67	23	3	111	1469	2.5374048	178	0.0607205
poi-50-5	1	0.67	23	3	222	2190	5.2601273	1724	1.2622829
poi-50-5	1	1	11	1	111	1302	0.8615855	125	0.01727
poi-50-5	1	1	11	1	222	2132	3.3539495	3529	1.3824462
poi-50-5	1	1	11	2	111	1366	1.6045759	5470	0.8363275
poi-50-5	1	1	11	2	222	2160	3.1128951	3722	1.3237139
poi-50-5	1	1	11	3	111	1342	1.4664319	4517	0.695302
poi-50-5	1	1	11	3	222	2174	4.1792848	7436	2.4756186
poi-50-5	1	1	23	1	111	1373	2.2079972	4282	1.0075506
poi-50-5	1	1	23	1	222	2185	2.9978406	1274	0.5542893
poi-50-5	1	1	23	2	111	1491	1.0172598	115	0.0223513
poi-50-5	1	1	23	2	222	2327	2.0512057	632	0.2066947
poi-50-5	1	1	23	3	111	1546	1.2494959	1316	0.2591937
poi-50-5	1	1	23	3	222	2440	2.0100508	1231	0.3584341
poi-50-5	1	1.34	11	1	111	1529	1.4785426	3929	0.6485755
poi-50-5	1	1.34	11	1	222	2415	2.7213172	2109	0.778895
poi-50-5	1	1.34	11	2	111	1584	0.9775577	1430	0.2085132
poi-50-5	1	1.34	11	2	222	2506	2.4660113	2273	0.7388686
poi-50-5	1	1.34	11	3	111	1610	1.0604878	2079	0.306373
poi-50-5	1	1.34	11	3	222	2514	3.6343471	5967	1.9508041
poi-50-5	1	1.34	23	1	111	1575	3.3869352	9363	2.2017268
poi-50-5	1	1.34	23	1	222	2518	4.9933344	5664	2.5993519
poi-50-5	1	1.34	23	2	111	1832	2.2170267	6458	1.2456241
poi-50-5	1	1.34	23	2	222	2783	1.810568	52	0.0120276
poi-50-5	1	1.34	23	3	111	1905	1.0064655	167	0.0327197
poi-50-5	1	1.34	23	3	222	3014	3.2423509	4799	1.5588726
poi-50-5	2	0.67	11	1	111	1356	0.9233199	8	0.0012249
poi-50-5	2	0.67	11	1	222	2094	1.6574713	182	0.0384305
poi-50-5	2	0.67	11	2	111	1356	0.9604299	36	0.0053824
poi-50-5	2	0.67	11	2	222	2116	1.7825225	522	0.1261426
poi-50-5	2	0.67	11	3	111	1356	0.9952325	137	0.022594
poi-50-5	2	0.67	11	3	222	2114	2.353329	2172	0.6774571
poi-50-5	2	0.67	23	1	111	1510	2.4033171	1453	0.5216541
poi-50-5	2	0.67	23	1	222	2215	3.2548565	881	0.4390883
poi-50-5	2	0.67	23	2	111	1557	2.5257842	457	0.1993328
poi-50-5	2	0.67	23	2	222	2220	5.328686	3495	2.1660625
poi-50-5	2	0.67	23	3	111	1595	2.6935362	8	0.0049345
poi-50-5	2	0.67	23	3	222	2222	3.4197728	147	0.0509687
poi-50-5	2	1	11	1	111	1462	1.761492	5983	0.9599509
poi-50-5	2	1	11	1	222	2205	2.0793986	550	0.1587176
poi-50-5	2	1	11	2	111	1486	0.991864	1775	0.2523689
poi-50-5	2	1	11	2	222	2255	3.2073558	4299	1.4456107
poi-50-5	2	1	11	3	111	1486	1.0706036	2622	0.3668657
poi-50-5	2	1	11	3	222	2268	1.8639103	476	0.1288917
poi-50-5	2	1	23	1	111	1733	4.0418581	14393	2.9899017
poi-50-5	2	1	23	1	222	2463	3.7332083	4700	1.7669619
poi-50-5	2	1	23	2	111	1873	1.2528767	1708	0.3101921
poi-50-5	2	1	23	2	222	2467	1.7498503	315	0.0811802
poi-50-5	2	1	23	3	111	1890	1.2056101	1688	0.300118
poi-50-5	2	1	23	3	222	2467	1.6022303	73	0.0152114
poi-50-5	2	1.34	11	1	111	1702	2.5687721	11263	1.7757078
poi-50-5	2	1.34	11	1	222	2510	3.1644108	3550	1.2889075
poi-50-5	2	1.34	11	2	111	1703	0.7498994	185	0.0222001
poi-50-5	2	1.34	11	2	222	2557	1.985524	869	0.2735592
poi-50-5	2	1.34	11	3	111	1735	1.9477119	8822	1.2364309
poi-50-5	2	1.34	11	3	222	2553	1.8640664	677	0.1845851
poi-50-5	2	1.34	23	1	111	2011	2.3813324	6442	1.3186445
poi-50-5	2	1.34	23	1	222	2949	4.2924577	6062	2.3257159
poi-50-5	2	1.34	23	2	111	2335	0.957278	3	0.000568
poi-50-5	2	1.34	23	2	222	3045	1.772083	336	0.073996
poi-50-5	2	1.34	23	3	111	2381	2.3724428	8038	1.4634233
poi-50-5	2	1.34	23	3	222	3103	1.6763972	207	0.041478
AverageObj: 1019.7, IterToBest: 1374.4, TimeToBest: 0.25
