InstanceName	alpha	beta	L	m	Tmax	ObjValue	CpuTime	IterToBest	TimeToBest
poi-10-1	1	0.67	15	1	59	201	0.0229553	0	0
poi-10-1	1	0.67	15	1	118	295	0.0403568	0	0
poi-10-1	1	0.67	15	2	59	201	0.0235834	0	0
poi-10-1	1	0.67	15	2	118	295	0.0412153	0	0
poi-10-1	1	0.67	15	3	59	201	0.0241251	0	0
poi-10-1	1	0.67	15	3	118	295	0.0422972	0	0
poi-10-1	1	0.67	30	1	59	201	0.0252977	0	0
poi-10-1	1	0.67	30	1	118	295	0.0527874	0	0
poi-10-1	1	0.67	30	2	59	201	0.0258035	0	0
poi-10-1	1	0.67	30	2	118	295	0.0557929	0	0
poi-10-1	1	0.67	30	3	59	201	0.0269163	0	0
poi-10-1	1	0.67	30	3	118	295	0.0588159	0	0
poi-10-1	1	1	15	1	59	201	0.0318582	0	0
poi-10-1	1	1	15	1	118	295	0.068016	0	0
poi-10-1	1	1	15	2	59	201	0.0333911	0	0
poi-10-1	1	1	15	2	118	295	0.0694744	0	0
poi-10-1	1	1	15	3	59	201	0.034824	0	0
poi-10-1	1	1	15	3	118	295	0.0714537	0	0
poi-10-1	1	1	30	1	59	201	0.0350753	0	0
poi-10-1	1	1	30	1	118	295	0.0707784	0	0
poi-10-1	1	1	30	2	59	201	0.0390681	0	0
poi-10-1	1	1	30	2	118	295	0.0768055	0	0
poi-10-1	1	1	30	3	59	201	0.0426369	0	0
poi-10-1	1	1	30	3	118	295	0.0826159	0	0
poi-10-1	1	1.33	15	1	59	233	0.0302113	0	0
poi-10-1	1	1.33	15	1	118	327	0.0637779	0	0
poi-10-1	1	1.33	15	2	59	233	0.0315532	0	0
poi-10-1	1	1.33	15	2	118	327	0.0654593	0	0
poi-10-1	1	1.33	15	3	59	233	0.0327668	0	0
poi-10-1	1	1.33	15	3	118	327	0.0666359	0	0
poi-10-1	1	1.33	30	1	59	233	0.0346789	0	0
poi-10-1	1	1.33	30	1	118	347	0.0654615	2	3.29E-05
poi-10-1	1	1.33	30	2	59	233	0.038467	0	0
poi-10-1	1	1.33	30	2	118	347	0.0702186	2	3.3E-05
poi-10-1	1	1.33	30	3	59	233	0.0418318	0	0
poi-10-1	1	1.33	30	3	118	347	0.0753614	1	1.71E-05
poi-10-1	2	0.67	15	1	59	201	0.0229472	0	0
poi-10-1	2	0.67	15	1	118	295	0.040446	0	0
poi-10-1	2	0.67	15	2	59	201	0.0234517	0	0
poi-10-1	2	0.67	15	2	118	295	0.0413701	0	0
poi-10-1	2	0.67	15	3	59	201	0.0242098	0	0
poi-10-1	2	0.67	15	3	118	295	0.04211	0	0
poi-10-1	2	0.67	30	1	59	201	0.024875	0	0
poi-10-1	2	0.67	30	1	118	295	0.0527087	0	0
poi-10-1	2	0.67	30	2	59	201	0.0260169	0	0
poi-10-1	2	0.67	30	2	118	295	0.0558469	0	0
poi-10-1	2	0.67	30	3	59	201	0.0268491	0	0
poi-10-1	2	0.67	30	3	118	295	0.0590597	0	0
poi-10-1	2	1	15	1	59	201	0.030294	0	0
poi-10-1	2	1	15	1	118	295	0.0677511	0	0
poi-10-1	2	1	15	2	59	201	0.0320252	0	0
poi-10-1	2	1	15	2	118	295	0.069706	0	0
poi-10-1	2	1	15	3	59	201	0.0331612	0	0
poi-10-1	2	1	15	3	118	295	0.0712081	0	0
poi-10-1	2	1	30	1	59	201	0.0353202	0	0
poi-10-1	2	1	30	1	118	295	0.0710091	0	0
poi-10-1	2	1	30	2	59	201	0.0390125	0	0
poi-10-1	2	1	30	2	118	295	0.0773428	0	0
poi-10-1	2	1	30	3	59	201	0.0425358	0	0
poi-10-1	2	1	30	3	118	295	0.0835364	0	0
poi-10-1	2	1.33	15	1	59	233	0.0301498	0	0
poi-10-1	2	1.33	15	1	118	327	0.063239	0	0
poi-10-1	2	1.33	15	2	59	233	0.0316022	0	0
poi-10-1	2	1.33	15	2	118	327	0.065033	0	0
poi-10-1	2	1.33	15	3	59	233	0.0329523	0	0
poi-10-1	2	1.33	15	3	118	327	0.0664057	0	0
poi-10-1	2	1.33	30	1	59	233	0.0349383	0	0
poi-10-1	2	1.33	30	1	118	347	0.0651194	1	1.77E-05
poi-10-1	2	1.33	30	2	59	233	0.0384795	0	0
poi-10-1	2	1.33	30	2	118	347	0.0699884	2	3.34E-05
poi-10-1	2	1.33	30	3	59	233	0.0415269	0	0
poi-10-1	2	1.33	30	3	118	347	0.0749296	1	1.72E-05
poi-10-2	1	0.67	13	1	58	76	0.0222468	0	0
poi-10-2	1	0.67	13	1	116	296	0.0354711	7	5.41E-05
poi-10-2	1	0.67	13	2	58	76	0.0227838	0	0
poi-10-2	1	0.67	13	2	116	296	0.0359913	1	8.3E-06
poi-10-2	1	0.67	13	3	58	76	0.0232666	0	0
poi-10-2	1	0.67	13	3	116	296	0.0364421	11	8.03E-05
poi-10-2	1	0.67	27	1	58	76	0.0271571	0	0
poi-10-2	1	0.67	27	1	116	296	0.0462254	6	6.14E-05
poi-10-2	1	0.67	27	2	58	76	0.0282587	0	0
poi-10-2	1	0.67	27	2	116	296	0.0491477	39	0.0003556
poi-10-2	1	0.67	27	3	58	76	0.0294655	0	0
poi-10-2	1	0.67	27	3	116	296	0.0509637	10	0.0001239
poi-10-2	1	1	13	1	58	76	0.0222875	0	0
poi-10-2	1	1	13	1	116	296	0.0593235	7	8.98E-05
poi-10-2	1	1	13	2	58	76	0.0229195	0	0
poi-10-2	1	1	13	2	116	296	0.0602814	10	0.0001211
poi-10-2	1	1	13	3	58	76	0.0234214	0	0
poi-10-2	1	1	13	3	116	296	0.0613356	13	0.0001585
poi-10-2	1	1	27	1	58	76	0.0270162	0	0
poi-10-2	1	1	27	1	116	296	0.0705817	5	8.39E-05
poi-10-2	1	1	27	2	58	76	0.0284438	0	0
poi-10-2	1	1	27	2	116	296	0.0788161	1	2.29E-05
poi-10-2	1	1	27	3	58	76	0.0294777	0	0
poi-10-2	1	1	27	3	116	296	0.0836859	1	2.35E-05
poi-10-2	1	1.33	13	1	58	76	0.0221531	0	0
poi-10-2	1	1.33	13	1	116	313	0.0594469	2	3.22E-05
poi-10-2	1	1.33	13	2	58	76	0.0227725	0	0
poi-10-2	1	1.33	13	2	116	313	0.0607975	14	0.0002219
poi-10-2	1	1.33	13	3	58	76	0.0234098	0	0
poi-10-2	1	1.33	13	3	116	313	0.0615228	7	8.83E-05
poi-10-2	1	1.33	27	1	58	76	0.0271049	0	0
poi-10-2	1	1.33	27	1	116	343	0.0715507	15	0.0002876
poi-10-2	1	1.33	27	2	58	76	0.0281097	0	0
poi-10-2	1	1.33	27	2	116	345	0.0819811	10	0.0002428
poi-10-2	1	1.33	27	3	58	76	0.0295431	0	0
poi-10-2	1	1.33	27	3	116	345	0.0853926	2	4.24E-05
poi-10-2	2	0.67	13	1	58	76	0.0222212	0	0
poi-10-2	2	0.67	13	1	116	296	0.0354418	2	1.58E-05
poi-10-2	2	0.67	13	2	58	76	0.0227416	0	0
poi-10-2	2	0.67	13	2	116	296	0.0359302	10	7.11E-05
poi-10-2	2	0.67	13	3	58	76	0.0234716	0	0
poi-10-2	2	0.67	13	3	116	296	0.036603	2	1.57E-05
poi-10-2	2	0.67	27	1	58	76	0.0271222	0	0
poi-10-2	2	0.67	27	1	116	296	0.0470833	3	2.63E-05
poi-10-2	2	0.67	27	2	58	76	0.0283498	0	0
poi-10-2	2	0.67	27	2	116	296	0.0494561	3	4.11E-05
poi-10-2	2	0.67	27	3	58	76	0.0293821	0	0
poi-10-2	2	0.67	27	3	116	296	0.0505071	7	5.92E-05
poi-10-2	2	1	13	1	58	76	0.0221685	0	0
poi-10-2	2	1	13	1	116	296	0.0596721	30	0.0003539
poi-10-2	2	1	13	2	58	76	0.0225887	0	0
poi-10-2	2	1	13	2	116	296	0.0605779	6	7.53E-05
poi-10-2	2	1	13	3	58	76	0.0233198	0	0
poi-10-2	2	1	13	3	116	296	0.0618754	13	0.0001623
poi-10-2	2	1	27	1	58	76	0.0269603	0	0
poi-10-2	2	1	27	1	116	296	0.0663237	5	7.74E-05
poi-10-2	2	1	27	2	58	76	0.028523	0	0
poi-10-2	2	1	27	2	116	296	0.0734031	2	4.17E-05
poi-10-2	2	1	27	3	58	76	0.0294534	0	0
poi-10-2	2	1	27	3	116	296	0.0781672	6	0.0001043
poi-10-2	2	1.33	13	1	58	76	0.0224522	0	0
poi-10-2	2	1.33	13	1	116	313	0.0596302	1	2.01E-05
poi-10-2	2	1.33	13	2	58	76	0.0228748	0	0
poi-10-2	2	1.33	13	2	116	313	0.060676	19	0.0002363
poi-10-2	2	1.33	13	3	58	76	0.0235254	0	0
poi-10-2	2	1.33	13	3	116	313	0.0623431	25	0.0003109
poi-10-2	2	1.33	27	1	58	76	0.0271811	0	0
poi-10-2	2	1.33	27	1	116	355	0.0701828	2	3.63E-05
poi-10-2	2	1.33	27	2	58	76	0.0284275	0	0
poi-10-2	2	1.33	27	2	116	355	0.0794705	1	2.07E-05
poi-10-2	2	1.33	27	3	58	76	0.0295186	0	0
poi-10-2	2	1.33	27	3	116	355	0.08274	5	9.34E-05
poi-10-3	1	0.67	14	1	59	0	0.021451	0	0
poi-10-3	1	0.67	14	1	119	243	0.0405565	0	0
poi-10-3	1	0.67	14	2	59	0	0.0217504	0	0
poi-10-3	1	0.67	14	2	119	243	0.0421975	0	0
poi-10-3	1	0.67	14	3	59	0	0.0228956	0	0
poi-10-3	1	0.67	14	3	119	243	0.0436702	0	0
poi-10-3	1	0.67	28	1	59	0	0.0218249	0	0
poi-10-3	1	0.67	28	1	119	243	0.048693	0	0
poi-10-3	1	0.67	28	2	59	0	0.0226673	0	0
poi-10-3	1	0.67	28	2	119	243	0.0578704	0	0
poi-10-3	1	0.67	28	3	59	0	0.0234958	0	0
poi-10-3	1	0.67	28	3	119	243	0.0634002	0	0
poi-10-3	1	1	14	1	59	0	0.0212783	0	0
poi-10-3	1	1	14	1	119	243	0.0629971	0	0
poi-10-3	1	1	14	2	59	0	0.0219866	0	0
poi-10-3	1	1	14	2	119	243	0.07233	0	0
poi-10-3	1	1	14	3	59	0	0.0229362	0	0
poi-10-3	1	1	14	3	119	243	0.0764003	0	0
poi-10-3	1	1	28	1	59	0	0.0218043	0	0
poi-10-3	1	1	28	1	119	243	0.0742546	0	0
poi-10-3	1	1	28	2	59	0	0.0226371	0	0
poi-10-3	1	1	28	2	119	243	0.0838251	0	0
poi-10-3	1	1	28	3	59	0	0.0236098	0	0
poi-10-3	1	1	28	3	119	243	0.0895734	0	0
poi-10-3	1	1.33	14	1	59	0	0.0212431	0	0
poi-10-3	1	1.33	14	1	119	275	0.0631356	0	0
poi-10-3	1	1.33	14	2	59	0	0.0219419	0	0
poi-10-3	1	1.33	14	2	119	295	0.0752652	6	0.0001737
poi-10-3	1	1.33	14	3	59	0	0.0228892	0	0
poi-10-3	1	1.33	14	3	119	295	0.0782991	4	6.93E-05
poi-10-3	1	1.33	28	1	59	0	0.0217136	0	0
poi-10-3	1	1.33	28	1	119	295	0.071603	0	0
poi-10-3	1	1.33	28	2	59	0	0.0225563	0	0
poi-10-3	1	1.33	28	2	119	301	0.0797559	94	0.0015825
poi-10-3	1	1.33	28	3	59	0	0.0235484	0	0
poi-10-3	1	1.33	28	3	119	301	0.0834892	5	8.72E-05
poi-10-3	2	0.67	14	1	59	0	0.0212794	0	0
poi-10-3	2	0.67	14	1	119	243	0.0398306	0	0
poi-10-3	2	0.67	14	2	59	0	0.0220597	0	0
poi-10-3	2	0.67	14	2	119	243	0.0425264	0	0
poi-10-3	2	0.67	14	3	59	0	0.0227601	0	0
poi-10-3	2	0.67	14	3	119	243	0.0438338	0	0
poi-10-3	2	0.67	28	1	59	0	0.0217961	0	0
poi-10-3	2	0.67	28	1	119	243	0.0491392	0	0
poi-10-3	2	0.67	28	2	59	0	0.0225937	0	0
poi-10-3	2	0.67	28	2	119	243	0.0578084	0	0
poi-10-3	2	0.67	28	3	59	0	0.0234444	0	0
poi-10-3	2	0.67	28	3	119	243	0.0635729	0	0
poi-10-3	2	1	14	1	59	0	0.0213136	0	0
poi-10-3	2	1	14	1	119	243	0.0628096	0	0
poi-10-3	2	1	14	2	59	0	0.0220027	0	0
poi-10-3	2	1	14	2	119	243	0.0715848	0	0
poi-10-3	2	1	14	3	59	0	0.0229566	0	0
poi-10-3	2	1	14	3	119	243	0.0751619	0	0
poi-10-3	2	1	28	1	59	0	0.0218744	0	0
poi-10-3	2	1	28	1	119	243	0.0739924	0	0
poi-10-3	2	1	28	2	59	0	0.0226705	0	0
poi-10-3	2	1	28	2	119	243	0.0816069	0	0
poi-10-3	2	1	28	3	59	0	0.0234148	0	0
poi-10-3	2	1	28	3	119	243	0.0834206	0	0
poi-10-3	2	1.33	14	1	59	0	0.021332	0	0
poi-10-3	2	1.33	14	1	119	295	0.0640095	1	2.03E-05
poi-10-3	2	1.33	14	2	59	0	0.0220767	0	0
poi-10-3	2	1.33	14	2	119	295	0.0793458	0	0
poi-10-3	2	1.33	14	3	59	0	0.0228531	0	0
poi-10-3	2	1.33	14	3	119	295	0.0820912	0	0
poi-10-3	2	1.33	28	1	59	0	0.0216997	0	0
poi-10-3	2	1.33	28	1	119	295	0.0700516	0	0
poi-10-3	2	1.33	28	2	59	0	0.0227044	0	0
poi-10-3	2	1.33	28	2	119	301	0.0814211	1	2.42E-05
poi-10-3	2	1.33	28	3	59	0	0.0234886	0	0
poi-10-3	2	1.33	28	3	119	301	0.0857308	15	0.0002709
poi-10-4	1	0.67	13	1	59	163	0.0207777	0	0
poi-10-4	1	0.67	13	1	118	324	0.0359996	0	0
poi-10-4	1	0.67	13	2	59	163	0.0214294	0	0
poi-10-4	1	0.67	13	2	118	324	0.0366504	0	0
poi-10-4	1	0.67	13	3	59	163	0.021988	0	0
poi-10-4	1	0.67	13	3	118	324	0.0371788	0	0
poi-10-4	1	0.67	26	1	59	173	0.031855	0	0
poi-10-4	1	0.67	26	1	118	340	0.0513805	67	0.0007605
poi-10-4	1	0.67	26	2	59	173	0.0336645	0	0
poi-10-4	1	0.67	26	2	118	340	0.0542947	93	0.0010651
poi-10-4	1	0.67	26	3	59	173	0.0354128	0	0
poi-10-4	1	0.67	26	3	118	340	0.0567018	55	0.0006806
poi-10-4	1	1	13	1	59	163	0.0230067	0	0
poi-10-4	1	1	13	1	118	324	0.0605263	0	0
poi-10-4	1	1	13	2	59	163	0.023728	0	0
poi-10-4	1	1	13	2	118	324	0.0615906	0	0
poi-10-4	1	1	13	3	59	163	0.0242306	0	0
poi-10-4	1	1	13	3	118	324	0.0625555	0	0
poi-10-4	1	1	26	1	59	179	0.0297117	0	0
poi-10-4	1	1	26	1	118	358	0.0656827	25	0.0003391
poi-10-4	1	1	26	2	59	179	0.0322151	0	0
poi-10-4	1	1	26	2	118	358	0.0702278	2	2.93E-05
poi-10-4	1	1	26	3	59	179	0.0343951	0	0
poi-10-4	1	1	26	3	118	358	0.0761081	4	7.39E-05
poi-10-4	1	1.33	13	1	59	163	0.0231183	0	0
poi-10-4	1	1.33	13	1	118	324	0.0606518	0	0
poi-10-4	1	1.33	13	2	59	163	0.0235641	0	0
poi-10-4	1	1.33	13	2	118	324	0.0616094	0	0
poi-10-4	1	1.33	13	3	59	163	0.0242435	0	0
poi-10-4	1	1.33	13	3	118	324	0.0628559	0	0
poi-10-4	1	1.33	26	1	59	184	0.0289125	0	0
poi-10-4	1	1.33	26	1	118	399	0.0915795	0	0
poi-10-4	1	1.33	26	2	59	184	0.0312676	0	0
poi-10-4	1	1.33	26	2	118	399	0.0917961	0	0
poi-10-4	1	1.33	26	3	59	184	0.0332591	0	0
poi-10-4	1	1.33	26	3	118	399	0.098283	0	0
poi-10-4	2	0.67	13	1	59	163	0.0209928	0	0
poi-10-4	2	0.67	13	1	118	324	0.0359679	0	0
poi-10-4	2	0.67	13	2	59	163	0.0214553	0	0
poi-10-4	2	0.67	13	2	118	324	0.0364797	0	0
poi-10-4	2	0.67	13	3	59	163	0.021896	0	0
poi-10-4	2	0.67	13	3	118	324	0.0371037	0	0
poi-10-4	2	0.67	26	1	59	173	0.0322642	0	0
poi-10-4	2	0.67	26	1	118	340	0.0513166	5	6.67E-05
poi-10-4	2	0.67	26	2	59	173	0.0343705	0	0
poi-10-4	2	0.67	26	2	118	340	0.0543276	32	0.0003466
poi-10-4	2	0.67	26	3	59	173	0.0363971	0	0
poi-10-4	2	0.67	26	3	118	340	0.057318	42	0.0004712
poi-10-4	2	1	13	1	59	163	0.0230554	0	0
poi-10-4	2	1	13	1	118	324	0.0607197	0	0
poi-10-4	2	1	13	2	59	163	0.0235778	0	0
poi-10-4	2	1	13	2	118	324	0.0621329	0	0
poi-10-4	2	1	13	3	59	163	0.0243214	0	0
poi-10-4	2	1	13	3	118	324	0.0629197	0	0
poi-10-4	2	1	26	1	59	179	0.0301333	0	0
poi-10-4	2	1	26	1	118	358	0.0645708	1	2.27E-05
poi-10-4	2	1	26	2	59	179	0.0326432	0	0
poi-10-4	2	1	26	2	118	358	0.070437	3	4.27E-05
poi-10-4	2	1	26	3	59	179	0.0353287	0	0
poi-10-4	2	1	26	3	118	358	0.0758945	10	0.0002385
poi-10-4	2	1.33	13	1	59	163	0.0231862	0	0
poi-10-4	2	1.33	13	1	118	324	0.0611441	0	0
poi-10-4	2	1.33	13	2	59	163	0.023818	0	0
poi-10-4	2	1.33	13	2	118	324	0.0619931	0	0
poi-10-4	2	1.33	13	3	59	163	0.0243679	0	0
poi-10-4	2	1.33	13	3	118	324	0.0629518	0	0
poi-10-4	2	1.33	26	1	59	184	0.029409	0	0
poi-10-4	2	1.33	26	1	118	399	0.0819512	0	0
poi-10-4	2	1.33	26	2	59	184	0.0319812	0	0
poi-10-4	2	1.33	26	2	118	399	0.0931126	0	0
poi-10-4	2	1.33	26	3	59	184	0.0342564	0	0
poi-10-4	2	1.33	26	3	118	399	0.0995691	0	0
poi-10-5	1	0.67	14	1	52	109	0.0285107	2	1.41E-05
poi-10-5	1	0.67	14	1	104	215	0.036441	0	0
poi-10-5	1	0.67	14	2	52	109	0.0291932	2	1.36E-05
poi-10-5	1	0.67	14	2	104	215	0.0371039	0	0
poi-10-5	1	0.67	14	3	52	109	0.029714	3	1.98E-05
poi-10-5	1	0.67	14	3	104	215	0.0377721	0	0
poi-10-5	1	0.67	28	1	52	109	0.0311744	2	1.4E-05
poi-10-5	1	0.67	28	1	104	215	0.048254	0	0
poi-10-5	1	0.67	28	2	52	109	0.0318517	7	4.9E-05
poi-10-5	1	0.67	28	2	104	215	0.0530893	0	0
poi-10-5	1	0.67	28	3	52	109	0.0327158	2	1.47E-05
poi-10-5	1	0.67	28	3	104	215	0.0568853	0	0
poi-10-5	1	1	14	1	52	109	0.0345268	3	2.41E-05
poi-10-5	1	1	14	1	104	215	0.0626168	0	0
poi-10-5	1	1	14	2	52	109	0.0356085	7	5.78E-05
poi-10-5	1	1	14	2	104	215	0.0638327	0	0
poi-10-5	1	1	14	3	52	109	0.0366914	2	1.54E-05
poi-10-5	1	1	14	3	104	215	0.0655012	0	0
poi-10-5	1	1	28	1	52	109	0.0380528	3	2.56E-05
poi-10-5	1	1	28	1	104	215	0.0642002	0	0
poi-10-5	1	1	28	2	52	109	0.0406704	1	7.5E-06
poi-10-5	1	1	28	2	104	222	0.0770526	1	1.88E-05
poi-10-5	1	1	28	3	52	109	0.0427367	1	7.1E-06
poi-10-5	1	1	28	3	104	222	0.0804344	6	0.0001031
poi-10-5	1	1.33	14	1	52	126	0.0339991	0	0
poi-10-5	1	1.33	14	1	104	235	0.0620971	0	0
poi-10-5	1	1.33	14	2	52	126	0.0349305	0	0
poi-10-5	1	1.33	14	2	104	235	0.0637241	0	0
poi-10-5	1	1.33	14	3	52	126	0.0357136	0	0
poi-10-5	1	1.33	14	3	104	235	0.064947	0	0
poi-10-5	1	1.33	28	1	52	126	0.0379597	0	0
poi-10-5	1	1.33	28	1	104	256	0.0656131	0	0
poi-10-5	1	1.33	28	2	52	126	0.0407892	0	0
poi-10-5	1	1.33	28	2	104	264	0.0712286	42	0.0007007
poi-10-5	1	1.33	28	3	52	126	0.0428938	0	0
poi-10-5	1	1.33	28	3	104	264	0.0755536	24	0.0004191
poi-10-5	2	0.67	14	1	52	109	0.028594	9	5.59E-05
poi-10-5	2	0.67	14	1	104	215	0.0361131	0	0
poi-10-5	2	0.67	14	2	52	109	0.0291418	1	7E-06
poi-10-5	2	0.67	14	2	104	215	0.0371187	0	0
poi-10-5	2	0.67	14	3	52	109	0.0298842	3	1.95E-05
poi-10-5	2	0.67	14	3	104	215	0.0377619	0	0
poi-10-5	2	0.67	28	1	52	109	0.030906	6	4.07E-05
poi-10-5	2	0.67	28	1	104	215	0.0481244	0	0
poi-10-5	2	0.67	28	2	52	109	0.0319813	12	8.6E-05
poi-10-5	2	0.67	28	2	104	215	0.0536078	0	0
poi-10-5	2	0.67	28	3	52	109	0.0328465	1	7.4E-06
poi-10-5	2	0.67	28	3	104	215	0.0572136	0	0
poi-10-5	2	1	14	1	52	109	0.0347564	11	8.91E-05
poi-10-5	2	1	14	1	104	215	0.0626154	0	0
poi-10-5	2	1	14	2	52	109	0.035775	6	4.92E-05
poi-10-5	2	1	14	2	104	215	0.0641527	0	0
poi-10-5	2	1	14	3	52	109	0.0369085	1	6.9E-06
poi-10-5	2	1	14	3	104	215	0.0656789	0	0
poi-10-5	2	1	28	1	52	109	0.0383517	5	4.44E-05
poi-10-5	2	1	28	1	104	215	0.0678427	0	0
poi-10-5	2	1	28	2	52	109	0.0410802	1	7.3E-06
poi-10-5	2	1	28	2	104	222	0.0726116	4	0.0001335
poi-10-5	2	1	28	3	52	109	0.0438843	1	7.6E-06
poi-10-5	2	1	28	3	104	222	0.0778334	2	4.22E-05
poi-10-5	2	1.33	14	1	52	126	0.0339029	0	0
poi-10-5	2	1.33	14	1	104	235	0.0623415	0	0
poi-10-5	2	1.33	14	2	52	126	0.0348384	0	0
poi-10-5	2	1.33	14	2	104	235	0.0634627	0	0
poi-10-5	2	1.33	14	3	52	126	0.0360369	0	0
poi-10-5	2	1.33	14	3	104	235	0.0650415	0	0
poi-10-5	2	1.33	28	1	52	126	0.0383377	0	0
poi-10-5	2	1.33	28	1	104	256	0.0704713	0	0
poi-10-5	2	1.33	28	2	52	126	0.0410075	0	0
poi-10-5	2	1.33	28	2	104	264	0.0755779	19	0.0002751
poi-10-5	2	1.33	28	3	52	126	0.0436578	0	0
poi-10-5	2	1.33	28	3	104	264	0.0826207	85	0.0014761
poi-20-1	1	0.67	14	1	79	301	0.0845779	0	0
poi-20-1	1	0.67	14	1	159	634	0.1217589	0	0
poi-20-1	1	0.67	14	2	79	301	0.0858483	0	0
poi-20-1	1	0.67	14	2	159	634	0.1257404	0	0
poi-20-1	1	0.67	14	3	79	301	0.0879064	0	0
poi-20-1	1	0.67	14	3	159	634	0.1274395	0	0
poi-20-1	1	0.67	28	1	79	301	0.1289551	0	0
poi-20-1	1	0.67	28	1	159	659	0.2068365	75	0.0026215
poi-20-1	1	0.67	28	2	79	353	0.1555012	239	0.0073449
poi-20-1	1	0.67	28	2	159	680	0.4261414	3661	0.1769174
poi-20-1	1	0.67	28	3	79	363	0.16843	10	0.0003388
poi-20-1	1	0.67	28	3	159	714	0.4474096	3072	0.167854
poi-20-1	1	1	14	1	79	301	0.1048	0	0
poi-20-1	1	1	14	1	159	644	0.2267207	10	0.0003335
poi-20-1	1	1	14	2	79	301	0.108923	0	0
poi-20-1	1	1	14	2	159	644	0.3018052	2134	0.0899176
poi-20-1	1	1	14	3	79	301	0.1116416	0	0
poi-20-1	1	1	14	3	159	644	0.3583507	3364	0.1446094
poi-20-1	1	1	28	1	79	336	0.1176295	52	0.0014554
poi-20-1	1	1	28	1	159	724	0.4455748	3554	0.1870966
poi-20-1	1	1	28	2	79	406	0.1323823	4	0.0001204
poi-20-1	1	1	28	2	159	765	0.2671998	101	0.0053419
poi-20-1	1	1	28	3	79	427	0.1429524	8	0.0002527
poi-20-1	1	1	28	3	159	822	0.3814972	1907	0.1053552
poi-20-1	1	1.33	14	1	79	352	0.1082702	0	0
poi-20-1	1	1.33	14	1	159	713	0.4115876	4171	0.1859897
poi-20-1	1	1.33	14	2	79	352	0.1133929	0	0
poi-20-1	1	1.33	14	2	159	742	0.2072827	356	0.0136807
poi-20-1	1	1.33	14	3	79	352	0.1162937	0	0
poi-20-1	1	1.33	14	3	159	742	0.2213246	647	0.0248981
poi-20-1	1	1.33	28	1	79	372	0.1187734	1	2.96E-05
poi-20-1	1	1.33	28	1	159	847	0.4410472	2968	0.1649469
poi-20-1	1	1.33	28	2	79	457	0.1299867	16	0.0004718
poi-20-1	1	1.33	28	2	159	912	0.381577	1963	0.1072872
poi-20-1	1	1.33	28	3	79	525	0.1406094	36	0.0010657
poi-20-1	1	1.33	28	3	159	939	0.3031119	362	0.0204662
poi-20-1	2	0.67	14	1	79	301	0.0840493	0	0
poi-20-1	2	0.67	14	1	159	634	0.1228851	0	0
poi-20-1	2	0.67	14	2	79	301	0.0856059	0	0
poi-20-1	2	0.67	14	2	159	634	0.1250322	0	0
poi-20-1	2	0.67	14	3	79	301	0.0877494	0	0
poi-20-1	2	0.67	14	3	159	634	0.1266638	0	0
poi-20-1	2	0.67	28	1	79	317	0.1261728	25	0.0007147
poi-20-1	2	0.67	28	1	159	684	0.2559848	641	0.0255908
poi-20-1	2	0.67	28	2	79	363	0.155618	50	0.0014951
poi-20-1	2	0.67	28	2	159	733	0.3437988	905	0.0512929
poi-20-1	2	0.67	28	3	79	363	0.186162	28	0.000974
poi-20-1	2	0.67	28	3	159	735	0.3730245	797	0.0466287
poi-20-1	2	1	14	1	79	301	0.1037966	0	0
poi-20-1	2	1	14	1	159	647	0.4649937	5481	0.2442289
poi-20-1	2	1	14	2	79	301	0.1067211	0	0
poi-20-1	2	1	14	2	159	684	0.2869312	1760	0.0745448
poi-20-1	2	1	14	3	79	301	0.1104239	0	0
poi-20-1	2	1	14	3	159	643	0.2528178	852	0.0369335
poi-20-1	2	1	28	1	79	365	0.1455409	957	0.0238154
poi-20-1	2	1	28	1	159	793	0.2461585	259	0.0123495
poi-20-1	2	1	28	2	79	443	0.1903706	1468	0.0444564
poi-20-1	2	1	28	2	159	884	0.2413397	232	0.0104812
poi-20-1	2	1	28	3	79	447	0.1595251	2	7.31E-05
poi-20-1	2	1	28	3	159	884	0.3388204	2102	0.1012284
poi-20-1	2	1.33	14	1	79	352	0.1084928	0	0
poi-20-1	2	1.33	14	1	159	727	0.3467635	2960	0.1278646
poi-20-1	2	1.33	14	2	79	352	0.1092854	0	0
poi-20-1	2	1.33	14	2	159	754	0.2342828	1148	0.0422901
poi-20-1	2	1.33	14	3	79	352	0.1130313	0	0
poi-20-1	2	1.33	14	3	159	762	0.4219576	5862	0.2282033
poi-20-1	2	1.33	28	1	79	438	0.2155311	3164	0.084161
poi-20-1	2	1.33	28	1	159	953	0.302882	1134	0.0568208
poi-20-1	2	1.33	28	2	79	538	0.16749	393	0.0123122
poi-20-1	2	1.33	28	2	159	1039	0.3041593	1235	0.060403
poi-20-1	2	1.33	28	3	79	561	0.1978008	392	0.0142327
poi-20-1	2	1.33	28	3	159	1072	0.4323984	3614	0.1807336
poi-20-2	1	0.67	13	1	80	291	0.0756625	0	0
poi-20-2	1	0.67	13	1	160	691	0.2360162	5097	0.1182206
poi-20-2	1	0.67	13	2	80	291	0.0764621	0	0
poi-20-2	1	0.67	13	2	160	699	0.1325974	581	0.0128649
poi-20-2	1	0.67	13	3	80	291	0.0777138	0	0
poi-20-2	1	0.67	13	3	160	699	0.1615644	1662	0.0394312
poi-20-2	1	0.67	26	1	80	335	0.1434241	1	3.17E-05
poi-20-2	1	0.67	26	1	160	744	0.3078782	1560	0.0717754
poi-20-2	1	0.67	26	2	80	335	0.1569562	2	0.000186
poi-20-2	1	0.67	26	2	160	760	0.30312	190	0.0106082
poi-20-2	1	0.67	26	3	80	335	0.1693885	1	5.61E-05
poi-20-2	1	0.67	26	3	160	760	0.3424568	412	0.0243405
poi-20-2	1	1	13	1	80	291	0.1115097	0	0
poi-20-2	1	1	13	1	160	701	0.2011311	16	0.000675
poi-20-2	1	1	13	2	80	291	0.1135419	0	0
poi-20-2	1	1	13	2	160	713	0.2034666	87	0.0032784
poi-20-2	1	1	13	3	80	291	0.1159557	0	0
poi-20-2	1	1	13	3	160	713	0.2022022	9	0.0004138
poi-20-2	1	1	26	1	80	359	0.1723769	1002	0.0292626
poi-20-2	1	1	26	1	160	824	0.3771347	3093	0.1449614
poi-20-2	1	1	26	2	80	359	0.1661999	0	0
poi-20-2	1	1	26	2	160	864	0.2439156	84	0.0043168
poi-20-2	1	1	26	3	80	366	0.271373	2413	0.0888904
poi-20-2	1	1	26	3	160	864	0.2519475	125	0.0064094
poi-20-2	1	1.33	13	1	80	306	0.110917	0	0
poi-20-2	1	1.33	13	1	160	732	0.198183	92	0.0035154
poi-20-2	1	1.33	13	2	80	306	0.1121769	0	0
poi-20-2	1	1.33	13	2	160	747	0.1976253	86	0.0031939
poi-20-2	1	1.33	13	3	80	306	0.1152384	0	0
poi-20-2	1	1.33	13	3	160	747	0.2011937	103	0.0040444
poi-20-2	1	1.33	26	1	80	438	0.3370079	5439	0.1742549
poi-20-2	1	1.33	26	1	160	981	0.4444399	4425	0.2078076
poi-20-2	1	1.33	26	2	80	441	0.334213	4026	0.1532796
poi-20-2	1	1.33	26	2	160	1040	0.3373041	1913	0.0933178
poi-20-2	1	1.33	26	3	80	441	0.2787243	2021	0.0836094
poi-20-2	1	1.33	26	3	160	1040	0.3034928	1109	0.0553304
poi-20-2	2	0.67	13	1	80	291	0.075014	0	0
poi-20-2	2	0.67	13	1	160	696	0.1216274	33	0.0008266
poi-20-2	2	0.67	13	2	80	291	0.0759675	0	0
poi-20-2	2	0.67	13	2	160	699	0.1445215	916	0.0218658
poi-20-2	2	0.67	13	3	80	291	0.0779496	0	0
poi-20-2	2	0.67	13	3	160	699	0.1352614	471	0.010746
poi-20-2	2	0.67	26	1	80	335	0.1326914	6	0.0001854
poi-20-2	2	0.67	26	1	160	776	0.2850115	1081	0.0496127
poi-20-2	2	0.67	26	2	80	335	0.1502876	2	6.43E-05
poi-20-2	2	0.67	26	2	160	791	0.4093618	2516	0.1346522
poi-20-2	2	0.67	26	3	80	335	0.1628615	2	7.76E-05
poi-20-2	2	0.67	26	3	160	791	0.4440974	2593	0.1502888
poi-20-2	2	1	13	1	80	291	0.1098694	0	0
poi-20-2	2	1	13	1	160	716	0.2064794	92	0.00343
poi-20-2	2	1	13	2	80	291	0.1122283	0	0
poi-20-2	2	1	13	2	160	716	0.2038406	5	0.0002318
poi-20-2	2	1	13	3	80	291	0.1153901	0	0
poi-20-2	2	1	13	3	160	716	0.2105449	77	0.0029694
poi-20-2	2	1	26	1	80	359	0.1498052	3	9.89E-05
poi-20-2	2	1	26	1	160	902	0.2649443	1401	0.0582724
poi-20-2	2	1	26	2	80	465	0.3033251	3964	0.1351033
poi-20-2	2	1	26	2	160	927	0.2287498	254	0.01123
poi-20-2	2	1	26	3	80	465	0.2969757	3012	0.1143851
poi-20-2	2	1	26	3	160	927	0.2361858	212	0.0098233
poi-20-2	2	1.33	13	1	80	306	0.1104289	0	0
poi-20-2	2	1.33	13	1	160	750	0.1983374	17	0.0006964
poi-20-2	2	1.33	13	2	80	306	0.1122206	0	0
poi-20-2	2	1.33	13	2	160	750	0.1996384	17	0.0005946
poi-20-2	2	1.33	13	3	80	306	0.1151219	0	0
poi-20-2	2	1.33	13	3	160	750	0.2043277	42	0.0016144
poi-20-2	2	1.33	26	1	80	438	0.1639559	3	0.0001276
poi-20-2	2	1.33	26	1	160	1065	0.3417775	3243	0.1352068
poi-20-2	2	1.33	26	2	80	547	0.3978596	7252	0.2358248
poi-20-2	2	1.33	26	2	160	1101	0.230292	77	0.0034716
poi-20-2	2	1.33	26	3	80	441	0.2871215	3564	0.1199367
poi-20-2	2	1.33	26	3	160	1101	0.2565744	541	0.0259298
poi-20-3	1	0.67	15	1	85	336	0.0859509	0	0
poi-20-3	1	0.67	15	1	171	743	0.1260938	202	0.0042507
poi-20-3	1	0.67	15	2	85	336	0.0881969	0	0
poi-20-3	1	0.67	15	2	171	743	0.1238622	17	0.0003313
poi-20-3	1	0.67	15	3	85	336	0.0901517	0	0
poi-20-3	1	0.67	15	3	171	743	0.1253887	9	0.0002598
poi-20-3	1	0.67	31	1	85	336	0.1272611	0	0
poi-20-3	1	0.67	31	1	171	769	0.1975212	4	0.0001438
poi-20-3	1	0.67	31	2	85	336	0.1421445	0	0
poi-20-3	1	0.67	31	2	171	769	0.2446359	23	0.0009686
poi-20-3	1	0.67	31	3	85	336	0.1550664	0	0
poi-20-3	1	0.67	31	3	171	769	0.2750931	56	0.0029191
poi-20-3	1	1	15	1	85	336	0.1164625	0	0
poi-20-3	1	1	15	1	171	773	0.2110497	72	0.0028822
poi-20-3	1	1	15	2	85	336	0.1265183	0	0
poi-20-3	1	1	15	2	171	773	0.2093533	10	0.0004032
poi-20-3	1	1	15	3	85	336	0.1296475	0	0
poi-20-3	1	1	15	3	171	773	0.2177121	102	0.0042241
poi-20-3	1	1	31	1	85	336	0.1176679	0	0
poi-20-3	1	1	31	1	171	812	0.2695701	319	0.0164224
poi-20-3	1	1	31	2	85	372	0.135431	3	0.0001138
poi-20-3	1	1	31	2	171	859	0.3483098	1929	0.0968539
poi-20-3	1	1	31	3	85	431	0.157576	93	0.003115
poi-20-3	1	1	31	3	171	859	0.2769997	219	0.0116904
poi-20-3	1	1.33	15	1	85	375	0.1223304	0	0
poi-20-3	1	1.33	15	1	171	832	0.2688214	1374	0.0565969
poi-20-3	1	1.33	15	2	85	375	0.1253117	0	0
poi-20-3	1	1.33	15	2	171	840	0.2139564	87	0.0036343
poi-20-3	1	1.33	15	3	85	375	0.130295	0	0
poi-20-3	1	1.33	15	3	171	840	0.2188358	85	0.0036813
poi-20-3	1	1.33	31	1	85	419	0.1391424	0	0
poi-20-3	1	1.33	31	1	171	955	0.5157875	4606	0.2476756
poi-20-3	1	1.33	31	2	85	441	0.1509336	204	0.0060623
poi-20-3	1	1.33	31	2	171	1038	0.4891124	4268	0.2243237
poi-20-3	1	1.33	31	3	85	540	0.1587858	133	0.0045805
poi-20-3	1	1.33	31	3	171	1115	0.3078736	547	0.0304131
poi-20-3	2	0.67	15	1	85	336	0.0865254	0	0
poi-20-3	2	0.67	15	1	171	755	0.1258617	29	0.0007022
poi-20-3	2	0.67	15	2	85	336	0.0886825	0	0
poi-20-3	2	0.67	15	2	171	755	0.1291906	94	0.002094
poi-20-3	2	0.67	15	3	85	336	0.0901541	0	0
poi-20-3	2	0.67	15	3	171	755	0.131843	144	0.0033926
poi-20-3	2	0.67	31	1	85	336	0.1271922	0	0
poi-20-3	2	0.67	31	1	171	769	0.2246473	47	0.0018622
poi-20-3	2	0.67	31	2	85	336	0.1416837	0	0
poi-20-3	2	0.67	31	2	171	769	0.2830712	62	0.0030729
poi-20-3	2	0.67	31	3	85	336	0.1544817	0	0
poi-20-3	2	0.67	31	3	171	801	0.4391417	2387	0.1404111
poi-20-3	2	1	15	1	85	336	0.1134367	0	0
poi-20-3	2	1	15	1	171	773	0.2074939	34	0.0012822
poi-20-3	2	1	15	2	85	336	0.1168645	0	0
poi-20-3	2	1	15	2	171	773	0.2062418	27	0.0010815
poi-20-3	2	1	15	3	85	336	0.1202078	0	0
poi-20-3	2	1	15	3	171	773	0.2094929	33	0.0013573
poi-20-3	2	1	31	1	85	372	0.1130016	24	0.0006736
poi-20-3	2	1	31	1	171	859	0.2349666	290	0.0126477
poi-20-3	2	1	31	2	85	475	0.1353041	55	0.0016612
poi-20-3	2	1	31	2	171	957	0.2534194	581	0.0261221
poi-20-3	2	1	31	3	85	483	0.1522718	4	0.0001238
poi-20-3	2	1	31	3	171	999	0.3031895	1339	0.0641602
poi-20-3	2	1.33	15	1	85	375	0.1214304	0	0
poi-20-3	2	1.33	15	1	171	833	0.211264	57	0.0023848
poi-20-3	2	1.33	15	2	85	375	0.1253142	0	0
poi-20-3	2	1.33	15	2	171	841	0.2106119	69	0.002835
poi-20-3	2	1.33	15	3	85	375	0.128003	0	0
poi-20-3	2	1.33	15	3	171	841	0.2123416	37	0.0015184
poi-20-3	2	1.33	31	1	85	441	0.1309233	249	0.0066802
poi-20-3	2	1.33	31	1	171	1023	0.2970245	1594	0.0714486
poi-20-3	2	1.33	31	2	85	598	0.1473099	94	0.0030693
poi-20-3	2	1.33	31	2	171	1178	0.3919538	3393	0.1583512
poi-20-3	2	1.33	31	3	85	608	0.1648494	32	0.0010833
poi-20-3	2	1.33	31	3	171	1241	0.5084167	5209	0.2583404
poi-20-4	1	0.67	13	1	78	412	0.0893808	0	0
poi-20-4	1	0.67	13	1	157	797	0.132405	37	0.0007732
poi-20-4	1	0.67	13	2	78	412	0.0907049	0	0
poi-20-4	1	0.67	13	2	157	797	0.1342957	30	0.0006661
poi-20-4	1	0.67	13	3	78	412	0.0929077	0	0
poi-20-4	1	0.67	13	3	157	797	0.1365898	19	0.0004042
poi-20-4	1	0.67	26	1	78	412	0.1363524	0	0
poi-20-4	1	0.67	26	1	157	797	0.2232141	8	0.0004175
poi-20-4	1	0.67	26	2	78	412	0.1503005	0	0
poi-20-4	1	0.67	26	2	157	804	0.4369626	2849	0.1595051
poi-20-4	1	0.67	26	3	78	412	0.1655357	0	0
poi-20-4	1	0.67	26	3	157	817	0.3733773	963	0.0596432
poi-20-4	1	1	13	1	78	412	0.1201815	0	0
poi-20-4	1	1	13	1	157	811	0.2333832	1	6.78E-05
poi-20-4	1	1	13	2	78	412	0.1235727	0	0
poi-20-4	1	1	13	2	157	811	0.2402174	9	0.0003891
poi-20-4	1	1	13	3	78	412	0.1275011	0	0
poi-20-4	1	1	13	3	157	811	0.2423263	14	0.0006441
poi-20-4	1	1	26	1	78	429	0.1456567	33	0.0011275
poi-20-4	1	1	26	1	157	841	0.2623155	133	0.0067857
poi-20-4	1	1	26	2	78	469	0.1658589	24	0.0009436
poi-20-4	1	1	26	2	157	880	0.3537377	1955	0.0989084
poi-20-4	1	1	26	3	78	511	0.2366878	1450	0.0552738
poi-20-4	1	1	26	3	157	917	0.265895	22	0.0014196
poi-20-4	1	1.33	13	1	78	466	0.1219708	0	0
poi-20-4	1	1.33	13	1	157	865	0.2345488	41	0.0017079
poi-20-4	1	1.33	13	2	78	479	0.1290138	6	0.0001652
poi-20-4	1	1.33	13	2	157	892	0.2336657	5	0.0002542
poi-20-4	1	1.33	13	3	78	479	0.1329663	3	8.27E-05
poi-20-4	1	1.33	13	3	157	892	0.2337903	38	0.0017651
poi-20-4	1	1.33	26	1	78	510	0.4543404	7385	0.275366
poi-20-4	1	1.33	26	1	157	1014	0.4519529	3478	0.1856337
poi-20-4	1	1.33	26	2	78	538	0.1578154	4	0.0001526
poi-20-4	1	1.33	26	2	157	1045	0.3362472	1180	0.0645593
poi-20-4	1	1.33	26	3	78	585	0.2121802	1428	0.0476204
poi-20-4	1	1.33	26	3	157	1071	0.3565654	1391	0.0758274
poi-20-4	2	0.67	13	1	78	412	0.0886547	0	0
poi-20-4	2	0.67	13	1	157	797	0.1334521	56	0.0012597
poi-20-4	2	0.67	13	2	78	412	0.0904179	0	0
poi-20-4	2	0.67	13	2	157	797	0.1345637	2	5.82E-05
poi-20-4	2	0.67	13	3	78	412	0.0923496	0	0
poi-20-4	2	0.67	13	3	157	797	0.1371477	13	0.0002862
poi-20-4	2	0.67	26	1	78	412	0.1299906	0	0
poi-20-4	2	0.67	26	1	157	879	0.2829175	951	0.0431893
poi-20-4	2	0.67	26	2	78	412	0.1463758	0	0
poi-20-4	2	0.67	26	2	157	903	0.3072854	668	0.0330333
poi-20-4	2	0.67	26	3	78	412	0.16124	0	0
poi-20-4	2	0.67	26	3	157	903	0.4134234	1932	0.1118836
poi-20-4	2	1	13	1	78	412	0.1169966	0	0
poi-20-4	2	1	13	1	157	811	0.2259986	3	0.0001456
poi-20-4	2	1	13	2	78	412	0.1214064	0	0
poi-20-4	2	1	13	2	157	811	0.2306009	10	0.000485
poi-20-4	2	1	13	3	78	412	0.1252787	0	0
poi-20-4	2	1	13	3	157	811	0.2327864	9	0.000384
poi-20-4	2	1	26	1	78	478	0.1404609	122	0.0035097
poi-20-4	2	1	26	1	157	961	0.3037068	1879	0.0818234
poi-20-4	2	1	26	2	78	520	0.1810187	61	0.0023773
poi-20-4	2	1	26	2	157	998	0.2996773	1759	0.0785183
poi-20-4	2	1	26	3	78	520	0.1981229	9	0.0003652
poi-20-4	2	1	26	3	157	998	0.2364433	41	0.0019467
poi-20-4	2	1.33	13	1	78	466	0.1207797	0	0
poi-20-4	2	1.33	13	1	157	865	0.2275735	12	0.0005747
poi-20-4	2	1.33	13	2	78	479	0.1283039	2	5.01E-05
poi-20-4	2	1.33	13	2	157	892	0.2300384	70	0.0029843
poi-20-4	2	1.33	13	3	78	479	0.1319372	6	0.0001581
poi-20-4	2	1.33	13	3	157	892	0.2306992	2	0.0001192
poi-20-4	2	1.33	26	1	78	550	0.1742136	7	0.0002985
poi-20-4	2	1.33	26	1	157	1064	0.2741606	1121	0.0499507
poi-20-4	2	1.33	26	2	78	594	0.1613757	17	0.0007062
poi-20-4	2	1.33	26	2	157	1135	0.3299044	2126	0.0983346
poi-20-4	2	1.33	26	3	78	609	0.2467248	1535	0.0576444
poi-20-4	2	1.33	26	3	157	1170	0.2649018	329	0.0163956
poi-20-5	1	0.67	13	1	74	303	0.1033431	161	0.0033693
poi-20-5	1	0.67	13	1	149	726	0.1603122	1223	0.0309307
poi-20-5	1	0.67	13	2	74	303	0.1108607	377	0.0078371
poi-20-5	1	0.67	13	2	149	726	0.2133072	3022	0.0800284
poi-20-5	1	0.67	13	3	74	303	0.1077308	58	0.0012897
poi-20-5	1	0.67	13	3	149	726	0.1898954	2069	0.0549169
poi-20-5	1	0.67	26	1	74	308	0.1440794	95	0.002873
poi-20-5	1	0.67	26	1	149	739	0.3153025	3101	0.1197681
poi-20-5	1	0.67	26	2	74	334	0.1556261	15	0.0004252
poi-20-5	1	0.67	26	2	149	763	0.251366	670	0.0267166
poi-20-5	1	0.67	26	3	74	334	0.1633722	9	0.0003214
poi-20-5	1	0.67	26	3	149	763	0.2426788	65	0.0029012
poi-20-5	1	1	13	1	74	333	0.1007957	40	0.0008923
poi-20-5	1	1	13	1	149	739	0.2241168	66	0.0029897
poi-20-5	1	1	13	2	74	333	0.1094735	2	3.78E-05
poi-20-5	1	1	13	2	149	762	0.221669	8	0.0003172
poi-20-5	1	1	13	3	74	333	0.1123388	24	0.0004898
poi-20-5	1	1	13	3	149	762	0.228124	43	0.0018194
poi-20-5	1	1	26	1	74	341	0.1267704	3	7.27E-05
poi-20-5	1	1	26	1	149	824	0.2589286	432	0.020596
poi-20-5	1	1	26	2	74	380	0.1406364	9	0.0003461
poi-20-5	1	1	26	2	149	824	0.2410305	1	5.7E-05
poi-20-5	1	1	26	3	74	380	0.1484491	2	4.59E-05
poi-20-5	1	1	26	3	149	851	0.3521711	2053	0.1026901
poi-20-5	1	1.33	13	1	74	361	0.1111217	1	1.76E-05
poi-20-5	1	1.33	13	1	149	799	0.3058157	2004	0.0866131
poi-20-5	1	1.33	13	2	74	361	0.1173158	12	0.0004212
poi-20-5	1	1.33	13	2	149	843	0.2294444	175	0.0075281
poi-20-5	1	1.33	13	3	74	361	0.1178085	8	0.0002009
poi-20-5	1	1.33	13	3	149	855	0.2248432	11	0.0005272
poi-20-5	1	1.33	26	1	74	405	0.1878313	2071	0.0551507
poi-20-5	1	1.33	26	1	149	963	0.2602567	19	0.0010094
poi-20-5	1	1.33	26	2	74	456	0.2011119	1482	0.0458679
poi-20-5	1	1.33	26	2	149	996	0.4642017	4129	0.2107397
poi-20-5	1	1.33	26	3	74	479	0.17901	423	0.014018
poi-20-5	1	1.33	26	3	149	1003	0.439059	3375	0.1773412
poi-20-5	2	0.67	13	1	74	303	0.0982221	52	0.0010928
poi-20-5	2	0.67	13	1	149	726	0.1547611	980	0.0251878
poi-20-5	2	0.67	13	2	74	303	0.1018408	58	0.0012406
poi-20-5	2	0.67	13	2	149	726	0.1451939	487	0.0119603
poi-20-5	2	0.67	13	3	74	303	0.1065095	118	0.0025293
poi-20-5	2	0.67	13	3	149	726	0.1482898	509	0.0134584
poi-20-5	2	0.67	26	1	74	341	0.1413639	15	0.0005178
poi-20-5	2	0.67	26	1	149	785	0.2485262	430	0.0149585
poi-20-5	2	0.67	26	2	74	387	0.1660065	7	0.000244
poi-20-5	2	0.67	26	2	149	785	0.2701863	81	0.0032025
poi-20-5	2	0.67	26	3	74	425	0.1785692	6	0.000208
poi-20-5	2	0.67	26	3	149	785	0.290905	121	0.004571
poi-20-5	2	1	13	1	74	333	0.1070281	3	7.22E-05
poi-20-5	2	1	13	1	149	747	0.2304589	138	0.0058375
poi-20-5	2	1	13	2	74	333	0.1119022	5	0.0001051
poi-20-5	2	1	13	2	149	762	0.2253725	10	0.000452
poi-20-5	2	1	13	3	74	333	0.117358	19	0.0006136
poi-20-5	2	1	13	3	149	762	0.2283215	4	0.0002081
poi-20-5	2	1	26	1	74	390	0.1284605	2	5.15E-05
poi-20-5	2	1	26	1	149	868	0.2353934	780	0.0322719
poi-20-5	2	1	26	2	74	460	0.151511	8	0.0002233
poi-20-5	2	1	26	2	149	902	0.2479239	860	0.0368051
poi-20-5	2	1	26	3	74	517	0.1606566	5	0.0001666
poi-20-5	2	1	26	3	149	902	0.2288947	64	0.0029108
poi-20-5	2	1.33	13	1	74	361	0.1215231	17	0.0004417
poi-20-5	2	1.33	13	1	149	843	0.2695528	1133	0.0469949
poi-20-5	2	1.33	13	2	74	361	0.1301464	14	0.0003895
poi-20-5	2	1.33	13	2	149	855	0.2250608	51	0.0022047
poi-20-5	2	1.33	13	3	74	361	0.135496	1	1.96E-05
poi-20-5	2	1.33	13	3	149	855	0.2284568	77	0.0033461
poi-20-5	2	1.33	26	1	74	456	0.1340104	73	0.0021614
poi-20-5	2	1.33	26	1	149	1014	0.5061932	7393	0.3021417
poi-20-5	2	1.33	26	2	74	528	0.1618216	1	3.57E-05
poi-20-5	2	1.33	26	2	149	1077	0.3777096	3673	0.1608367
poi-20-5	2	1.33	26	3	74	603	0.1714616	3	0.0001244
poi-20-5	2	1.33	26	3	149	1077	0.2805987	831	0.0406166
poi-30-1	1	0.67	13	1	85	463	0.2515774	0	0
poi-30-1	1	0.67	13	1	171	1062	0.3982678	313	0.0185122
poi-30-1	1	0.67	13	2	85	463	0.2708635	0	0
poi-30-1	1	0.67	13	2	171	1062	0.437181	444	0.0310965
poi-30-1	1	0.67	13	3	85	463	0.2883947	0	0
poi-30-1	1	0.67	13	3	171	1062	0.4449938	397	0.0235295
poi-30-1	1	0.67	26	1	85	496	0.4883474	1296	0.0977648
poi-30-1	1	0.67	26	1	171	1102	1.0587868	3846	0.4547798
poi-30-1	1	0.67	26	2	85	526	0.5215783	331	0.0294695
poi-30-1	1	0.67	26	2	171	1117	1.0664092	2307	0.3227339
poi-30-1	1	0.67	26	3	85	568	1.2071522	5310	0.6168124
poi-30-1	1	0.67	26	3	171	1120	1.3321155	3291	0.5324453
poi-30-1	1	1	13	1	85	494	0.3623766	822	0.0521235
poi-30-1	1	1	13	1	171	1093	0.5323424	247	0.0211265
poi-30-1	1	1	13	2	85	500	0.3894939	1262	0.0784601
poi-30-1	1	1	13	2	171	1110	0.6442902	1903	0.1743515
poi-30-1	1	1	13	3	85	540	0.3685063	745	0.0512785
poi-30-1	1	1	13	3	171	1110	0.5816963	1266	0.1124278
poi-30-1	1	1	26	1	85	557	0.7396698	4528	0.3514019
poi-30-1	1	1	26	1	171	1182	0.6957838	572	0.0657505
poi-30-1	1	1	26	2	85	673	0.6306396	2667	0.2182254
poi-30-1	1	1	26	2	171	1229	0.7582147	2114	0.2231217
poi-30-1	1	1	26	3	85	677	0.5147672	438	0.0424171
poi-30-1	1	1	26	3	171	1286	0.6261342	888	0.0943099
poi-30-1	1	1.33	13	1	85	568	0.5983903	3898	0.2630877
poi-30-1	1	1.33	13	1	171	1215	0.556133	367	0.0295295
poi-30-1	1	1.33	13	2	85	585	0.455702	1500	0.1069696
poi-30-1	1	1.33	13	2	171	1231	0.6482387	1687	0.1558648
poi-30-1	1	1.33	13	3	85	619	0.5660387	2947	0.21181
poi-30-1	1	1.33	13	3	171	1239	0.6262956	1532	0.1364391
poi-30-1	1	1.33	26	1	85	669	0.7342812	3216	0.2888823
poi-30-1	1	1.33	26	1	171	1367	0.8365373	1659	0.2011285
poi-30-1	1	1.33	26	2	85	829	1.0270267	6431	0.5811664
poi-30-1	1	1.33	26	2	171	1483	1.0571074	4637	0.4999841
poi-30-1	1	1.33	26	3	85	865	0.8864961	3568	0.3691769
poi-30-1	1	1.33	26	3	171	1569	0.5978823	436	0.0471131
poi-30-1	2	0.67	13	1	85	463	0.2487704	0	0
poi-30-1	2	0.67	13	1	171	1071	0.4075965	206	0.0107548
poi-30-1	2	0.67	13	2	85	486	0.6486864	7164	0.3822904
poi-30-1	2	0.67	13	2	171	1073	0.4771705	899	0.0645075
poi-30-1	2	0.67	13	3	85	463	0.2811754	0	0
poi-30-1	2	0.67	13	3	171	1073	0.45851	528	0.0372623
poi-30-1	2	0.67	26	1	85	590	0.4274909	195	0.0140548
poi-30-1	2	0.67	26	1	171	1204	0.6452572	230	0.0196603
poi-30-1	2	0.67	26	2	85	619	0.551598	411	0.03468
poi-30-1	2	0.67	26	2	171	1231	1.3020753	3736	0.5491691
poi-30-1	2	0.67	26	3	85	619	0.7881951	1978	0.2248665
poi-30-1	2	0.67	26	3	171	1231	1.4096686	3289	0.5517589
poi-30-1	2	1	13	1	85	557	0.4956679	3569	0.2065956
poi-30-1	2	1	13	1	171	1119	0.5193042	147	0.0114923
poi-30-1	2	1	13	2	85	557	0.3082545	220	0.0135447
poi-30-1	2	1	13	2	171	1123	0.4931271	63	0.0049634
poi-30-1	2	1	13	3	85	561	0.3223064	427	0.0266779
poi-30-1	2	1	13	3	171	1123	0.5157735	365	0.0306426
poi-30-1	2	1	26	1	85	677	0.3486947	1	0.0001083
poi-30-1	2	1	26	1	171	1367	0.6248257	1027	0.1029992
poi-30-1	2	1	26	2	85	758	0.4117706	204	0.016459
poi-30-1	2	1	26	2	171	1417	0.5963217	1174	0.1095972
poi-30-1	2	1	26	3	85	808	0.4914374	323	0.0305665
poi-30-1	2	1	26	3	171	1417	0.5975356	1034	0.1003488
poi-30-1	2	1.33	13	1	85	634	0.3826612	1057	0.0688058
poi-30-1	2	1.33	13	1	171	1251	0.5063462	22	0.0018744
poi-30-1	2	1.33	13	2	85	656	0.8865952	7938	0.5473081
poi-30-1	2	1.33	13	2	171	1270	0.8287963	3508	0.3422112
poi-30-1	2	1.33	13	3	85	680	0.6946566	4855	0.342133
poi-30-1	2	1.33	13	3	171	1279	0.5037494	190	0.0142974
poi-30-1	2	1.33	26	1	85	835	0.5356429	2357	0.1722175
poi-30-1	2	1.33	26	1	171	1596	0.5561793	398	0.0373533
poi-30-1	2	1.33	26	2	85	912	0.8600701	5358	0.4474791
poi-30-1	2	1.33	26	2	171	1713	1.1901943	7140	0.6936643
poi-30-1	2	1.33	26	3	85	989	0.8552751	3650	0.3601946
poi-30-1	2	1.33	26	3	171	1737	1.1424978	6458	0.6411999
poi-30-2	1	0.67	12	1	95	641	0.1990582	560	0.0202922
poi-30-2	1	0.67	12	1	190	1164	0.3501101	215	0.0105114
poi-30-2	1	0.67	12	2	95	641	0.1897127	293	0.0133538
poi-30-2	1	0.67	12	2	190	1199	0.4674994	2169	0.1381561
poi-30-2	1	0.67	12	3	95	641	0.2875524	2222	0.0892478
poi-30-2	1	0.67	12	3	190	1199	0.5948651	3962	0.2591098
poi-30-2	1	0.67	25	1	95	654	0.3600408	841	0.0524074
poi-30-2	1	0.67	25	1	190	1239	1.1514694	3772	0.481912
poi-30-2	1	0.67	25	2	95	667	0.4467233	559	0.0454682
poi-30-2	1	0.67	25	2	190	1263	2.1662503	8617	1.3657125
poi-30-2	1	0.67	25	3	95	683	0.835957	3681	0.3544842
poi-30-2	1	0.67	25	3	190	1251	0.9400677	362	0.0500285
poi-30-2	1	1	12	1	95	657	0.2283922	7	0.0002829
poi-30-2	1	1	12	1	190	1201	0.7743823	1902	0.210141
poi-30-2	1	1	12	2	95	680	0.2339833	58	0.0026509
poi-30-2	1	1	12	2	190	1255	0.7666536	1848	0.1988015
poi-30-2	1	1	12	3	95	680	0.2369347	3	0.0001435
poi-30-2	1	1	12	3	190	1255	0.6157267	484	0.0469426
poi-30-2	1	1	25	1	95	701	0.4063653	1333	0.0845131
poi-30-2	1	1	25	1	190	1317	1.2244167	4418	0.568114
poi-30-2	1	1	25	2	95	778	0.6497637	4740	0.3159982
poi-30-2	1	1	25	2	190	1369	0.639345	909	0.0949399
poi-30-2	1	1	25	3	95	840	0.49729	1543	0.1168346
poi-30-2	1	1	25	3	190	1387	0.711235	1913	0.1945507
poi-30-2	1	1.33	12	1	95	755	0.227668	13	0.0006908
poi-30-2	1	1.33	12	1	190	1311	0.6052812	304	0.0266924
poi-30-2	1	1.33	12	2	95	778	0.2384564	48	0.0022641
poi-30-2	1	1.33	12	2	190	1331	0.6322421	751	0.077865
poi-30-2	1	1.33	12	3	95	785	0.2853499	930	0.0451145
poi-30-2	1	1.33	12	3	190	1366	1.0884314	4752	0.529195
poi-30-2	1	1.33	25	1	95	829	0.3872942	456	0.0314079
poi-30-2	1	1.33	25	1	190	1515	1.7959034	8020	1.1041121
poi-30-2	1	1.33	25	2	95	927	0.3703579	301	0.0232846
poi-30-2	1	1.33	25	2	190	1687	1.2262095	6086	0.6728232
poi-30-2	1	1.33	25	3	95	1020	0.4304751	189	0.0159901
poi-30-2	1	1.33	25	3	190	1708	0.7026201	1727	0.1760928
poi-30-2	2	0.67	12	1	95	654	0.1875834	35	0.0012997
poi-30-2	2	0.67	12	1	190	1179	0.3409022	79	0.0033916
poi-30-2	2	0.67	12	2	95	654	0.1842796	58	0.0019751
poi-30-2	2	0.67	12	2	190	1209	0.5057119	2483	0.165793
poi-30-2	2	0.67	12	3	95	654	0.1876436	44	0.0016001
poi-30-2	2	0.67	12	3	190	1209	0.4257331	1367	0.0840041
poi-30-2	2	0.67	25	1	95	803	0.6487815	3830	0.2808871
poi-30-2	2	0.67	25	1	190	1278	1.0551391	2827	0.3723883
poi-30-2	2	0.67	25	2	95	890	0.4761291	202	0.0176749
poi-30-2	2	0.67	25	2	190	1278	1.5063833	5041	0.7572785
poi-30-2	2	0.67	25	3	95	902	0.5692145	70	0.0075056
poi-30-2	2	0.67	25	3	190	1281	0.9948691	1200	0.1816014
poi-30-2	2	1	12	1	95	680	0.229699	31	0.0014428
poi-30-2	2	1	12	1	190	1268	0.6130542	352	0.0305423
poi-30-2	2	1	12	2	95	680	0.2256382	10	0.0005466
poi-30-2	2	1	12	2	190	1268	0.5947581	401	0.0365647
poi-30-2	2	1	12	3	95	680	0.2307541	3	0.0001476
poi-30-2	2	1	12	3	190	1268	0.5640359	4	0.0002364
poi-30-2	2	1	25	1	95	925	0.3083117	149	0.0092064
poi-30-2	2	1	25	1	190	1410	0.5677484	119	0.0094949
poi-30-2	2	1	25	2	95	1067	0.449112	2071	0.130765
poi-30-2	2	1	25	2	190	1410	0.4864099	20	0.0015119
poi-30-2	2	1	25	3	95	1067	0.3410013	239	0.0157355
poi-30-2	2	1	25	3	190	1410	0.4891555	27	0.0020304
poi-30-2	2	1.33	12	1	95	785	0.2375328	28	0.0013479
poi-30-2	2	1.33	12	1	190	1366	1.2834211	6157	0.7013022
poi-30-2	2	1.33	12	2	95	785	0.280908	1006	0.0497972
poi-30-2	2	1.33	12	2	190	1363	0.815395	2268	0.2503845
poi-30-2	2	1.33	12	3	95	785	0.2854312	989	0.0477309
poi-30-2	2	1.33	12	3	190	1366	0.5772084	111	0.0081829
poi-30-2	2	1.33	25	1	95	1075	0.3161022	57	0.0036987
poi-30-2	2	1.33	25	1	190	1687	0.9741874	3557	0.3984403
poi-30-2	2	1.33	25	2	95	1279	0.6000567	4077	0.2690705
poi-30-2	2	1.33	25	2	190	1735	0.5105048	136	0.0111011
poi-30-2	2	1.33	25	3	95	1300	0.3615291	276	0.0189334
poi-30-2	2	1.33	25	3	190	1763	0.5119399	39	0.0033935
poi-30-3	1	0.67	12	1	86	441	0.2471788	1343	0.052518
poi-30-3	1	0.67	12	1	172	1140	0.4229032	898	0.0599983
poi-30-3	1	0.67	12	2	86	452	0.2485452	1154	0.0466086
poi-30-3	1	0.67	12	2	172	1148	0.5021874	1688	0.12249
poi-30-3	1	0.67	12	3	86	466	0.2347628	667	0.0276287
poi-30-3	1	0.67	12	3	172	1156	0.5129319	1831	0.1291352
poi-30-3	1	0.67	24	1	86	531	0.298727	400	0.0216668
poi-30-3	1	0.67	24	1	172	1277	1.4783892	6165	0.8093319
poi-30-3	1	0.67	24	2	86	540	0.3564924	51	0.0035919
poi-30-3	1	0.67	24	2	172	1300	1.1435519	1962	0.3227113
poi-30-3	1	0.67	24	3	86	545	0.4135589	292	0.0230717
poi-30-3	1	0.67	24	3	172	1295	1.6413627	3688	0.6804375
poi-30-3	1	1	12	1	86	487	0.2586843	291	0.0143266
poi-30-3	1	1	12	1	172	1198	0.7582499	2435	0.2403497
poi-30-3	1	1	12	2	86	487	0.2507793	218	0.0108082
poi-30-3	1	1	12	2	172	1215	0.5866108	863	0.0810292
poi-30-3	1	1	12	3	86	487	0.2513229	50	0.0028018
poi-30-3	1	1	12	3	172	1215	0.6835964	1747	0.1753362
poi-30-3	1	1	24	1	86	613	0.3464412	663	0.0425701
poi-30-3	1	1	24	1	172	1368	0.6827431	790	0.0892291
poi-30-3	1	1	24	2	86	627	0.3750689	1057	0.0655325
poi-30-3	1	1	24	2	172	1442	0.9073678	3943	0.3998874
poi-30-3	1	1	24	3	86	627	0.3573841	4	0.0002048
poi-30-3	1	1	24	3	172	1449	0.5305968	437	0.0411707
poi-30-3	1	1.33	12	1	86	519	0.276402	315	0.0170561
poi-30-3	1	1.33	12	1	172	1295	0.5860752	872	0.0794685
poi-30-3	1	1.33	12	2	86	521	0.2923421	598	0.0321004
poi-30-3	1	1.33	12	2	172	1326	0.6193151	1261	0.1186993
poi-30-3	1	1.33	12	3	86	521	0.2760116	31	0.0016774
poi-30-3	1	1.33	12	3	172	1332	0.5101847	134	0.010785
poi-30-3	1	1.33	24	1	86	718	0.5099567	2254	0.1605237
poi-30-3	1	1.33	24	1	172	1543	0.6200005	183	0.0184389
poi-30-3	1	1.33	24	2	86	769	0.9677923	8815	0.6171601
poi-30-3	1	1.33	24	2	172	1766	1.1002727	5884	0.5920538
poi-30-3	1	1.33	24	3	86	799	0.3886831	134	0.0101451
poi-30-3	1	1.33	24	3	172	1812	0.7628085	2769	0.2701986
poi-30-3	2	0.67	12	1	86	460	0.2916024	2619	0.1004342
poi-30-3	2	0.67	12	1	172	1165	0.3817036	237	0.0120616
poi-30-3	2	0.67	12	2	86	466	0.3499486	3778	0.1508595
poi-30-3	2	0.67	12	2	172	1156	0.5177093	1866	0.1361568
poi-30-3	2	0.67	12	3	86	466	0.265363	1485	0.0604701
poi-30-3	2	0.67	12	3	172	1166	0.6580327	3605	0.2719154
poi-30-3	2	0.67	24	1	86	590	0.4219734	1695	0.1068858
poi-30-3	2	0.67	24	1	172	1310	0.8043084	45	0.005728
poi-30-3	2	0.67	24	2	86	607	0.4092191	61	0.0056183
poi-30-3	2	0.67	24	2	172	1322	1.2464277	2030	0.3429136
poi-30-3	2	0.67	24	3	86	607	0.4602244	56	0.0052244
poi-30-3	2	0.67	24	3	172	1330	1.2999446	1939	0.3529436
poi-30-3	2	1	12	1	86	487	0.2216946	73	0.0054823
poi-30-3	2	1	12	1	172	1225	0.5526799	418	0.0378037
poi-30-3	2	1	12	2	86	506	0.2467076	626	0.0280476
poi-30-3	2	1	12	2	172	1225	0.7823952	2769	0.2782428
poi-30-3	2	1	12	3	86	506	0.2364347	233	0.0106281
poi-30-3	2	1	12	3	172	1225	0.5215389	186	0.0143069
poi-30-3	2	1	24	1	86	711	0.5329025	4356	0.2485757
poi-30-3	2	1	24	1	172	1449	0.5087169	30	0.0023534
poi-30-3	2	1	24	2	86	720	0.3217103	235	0.0144145
poi-30-3	2	1	24	2	172	1449	0.4429817	6	0.0004846
poi-30-3	2	1	24	3	86	720	0.3239977	79	0.005046
poi-30-3	2	1	24	3	172	1449	0.4614281	5	0.0004069
poi-30-3	2	1.33	12	1	86	519	0.2463325	262	0.0122849
poi-30-3	2	1.33	12	1	172	1343	0.8862389	4047	0.3962417
poi-30-3	2	1.33	12	2	86	586	0.3680893	2484	0.1248635
poi-30-3	2	1.33	12	2	172	1345	0.903488	4165	0.4059631
poi-30-3	2	1.33	12	3	86	586	0.3639435	2212	0.1139078
poi-30-3	2	1.33	12	3	172	1343	0.577452	1077	0.0903835
poi-30-3	2	1.33	24	1	86	852	0.4592268	2682	0.1595757
poi-30-3	2	1.33	24	1	172	1719	0.5316624	320	0.025973
poi-30-3	2	1.33	24	2	86	889	0.3982288	1067	0.0691148
poi-30-3	2	1.33	24	2	172	1802	1.4273616	11387	0.9916338
poi-30-3	2	1.33	24	3	86	902	0.4327443	1323	0.0900647
poi-30-3	2	1.33	24	3	172	1828	0.826934	3738	0.3460612
poi-30-4	1	0.67	11	1	91	772	0.2876232	214	0.0104064
poi-30-4	1	0.67	11	1	183	1211	0.3917707	492	0.0257861
poi-30-4	1	0.67	11	2	91	798	0.2990023	240	0.0122461
poi-30-4	1	0.67	11	2	183	1211	0.3826652	162	0.0066823
poi-30-4	1	0.67	11	3	91	798	0.3001724	64	0.0063583
poi-30-4	1	0.67	11	3	183	1211	0.4353063	854	0.0547808
poi-30-4	1	0.67	23	1	91	852	0.4911231	145	0.0106751
poi-30-4	1	0.67	23	1	183	1215	0.6383311	422	0.0352303
poi-30-4	1	0.67	23	2	91	869	0.8008542	1442	0.1714557
poi-30-4	1	0.67	23	2	183	1215	0.7839863	360	0.0451058
poi-30-4	1	0.67	23	3	91	887	0.8373338	642	0.0904803
poi-30-4	1	0.67	23	3	183	1215	0.8552556	186	0.0225172
poi-30-4	1	1	11	1	91	842	0.4865183	3779	0.2089803
poi-30-4	1	1	11	1	183	1226	0.5496008	11	0.001024
poi-30-4	1	1	11	2	91	842	0.3276741	930	0.0507837
poi-30-4	1	1	11	2	183	1226	0.5242214	27	0.0022523
poi-30-4	1	1	11	3	91	842	0.2872653	148	0.0086255
poi-30-4	1	1	11	3	183	1226	0.5097379	16	0.00129
poi-30-4	1	1	23	1	91	891	0.6351591	3272	0.2524487
poi-30-4	1	1	23	1	183	1226	0.6817232	23	0.0025259
poi-30-4	1	1	23	2	91	932	0.5209128	1314	0.1102123
poi-30-4	1	1	23	2	183	1226	0.6257755	4	0.0004981
poi-30-4	1	1	23	3	91	1017	0.5802047	1104	0.1050445
poi-30-4	1	1	23	3	183	1259	1.4060092	6512	0.7945274
poi-30-4	1	1.33	11	1	91	911	0.5094232	4167	0.2327139
poi-30-4	1	1.33	11	1	183	1395	0.5710759	46	0.0044767
poi-30-4	1	1.33	11	2	91	916	0.4719017	3149	0.1818289
poi-30-4	1	1.33	11	2	183	1420	0.5965208	652	0.0669099
poi-30-4	1	1.33	11	3	91	916	0.3224606	445	0.0258263
poi-30-4	1	1.33	11	3	183	1427	0.5304636	56	0.0046969
poi-30-4	1	1.33	23	1	91	999	0.5000693	1268	0.1013032
poi-30-4	1	1.33	23	1	183	1461	1.4401395	5500	0.7491773
poi-30-4	1	1.33	23	2	91	1120	0.6425797	2239	0.1991686
poi-30-4	1	1.33	23	2	183	1535	1.2922117	5100	0.64888
poi-30-4	1	1.33	23	3	91	1220	0.7630628	2399	0.2473905
poi-30-4	1	1.33	23	3	183	1551	0.6150909	150	0.0169893
poi-30-4	2	0.67	11	1	91	794	0.2709452	57	0.0030324
poi-30-4	2	0.67	11	1	183	1215	0.3657061	93	0.0041604
poi-30-4	2	0.67	11	2	91	799	0.2806418	69	0.0035809
poi-30-4	2	0.67	11	2	183	1215	0.390917	320	0.0174778
poi-30-4	2	0.67	11	3	91	799	0.2911097	115	0.0056497
poi-30-4	2	0.67	11	3	183	1215	0.3806937	50	0.0023722
poi-30-4	2	0.67	23	1	91	975	1.0988133	4470	0.5145726
poi-30-4	2	0.67	23	1	183	1215	0.6148463	231	0.0226073
poi-30-4	2	0.67	23	2	91	978	0.7103459	49	0.0069129
poi-30-4	2	0.67	23	2	183	1215	0.7469144	25	0.0026005
poi-30-4	2	0.67	23	3	91	978	0.8354553	96	0.0129948
poi-30-4	2	0.67	23	3	183	1215	0.8766045	427	0.060836
poi-30-4	2	1	11	1	91	863	0.3763591	2234	0.117201
poi-30-4	2	1	11	1	183	1226	0.5632152	2	0.0002145
poi-30-4	2	1	11	2	91	863	0.3183492	856	0.0469224
poi-30-4	2	1	11	2	183	1226	0.5398966	3	0.0003919
poi-30-4	2	1	11	3	91	863	0.324157	835	0.046738
poi-30-4	2	1	11	3	183	1226	0.5361692	6	0.0005334
poi-30-4	2	1	23	1	91	1074	0.7441175	4773	0.3633836
poi-30-4	2	1	23	1	183	1285	0.6901463	527	0.0641784
poi-30-4	2	1	23	2	91	1092	0.4137935	48	0.0039759
poi-30-4	2	1	23	2	183	1298	0.5876501	323	0.0371895
poi-30-4	2	1	23	3	91	1092	0.4592402	34	0.0029693
poi-30-4	2	1	23	3	183	1298	0.5794142	259	0.0282729
poi-30-4	2	1.33	11	1	91	942	0.3049112	589	0.0321742
poi-30-4	2	1.33	11	1	183	1400	0.5567622	29	0.0022416
poi-30-4	2	1.33	11	2	91	976	0.621742	5968	0.3372914
poi-30-4	2	1.33	11	2	183	1431	0.8630464	3245	0.3345758
poi-30-4	2	1.33	11	3	91	976	0.5059871	3551	0.211066
poi-30-4	2	1.33	11	3	183	1431	0.5311135	12	0.0011083
poi-30-4	2	1.33	23	1	91	1256	1.1641314	8796	0.7429097
poi-30-4	2	1.33	23	1	183	1493	0.7510592	1003	0.1217911
poi-30-4	2	1.33	23	2	91	1340	0.7401854	3316	0.2960519
poi-30-4	2	1.33	23	2	183	1571	1.0375025	3867	0.4442168
poi-30-4	2	1.33	23	3	91	1389	1.2558312	8146	0.7790349
poi-30-4	2	1.33	23	3	183	1600	0.784804	2169	0.2358256
poi-30-5	1	0.67	13	1	82	422	0.1675617	160	0.0053423
poi-30-5	1	0.67	13	1	164	1199	0.3808441	87	0.0040924
poi-30-5	1	0.67	13	2	82	441	0.1821712	139	0.0052707
poi-30-5	1	0.67	13	2	164	1199	0.5045589	1630	0.1149349
poi-30-5	1	0.67	13	3	82	441	0.1876362	23	0.0006837
poi-30-5	1	0.67	13	3	164	1199	0.4071437	172	0.0093314
poi-30-5	1	0.67	26	1	82	454	0.2295447	122	0.005768
poi-30-5	1	0.67	26	1	164	1233	0.6557643	386	0.0339142
poi-30-5	1	0.67	26	2	82	496	0.2714195	26	0.0014382
poi-30-5	1	0.67	26	2	164	1266	0.8195879	499	0.0599792
poi-30-5	1	0.67	26	3	82	529	0.318376	105	0.0063587
poi-30-5	1	0.67	26	3	164	1281	0.9075971	454	0.0671129
poi-30-5	1	1	13	1	82	457	0.3356684	3375	0.1348989
poi-30-5	1	1	13	1	164	1254	0.5286988	287	0.0282357
poi-30-5	1	1	13	2	82	494	0.217685	2	8.35E-05
poi-30-5	1	1	13	2	164	1254	0.6671598	1681	0.1663798
poi-30-5	1	1	13	3	82	494	0.2213706	5	0.0002254
poi-30-5	1	1	13	3	164	1254	0.6378537	1353	0.1319549
poi-30-5	1	1	26	1	82	499	0.2337377	361	0.0156711
poi-30-5	1	1	26	1	164	1310	0.6866214	1023	0.1080047
poi-30-5	1	1	26	2	82	562	0.2505595	101	0.0049186
poi-30-5	1	1	26	2	164	1397	0.7955762	2787	0.2830991
poi-30-5	1	1	26	3	82	612	0.2685966	35	0.0019415
poi-30-5	1	1	26	3	164	1419	0.5221844	116	0.0114316
poi-30-5	1	1.33	13	1	82	480	0.2383424	10	0.0005963
poi-30-5	1	1.33	13	1	164	1408	0.7082357	2226	0.2150824
poi-30-5	1	1.33	13	2	82	563	0.2443233	25	0.0013849
poi-30-5	1	1.33	13	2	164	1442	1.023595	5536	0.5311128
poi-30-5	1	1.33	13	3	82	564	0.2587328	170	0.0089775
poi-30-5	1	1.33	13	3	164	1453	1.6805799	11842	1.1805524
poi-30-5	1	1.33	26	1	82	589	0.2756548	250	0.0133041
poi-30-5	1	1.33	26	1	164	1522	0.6396423	781	0.0810254
poi-30-5	1	1.33	26	2	82	649	0.2728236	83	0.0044476
poi-30-5	1	1.33	26	2	164	1680	0.6262725	1254	0.1207791
poi-30-5	1	1.33	26	3	82	715	0.2919443	114	0.0065924
poi-30-5	1	1.33	26	3	164	1757	0.5487618	533	0.0507251
poi-30-5	2	0.67	13	1	82	472	0.1803458	20	0.0006958
poi-30-5	2	0.67	13	1	164	1211	0.5496272	2313	0.1692659
poi-30-5	2	0.67	13	2	82	487	0.194345	45	0.0017956
poi-30-5	2	0.67	13	2	164	1211	0.4751568	1203	0.0866373
poi-30-5	2	0.67	13	3	82	487	0.2028125	31	0.0012547
poi-30-5	2	0.67	13	3	164	1211	0.7104283	4062	0.3155881
poi-30-5	2	0.67	26	1	82	500	0.2655395	32	0.0016249
poi-30-5	2	0.67	26	1	164	1328	0.9209182	1910	0.2440982
poi-30-5	2	0.67	26	2	82	529	0.3549359	230	0.0154685
poi-30-5	2	0.67	26	2	164	1357	0.7819246	70	0.0073698
poi-30-5	2	0.67	26	3	82	529	0.3844198	51	0.0039451
poi-30-5	2	0.67	26	3	164	1371	0.8625203	222	0.0298301
poi-30-5	2	1	13	1	82	525	0.1955127	30	0.0011422
poi-30-5	2	1	13	1	164	1268	0.512651	126	0.0089224
poi-30-5	2	1	13	2	82	562	0.1971634	29	0.0010521
poi-30-5	2	1	13	2	164	1275	0.8074134	3178	0.3147836
poi-30-5	2	1	13	3	82	562	0.2065292	69	0.0031639
poi-30-5	2	1	13	3	164	1275	0.5363211	401	0.033792
poi-30-5	2	1	26	1	82	575	0.228428	16	0.0006626
poi-30-5	2	1	26	1	164	1457	1.0077028	4856	0.4981289
poi-30-5	2	1	26	2	82	612	0.2586321	6	0.0003294
poi-30-5	2	1	26	2	164	1473	0.8428577	4306	0.3895848
poi-30-5	2	1	26	3	82	633	0.2853448	31	0.001789
poi-30-5	2	1	26	3	164	1495	0.9513545	5584	0.5059454
poi-30-5	2	1.33	13	1	82	594	0.2275544	100	0.0045692
poi-30-5	2	1.33	13	1	164	1414	0.6964014	2253	0.2165141
poi-30-5	2	1.33	13	2	82	633	0.2297132	53	0.0025454
poi-30-5	2	1.33	13	2	164	1434	0.6540925	1929	0.1769958
poi-30-5	2	1.33	13	3	82	633	0.2342536	54	0.0024855
poi-30-5	2	1.33	13	3	164	1459	0.6109294	1393	0.1293763
poi-30-5	2	1.33	26	1	82	672	0.249127	37	0.0018285
poi-30-5	2	1.33	26	1	164	1685	0.6997971	1844	0.1796919
poi-30-5	2	1.33	26	2	82	741	0.2738573	5	0.0002428
poi-30-5	2	1.33	26	2	164	1785	0.8586623	4189	0.3870333
poi-30-5	2	1.33	26	3	82	761	0.5841019	3410	0.2382407
poi-30-5	2	1.33	26	3	164	1819	0.9331807	5340	0.4831435
poi-40-1	1	0.67	12	1	101	1042	0.5158315	0	0
poi-40-1	1	0.67	12	1	202	1594	0.8689263	98	0.009564
poi-40-1	1	0.67	12	2	101	1042	0.5453792	0	0
poi-40-1	1	0.67	12	2	202	1606	1.6378794	4356	0.7585204
poi-40-1	1	0.67	12	3	101	1042	0.5620443	0	0
poi-40-1	1	0.67	12	3	202	1598	1.1908521	1767	0.2945172
poi-40-1	1	0.67	24	1	101	1083	0.797288	11	0.0017247
poi-40-1	1	0.67	24	1	202	1666	1.887456	2312	0.5750967
poi-40-1	1	0.67	24	2	101	1116	1.8748429	4088	0.8318691
poi-40-1	1	0.67	24	2	202	1690	2.5060501	2768	0.860842
poi-40-1	1	0.67	24	3	101	1143	1.3923206	940	0.2013265
poi-40-1	1	0.67	24	3	202	1729	2.1751114	976	0.3111265
poi-40-1	1	1	12	1	101	1079	0.5755475	60	0.0066276
poi-40-1	1	1	12	1	202	1642	1.3504459	621	0.1319939
poi-40-1	1	1	12	2	101	1084	0.5177472	77	0.007895
poi-40-1	1	1	12	2	202	1659	1.6107914	2487	0.5199427
poi-40-1	1	1	12	3	101	1084	0.5136221	23	0.0026863
poi-40-1	1	1	12	3	202	1696	1.6835806	2905	0.6024787
poi-40-1	1	1	24	1	101	1144	1.0162458	2383	0.3253044
poi-40-1	1	1	24	1	202	1739	1.384381	516	0.1231814
poi-40-1	1	1	24	2	101	1233	1.1729334	4384	0.5479296
poi-40-1	1	1	24	2	202	1824	1.0955932	410	0.0749405
poi-40-1	1	1	24	3	101	1259	0.782391	692	0.0950249
poi-40-1	1	1	24	3	202	1865	1.1783183	1020	0.1810421
poi-40-1	1	1.34	12	1	101	1250	0.5668327	24	0.0024264
poi-40-1	1	1.34	12	1	202	1869	2.0526744	4026	0.8993675
poi-40-1	1	1.34	12	2	101	1279	0.601307	804	0.0842044
poi-40-1	1	1.34	12	2	202	1933	1.9291002	4226	0.8675593
poi-40-1	1	1.34	12	3	101	1296	0.6623985	1364	0.1429061
poi-40-1	1	1.34	12	3	202	1949	1.5822298	2698	0.5273756
poi-40-1	1	1.34	24	1	101	1308	1.7163728	7045	1.0002214
poi-40-1	1	1.34	24	1	202	1973	1.5564313	1143	0.2784394
poi-40-1	1	1.34	24	2	101	1491	2.7741091	16589	2.1301463
poi-40-1	1	1.34	24	2	202	2196	2.4592245	7015	1.4307611
poi-40-1	1	1.34	24	3	101	1566	1.460985	5422	0.7606549
poi-40-1	1	1.34	24	3	202	2266	1.8765851	4438	0.8787704
poi-40-1	2	0.67	12	1	101	1054	0.5063196	31	0.0025303
poi-40-1	2	0.67	12	1	202	1633	1.1154835	1756	0.2538108
poi-40-1	2	0.67	12	2	101	1054	0.5380027	124	0.011708
poi-40-1	2	0.67	12	2	202	1619	0.9497518	529	0.0680342
poi-40-1	2	0.67	12	3	101	1054	0.5444066	49	0.0043743
poi-40-1	2	0.67	12	3	202	1633	1.7753882	5070	0.8761402
poi-40-1	2	0.67	24	1	101	1170	0.8832492	21	0.0033553
poi-40-1	2	0.67	24	1	202	1727	3.0352015	6341	1.6736946
poi-40-1	2	0.67	24	2	101	1201	1.2130521	512	0.1061659
poi-40-1	2	0.67	24	2	202	1758	1.5973482	141	0.0319611
poi-40-1	2	0.67	24	3	101	1199	1.2570551	98	0.0180811
poi-40-1	2	0.67	24	3	202	1765	1.7476914	51	0.010443
poi-40-1	2	1	12	1	101	1167	0.5682739	357	0.0354943
poi-40-1	2	1	12	1	202	1719	2.2155964	4236	1.0028725
poi-40-1	2	1	12	2	101	1167	0.5097072	202	0.0185036
poi-40-1	2	1	12	2	202	1719	1.6680443	2519	0.5426682
poi-40-1	2	1	12	3	101	1167	0.4938284	13	0.0012342
poi-40-1	2	1	12	3	202	1706	1.1850738	380	0.0534398
poi-40-1	2	1	24	1	101	1336	0.7111118	708	0.0830365
poi-40-1	2	1	24	1	202	1865	1.1755392	400	0.0651738
poi-40-1	2	1	24	2	101	1375	0.8707386	2483	0.2866121
poi-40-1	2	1	24	2	202	1893	1.0139562	126	0.0174903
poi-40-1	2	1	24	3	101	1398	0.6378625	182	0.0226618
poi-40-1	2	1	24	3	202	1893	0.9788795	8	0.0009452
poi-40-1	2	1.34	12	1	101	1370	0.7354857	1901	0.199017
poi-40-1	2	1.34	12	1	202	1934	1.4817428	1691	0.3333824
poi-40-1	2	1.34	12	2	101	1399	0.5212355	250	0.0232682
poi-40-1	2	1.34	12	2	202	2011	2.1826954	5633	1.1337661
poi-40-1	2	1.34	12	3	101	1399	0.5011786	19	0.0018487
poi-40-1	2	1.34	12	3	202	2009	1.3921925	1724	0.3341886
poi-40-1	2	1.34	24	1	101	1560	0.9681347	2671	0.3326564
poi-40-1	2	1.34	24	1	202	2184	2.0575936	4444	0.9625612
poi-40-1	2	1.34	24	2	101	1699	1.2782367	5889	0.6888042
poi-40-1	2	1.34	24	2	202	2337	1.3174268	1744	0.3266792
poi-40-1	2	1.34	24	3	101	1752	1.2408631	4711	0.6020954
poi-40-1	2	1.34	24	3	202	2374	1.3973539	2320	0.4307439
poi-40-2	1	0.67	12	1	97	838	0.7058227	2930	0.258522
poi-40-2	1	0.67	12	1	194	1660	1.4232507	4124	0.6246191
poi-40-2	1	0.67	12	2	97	846	0.4878239	46	0.0034971
poi-40-2	1	0.67	12	2	194	1651	1.6918815	5346	0.8578598
poi-40-2	1	0.67	12	3	97	846	0.5015453	85	0.0067271
poi-40-2	1	0.67	12	3	194	1660	1.6498984	4975	0.8031247
poi-40-2	1	0.67	24	1	97	894	0.6980025	103	0.0113859
poi-40-2	1	0.67	24	1	194	1698	1.3771046	50	0.0092719
poi-40-2	1	0.67	24	2	97	918	0.8575713	47	0.0066793
poi-40-2	1	0.67	24	2	194	1705	3.0118757	4219	1.348716
poi-40-2	1	0.67	24	3	97	918	1.0391216	341	0.0570266
poi-40-2	1	0.67	24	3	194	1698	1.8604949	34	0.007091
poi-40-2	1	1	12	1	97	886	0.6855353	1965	0.1912516
poi-40-2	1	1	12	1	194	1699	1.2835162	1147	0.2119717
poi-40-2	1	1	12	2	97	898	0.4725995	104	0.0098675
poi-40-2	1	1	12	2	194	1699	1.12205	876	0.1597312
poi-40-2	1	1	12	3	97	903	0.6508549	1905	0.18129
poi-40-2	1	1	12	3	194	1716	1.4926645	2906	0.539591
poi-40-2	1	1	24	1	97	951	0.638838	345	0.0395339
poi-40-2	1	1	24	1	194	1765	1.6587371	1323	0.3331812
poi-40-2	1	1	24	2	97	1032	0.8891603	2858	0.32324
poi-40-2	1	1	24	2	194	1839	1.4983195	2403	0.4696263
poi-40-2	1	1	24	3	97	1032	0.605814	90	0.0110586
poi-40-2	1	1	24	3	194	1843	1.2259451	1456	0.2701501
poi-40-2	1	1.34	12	1	97	983	0.5141554	193	0.018261
poi-40-2	1	1.34	12	1	194	1934	3.5050978	11895	2.4662082
poi-40-2	1	1.34	12	2	97	1052	0.6616401	2021	0.1905021
poi-40-2	1	1.34	12	2	194	2003	1.0315036	421	0.0650166
poi-40-2	1	1.34	12	3	97	1065	0.4910572	169	0.0197374
poi-40-2	1	1.34	12	3	194	2008	0.9555344	40	0.0049148
poi-40-2	1	1.34	24	1	97	1083	0.9835597	2818	0.3496569
poi-40-2	1	1.34	24	1	194	2113	2.42151	4084	1.0726107
poi-40-2	1	1.34	24	2	97	1241	0.652946	502	0.0603719
poi-40-2	1	1.34	24	2	194	2197	1.2560547	1136	0.2108671
poi-40-2	1	1.34	24	3	97	1265	0.7244892	822	0.1028497
poi-40-2	1	1.34	24	3	194	2274	1.6790159	3713	0.6996155
poi-40-2	2	0.67	12	1	97	846	0.5847591	1465	0.1316752
poi-40-2	2	0.67	12	1	194	1668	0.9257609	988	0.1348121
poi-40-2	2	0.67	12	2	97	846	0.5524816	957	0.0857404
poi-40-2	2	0.67	12	2	194	1668	1.0184297	1525	0.2213327
poi-40-2	2	0.67	12	3	97	846	0.492791	205	0.0168043
poi-40-2	2	0.67	12	3	194	1668	0.8668007	505	0.0598563
poi-40-2	2	0.67	24	1	97	969	1.1334857	2314	0.3516449
poi-40-2	2	0.67	24	1	194	1737	1.3959436	518	0.1039678
poi-40-2	2	0.67	24	2	97	978	0.9297005	123	0.0172604
poi-40-2	2	0.67	24	2	194	1739	1.5757256	448	0.1128089
poi-40-2	2	0.67	24	3	97	1007	1.1512737	871	0.1518023
poi-40-2	2	0.67	24	3	194	1733	2.8687903	4094	1.2579286
poi-40-2	2	1	12	1	97	946	0.4860717	182	0.0156724
poi-40-2	2	1	12	1	194	1736	1.3124294	1634	0.3211658
poi-40-2	2	1	12	2	97	953	0.4844753	622	0.0528269
poi-40-2	2	1	12	2	194	1736	1.1042202	809	0.1445385
poi-40-2	2	1	12	3	97	953	0.4368706	65	0.005686
poi-40-2	2	1	12	3	194	1736	0.9903207	237	0.0378596
poi-40-2	2	1	24	1	97	1140	0.6867139	1024	0.1152131
poi-40-2	2	1	24	1	194	1905	2.2706696	5491	1.1818987
poi-40-2	2	1	24	2	97	1187	0.5328045	2	0.0003007
poi-40-2	2	1	24	2	194	1950	1.3816227	2378	0.4295853
poi-40-2	2	1	24	3	97	1306	0.7119588	1478	0.1613207
poi-40-2	2	1	24	3	194	1950	0.9300897	36	0.0047963
poi-40-2	2	1.34	12	1	97	1146	0.4603738	63	0.0054014
poi-40-2	2	1.34	12	1	194	1995	2.0823886	5761	1.1059985
poi-40-2	2	1.34	12	2	97	1177	0.4710341	631	0.0518895
poi-40-2	2	1.34	12	2	194	2019	0.9315093	145	0.0157955
poi-40-2	2	1.34	12	3	97	1183	0.814494	4549	0.3873354
poi-40-2	2	1.34	12	3	194	2047	1.4865022	3089	0.5509595
poi-40-2	2	1.34	24	1	97	1382	0.820746	2144	0.2466549
poi-40-2	2	1.34	24	1	194	2215	1.5215638	2081	0.4298817
poi-40-2	2	1.34	24	2	97	1504	0.9338302	3512	0.3816954
poi-40-2	2	1.34	24	2	194	2405	1.3022546	1752	0.3232127
poi-40-2	2	1.34	24	3	97	1711	0.5886787	87	0.0097326
poi-40-2	2	1.34	24	3	194	2436	1.3165675	2012	0.3693149
poi-40-3	1	0.67	13	1	97	684	0.348063	250	0.0155685
poi-40-3	1	0.67	13	1	195	1469	1.0528252	1623	0.2473584
poi-40-3	1	0.67	13	2	97	684	0.3558463	40	0.0029005
poi-40-3	1	0.67	13	2	195	1469	0.8513677	485	0.0612525
poi-40-3	1	0.67	13	3	97	684	0.3686601	391	0.0257135
poi-40-3	1	0.67	13	3	195	1469	0.8869486	659	0.0816276
poi-40-3	1	0.67	27	1	97	782	0.5048652	7	0.0006522
poi-40-3	1	0.67	27	1	195	1523	1.3269915	123	0.0192971
poi-40-3	1	0.67	27	2	97	818	0.7130749	719	0.08631
poi-40-3	1	0.67	27	2	195	1576	1.8704654	688	0.2062976
poi-40-3	1	0.67	27	3	97	842	0.7547135	98	0.0135026
poi-40-3	1	0.67	27	3	195	1606	2.0039569	144	0.0358151
poi-40-3	1	1	13	1	97	723	0.4053147	556	0.0412707
poi-40-3	1	1	13	1	195	1519	1.3573342	1811	0.334884
poi-40-3	1	1	13	2	97	723	0.4876369	1593	0.1180886
poi-40-3	1	1	13	2	195	1532	1.945895	5291	0.9891632
poi-40-3	1	1	13	3	97	727	0.6191955	3071	0.2366357
poi-40-3	1	1	13	3	195	1532	1.6693612	3771	0.7120009
poi-40-3	1	1	27	1	97	851	0.5895846	1456	0.1336971
poi-40-3	1	1	27	1	195	1604	2.6145867	7104	1.5268659
poi-40-3	1	1	27	2	97	904	0.4909133	203	0.0197718
poi-40-3	1	1	27	2	195	1714	1.3047791	2541	0.4271036
poi-40-3	1	1	27	3	97	971	0.5490032	318	0.0345394
poi-40-3	1	1	27	3	195	1811	0.8732896	138	0.0212332
poi-40-3	1	1.34	13	1	97	796	0.3975565	270	0.0208812
poi-40-3	1	1.34	13	1	195	1682	1.0297811	121	0.0167949
poi-40-3	1	1.34	13	2	97	804	0.5374014	2090	0.157037
poi-40-3	1	1.34	13	2	195	1736	1.0758673	856	0.135954
poi-40-3	1	1.34	13	3	97	819	0.4191645	522	0.0420118
poi-40-3	1	1.34	13	3	195	1782	1.1099548	1088	0.1732281
poi-40-3	1	1.34	27	1	97	981	0.5191456	291	0.0283672
poi-40-3	1	1.34	27	1	195	1827	1.6485753	2530	0.5372425
poi-40-3	1	1.34	27	2	97	1090	0.5327271	290	0.029772
poi-40-3	1	1.34	27	2	195	2040	1.9124781	6003	1.0323677
poi-40-3	1	1.34	27	3	97	1232	1.0210199	4343	0.4726506
poi-40-3	1	1.34	27	3	195	2222	0.9978604	836	0.136452
poi-40-3	2	0.67	13	1	97	714	0.3733001	639	0.0406535
poi-40-3	2	0.67	13	1	195	1499	0.7800104	91	0.0089245
poi-40-3	2	0.67	13	2	97	714	0.3702443	252	0.0175894
poi-40-3	2	0.67	13	2	195	1499	0.8109504	168	0.0193865
poi-40-3	2	0.67	13	3	97	714	0.3754211	163	0.0117345
poi-40-3	2	0.67	13	3	195	1499	0.808624	88	0.0113458
poi-40-3	2	0.67	27	1	97	899	0.6469698	62	0.008661
poi-40-3	2	0.67	27	1	195	1670	1.4611103	570	0.137446
poi-40-3	2	0.67	27	2	97	1013	0.8114323	121	0.0184046
poi-40-3	2	0.67	27	2	195	1692	1.82158	822	0.2412927
poi-40-3	2	0.67	27	3	97	1067	1.4692206	3670	0.6252385
poi-40-3	2	0.67	27	3	195	1695	1.7847246	262	0.0633156
poi-40-3	2	1	13	1	97	802	0.3827481	540	0.0366135
poi-40-3	2	1	13	1	195	1578	1.7564541	4249	0.7949815
poi-40-3	2	1	13	2	97	812	0.369307	210	0.0143928
poi-40-3	2	1	13	2	195	1603	1.7270564	4413	0.7964565
poi-40-3	2	1	13	3	97	812	0.4245165	821	0.0602453
poi-40-3	2	1	13	3	195	1607	1.0678507	788	0.1327538
poi-40-3	2	1	27	1	97	1048	0.614882	1876	0.1698363
poi-40-3	2	1	27	1	195	1827	1.007886	105	0.0142897
poi-40-3	2	1	27	2	97	1227	0.9981136	5822	0.5377229
poi-40-3	2	1	27	2	195	1868	0.8901993	410	0.0533621
poi-40-3	2	1	27	3	97	1324	0.7664215	2938	0.2826244
poi-40-3	2	1	27	3	195	1899	0.8517951	242	0.034144
poi-40-3	2	1.34	13	1	97	880	0.6595175	4244	0.303201
poi-40-3	2	1.34	13	1	195	1808	1.1013274	943	0.1517243
poi-40-3	2	1.34	13	2	97	923	0.3783382	134	0.010405
poi-40-3	2	1.34	13	2	195	1830	1.9917799	6057	1.0768383
poi-40-3	2	1.34	13	3	97	923	0.3866035	147	0.0118464
poi-40-3	2	1.34	13	3	195	1838	1.113429	1188	0.2039599
poi-40-3	2	1.34	27	1	97	1218	0.4593282	71	0.0071287
poi-40-3	2	1.34	27	1	195	2130	1.0373825	202	0.027872
poi-40-3	2	1.34	27	2	97	1472	0.6054907	1483	0.1384626
poi-40-3	2	1.34	27	2	195	2298	1.7563804	5320	0.9007896
poi-40-3	2	1.34	27	3	97	1639	1.0072212	4993	0.5050298
poi-40-3	2	1.34	27	3	195	2358	1.2102783	2218	0.3696112
poi-40-4	1	0.67	13	1	103	600	0.3725024	46	0.0031371
poi-40-4	1	0.67	13	1	207	1549	1.0625213	1499	0.2354865
poi-40-4	1	0.67	13	2	103	600	0.393687	9	0.0007602
poi-40-4	1	0.67	13	2	207	1579	1.596347	4442	0.7330246
poi-40-4	1	0.67	13	3	103	600	0.4088085	53	0.0037158
poi-40-4	1	0.67	13	3	207	1577	1.1081013	1661	0.2572335
poi-40-4	1	0.67	27	1	103	619	0.484036	131	0.011116
poi-40-4	1	0.67	27	1	207	1604	1.4940547	698	0.1596346
poi-40-4	1	0.67	27	2	103	685	1.1183133	4882	0.5516906
poi-40-4	1	0.67	27	2	207	1658	2.581169	2873	0.9226719
poi-40-4	1	0.67	27	3	103	715	1.4057602	6252	0.7800111
poi-40-4	1	0.67	27	3	207	1673	2.676747	2216	0.8100102
poi-40-4	1	1	13	1	103	635	0.4715086	1086	0.0866393
poi-40-4	1	1	13	1	207	1633	3.2943029	10825	2.2559552
poi-40-4	1	1	13	2	103	635	0.4608681	588	0.0498145
poi-40-4	1	1	13	2	207	1648	1.3315554	2263	0.4071576
poi-40-4	1	1	13	3	103	635	0.4424213	181	0.0148483
poi-40-4	1	1	13	3	207	1648	0.9356066	98	0.0125431
poi-40-4	1	1	27	1	103	734	0.6003857	1691	0.1522628
poi-40-4	1	1	27	1	207	1668	1.5788974	1383	0.3227567
poi-40-4	1	1	27	2	103	830	0.5628342	932	0.0903895
poi-40-4	1	1	27	2	207	1816	1.0586951	391	0.072692
poi-40-4	1	1	27	3	103	876	1.0591037	5416	0.5519908
poi-40-4	1	1	27	3	207	1925	2.5206263	8554	1.5862502
poi-40-4	1	1.34	13	1	103	691	0.4157238	6	0.0006454
poi-40-4	1	1.34	13	1	207	1860	2.9459725	8713	1.8698442
poi-40-4	1	1.34	13	2	103	736	0.6250223	2284	0.1956518
poi-40-4	1	1.34	13	2	207	1947	2.5556895	8366	1.5926333
poi-40-4	1	1.34	13	3	103	736	0.4427775	7	0.0006272
poi-40-4	1	1.34	13	3	207	1995	1.7474071	4373	0.8043238
poi-40-4	1	1.34	27	1	103	787	1.0277764	5769	0.5535421
poi-40-4	1	1.34	27	1	207	1921	1.3455693	375	0.0810219
poi-40-4	1	1.34	27	2	103	997	1.2263024	7160	0.7212634
poi-40-4	1	1.34	27	2	207	2178	1.9603664	4829	0.9503971
poi-40-4	1	1.34	27	3	103	1067	0.9490151	3850	0.4136512
poi-40-4	1	1.34	27	3	207	2342	1.2914243	1755	0.3336097
poi-40-4	2	0.67	13	1	103	623	0.4569458	1162	0.0846068
poi-40-4	2	0.67	13	1	207	1593	0.8063696	82	0.0076273
poi-40-4	2	0.67	13	2	103	641	0.5016229	1571	0.1176396
poi-40-4	2	0.67	13	2	207	1597	0.8382524	111	0.0121156
poi-40-4	2	0.67	13	3	103	641	0.4013657	130	0.0092091
poi-40-4	2	0.67	13	3	207	1597	0.8392307	37	0.0038654
poi-40-4	2	0.67	27	1	103	723	1.0226012	4460	0.4819771
poi-40-4	2	0.67	27	1	207	1709	1.460929	147	0.02706
poi-40-4	2	0.67	27	2	103	820	0.7208025	851	0.1009401
poi-40-4	2	0.67	27	2	207	1745	3.8717112	6581	2.1839697
poi-40-4	2	0.67	27	3	103	820	0.8870183	1661	0.2236654
poi-40-4	2	0.67	27	3	207	1745	2.4575823	1816	0.6362011
poi-40-4	2	1	13	1	103	682	0.5107071	1892	0.1396481
poi-40-4	2	1	13	1	207	1648	1.1442807	765	0.1370045
poi-40-4	2	1	13	2	103	709	0.3840976	65	0.0048701
poi-40-4	2	1	13	2	207	1648	0.9548381	52	0.0064618
poi-40-4	2	1	13	3	103	709	0.4058466	229	0.0174981
poi-40-4	2	1	13	3	207	1705	1.8325735	4664	0.8784744
poi-40-4	2	1	27	1	103	854	0.5730555	1673	0.1440209
poi-40-4	2	1	27	1	207	1865	1.3270576	1816	0.3235142
poi-40-4	2	1	27	2	103	1025	0.4781867	284	0.0261797
poi-40-4	2	1	27	2	207	1948	0.9242937	188	0.0265851
poi-40-4	2	1	27	3	103	1033	0.8914095	4446	0.4191675
poi-40-4	2	1	27	3	207	1948	0.8846848	11	0.001589
poi-40-4	2	1.34	13	1	103	738	0.6310891	2726	0.2241972
poi-40-4	2	1.34	13	1	207	1951	1.0050017	149	0.0195371
poi-40-4	2	1.34	13	2	103	798	0.4300694	212	0.0171221
poi-40-4	2	1.34	13	2	207	1969	1.4161328	2993	0.5062398
poi-40-4	2	1.34	13	3	103	806	0.5873419	1731	0.1529067
poi-40-4	2	1.34	13	3	207	1985	1.8224541	5148	0.9116358
poi-40-4	2	1.34	27	1	103	1020	0.7429147	3258	0.2935834
poi-40-4	2	1.34	27	1	207	2229	3.3579986	11985	2.3561933
poi-40-4	2	1.34	27	2	103	1276	0.7387824	2726	0.2598629
poi-40-4	2	1.34	27	2	207	2388	1.055622	859	0.1377794
poi-40-4	2	1.34	27	3	103	1282	0.5211355	63	0.0067227
poi-40-4	2	1.34	27	3	207	2446	1.3200162	2220	0.4000968
poi-40-5	1	0.67	12	1	105	767	0.4401629	7	0.0005694
poi-40-5	1	0.67	12	1	211	1631	0.7312047	75	0.0060783
poi-40-5	1	0.67	12	2	105	769	0.5019745	302	0.0249045
poi-40-5	1	0.67	12	2	211	1642	0.7289943	93	0.0081109
poi-40-5	1	0.67	12	3	105	860	0.6201471	1381	0.1307405
poi-40-5	1	0.67	12	3	211	1650	0.7396689	56	0.0050693
poi-40-5	1	0.67	25	1	105	898	1.0473035	2878	0.3782279
poi-40-5	1	0.67	25	1	211	1673	1.5763045	558	0.1234966
poi-40-5	1	0.67	25	2	105	995	1.127939	1974	0.3131748
poi-40-5	1	0.67	25	2	211	1676	2.2090338	1800	0.5591864
poi-40-5	1	0.67	25	3	105	1000	1.9792318	5651	1.0451488
poi-40-5	1	0.67	25	3	211	1687	1.9619998	497	0.156635
poi-40-5	1	1	12	1	105	779	0.4184412	1246	0.0838725
poi-40-5	1	1	12	1	211	1665	0.8603713	1693	0.2193431
poi-40-5	1	1	12	2	105	920	0.4509028	1081	0.0815129
poi-40-5	1	1	12	2	211	1627	0.7425124	770	0.0998688
poi-40-5	1	1	12	3	105	961	1.0417792	8499	0.6523409
poi-40-5	1	1	12	3	211	1665	0.9321562	2404	0.29795
poi-40-5	1	1	25	1	105	999	0.7142836	2457	0.2359574
poi-40-5	1	1	25	1	211	1713	1.2169622	1445	0.2699427
poi-40-5	1	1	25	2	105	1081	0.9582326	3609	0.4038246
poi-40-5	1	1	25	2	211	1834	1.0647179	1511	0.2396956
poi-40-5	1	1	25	3	105	1119	1.5546125	8985	0.9977898
poi-40-5	1	1	25	3	211	1887	1.419034	3357	0.5744114
poi-40-5	1	1.34	12	1	105	917	0.4928768	2153	0.148218
poi-40-5	1	1.34	12	1	211	1827	0.8600178	1970	0.2463513
poi-40-5	1	1.34	12	2	105	1044	0.6225607	2807	0.2227993
poi-40-5	1	1.34	12	2	211	1905	0.9066735	1751	0.228397
poi-40-5	1	1.34	12	3	105	1076	0.6975782	3580	0.2940008
poi-40-5	1	1.34	12	3	211	1891	1.0793261	3479	0.4447364
poi-40-5	1	1.34	25	1	105	1143	0.8780842	4250	0.4031723
poi-40-5	1	1.34	25	1	211	1982	1.0180279	114	0.0193257
poi-40-5	1	1.34	25	2	105	1314	1.1186506	4566	0.5337731
poi-40-5	1	1.34	25	2	211	2225	1.6628002	4775	0.8065727
poi-40-5	1	1.34	25	3	105	1401	1.086914	4406	0.5100053
poi-40-5	1	1.34	25	3	211	2322	2.314028	8395	1.442983
poi-40-5	2	0.67	12	1	105	874	0.5269525	926	0.0815591
poi-40-5	2	0.67	12	1	211	1632	0.7498879	385	0.0422755
poi-40-5	2	0.67	12	2	105	933	0.4782003	126	0.0105712
poi-40-5	2	0.67	12	2	211	1650	1.3945388	4665	0.6656984
poi-40-5	2	0.67	12	3	105	938	0.7197551	2596	0.2452415
poi-40-5	2	0.67	12	3	211	1650	0.7477731	225	0.0205481
poi-40-5	2	0.67	25	1	105	1079	0.9102325	406	0.0587762
poi-40-5	2	0.67	25	1	211	1717	1.4740393	287	0.0545602
poi-40-5	2	0.67	25	2	105	1166	1.773414	3800	0.7506947
poi-40-5	2	0.67	25	2	211	1734	1.6138804	206	0.0440097
poi-40-5	2	0.67	25	3	105	1164	1.1666622	348	0.0706662
poi-40-5	2	0.67	25	3	211	1734	1.8760743	691	0.196411
poi-40-5	2	1	12	1	105	999	0.3800621	455	0.0327095
poi-40-5	2	1	12	1	211	1675	0.8823256	2288	0.2790303
poi-40-5	2	1	12	2	105	999	0.3823555	392	0.0291115
poi-40-5	2	1	12	2	211	1687	0.9405051	2576	0.3236165
poi-40-5	2	1	12	3	105	1014	0.6494759	3921	0.2846611
poi-40-5	2	1	12	3	211	1691	1.5782691	7682	0.9598355
poi-40-5	2	1	25	1	105	1244	0.6499831	1910	0.1782552
poi-40-5	2	1	25	1	211	1887	0.8246423	48	0.0063721
poi-40-5	2	1	25	2	105	1412	0.5620295	625	0.0625528
poi-40-5	2	1	25	2	211	1897	0.9260115	660	0.1061183
poi-40-5	2	1	25	3	105	1481	0.7440195	1978	0.2096665
poi-40-5	2	1	25	3	211	1897	0.8541379	41	0.0059894
poi-40-5	2	1.34	12	1	105	1114	0.3655863	82	0.0066305
poi-40-5	2	1.34	12	1	211	1895	0.6882766	400	0.0502807
poi-40-5	2	1.34	12	2	105	1158	0.4825199	1390	0.105627
poi-40-5	2	1.34	12	2	211	1938	0.647802	56	0.0070283
poi-40-5	2	1.34	12	3	105	1164	0.4102985	410	0.0304503
poi-40-5	2	1.34	12	3	211	1951	1.1851065	4286	0.5471487
poi-40-5	2	1.34	25	1	105	1440	0.6069868	1520	0.1424731
poi-40-5	2	1.34	25	1	211	2212	2.0728757	8302	1.2944169
poi-40-5	2	1.34	25	2	105	1696	0.9432794	4270	0.4320996
poi-40-5	2	1.34	25	2	211	2329	0.8881547	475	0.0644013
poi-40-5	2	1.34	25	3	105	1836	1.0512313	4607	0.5055012
poi-40-5	2	1.34	25	3	211	2382	0.8699595	63	0.0083243
poi-50-1	1	0.67	12	1	108	972	0.6937489	161	0.0190304
poi-50-1	1	0.67	12	1	217	1920	3.89314	7712	2.3391305
poi-50-1	1	0.67	12	2	108	991	0.9832655	1807	0.2597999
poi-50-1	1	0.67	12	2	217	1921	1.6470252	123	0.0216662
poi-50-1	1	0.67	12	3	108	991	1.0238671	1941	0.2935619
poi-50-1	1	0.67	12	3	217	1927	1.6909628	368	0.092779
poi-50-1	1	0.67	25	1	108	1033	0.9782361	374	0.0549934
poi-50-1	1	0.67	25	1	217	2020	3.4135126	1858	0.9019734
poi-50-1	1	0.67	25	2	108	1062	2.6780831	7018	1.5511542
poi-50-1	1	0.67	25	2	217	2087	3.2121714	38	0.0137783
poi-50-1	1	0.67	25	3	108	1070	2.2113442	4035	0.9856549
poi-50-1	1	0.67	25	3	217	2148	5.3233781	2417	1.7001284
poi-50-1	1	1	12	1	108	997	0.6612799	121	0.014866
poi-50-1	1	1	12	1	217	1954	1.7472931	7	0.0015891
poi-50-1	1	1	12	2	108	1026	0.6513106	247	0.0301743
poi-50-1	1	1	12	2	217	2055	3.3008548	5683	1.7358352
poi-50-1	1	1	12	3	108	1026	0.6613564	265	0.0331558
poi-50-1	1	1	12	3	217	2090	3.185241	5340	1.6348388
poi-50-1	1	1	25	1	108	1078	1.0525959	2187	0.3190655
poi-50-1	1	1	25	1	217	2102	5.2480604	7614	3.1140342
poi-50-1	1	1	25	2	108	1155	1.5313554	5767	0.8226829
poi-50-1	1	1	25	2	217	2284	2.6805041	3342	1.0383635
poi-50-1	1	1	25	3	108	1180	0.7699616	87	0.0131127
poi-50-1	1	1	25	3	217	2398	1.5464654	95	0.0210209
poi-50-1	1	1.34	12	1	108	1150	1.4444667	5993	0.7875674
poi-50-1	1	1.34	12	1	217	2239	1.8528681	371	0.1030923
poi-50-1	1	1.34	12	2	108	1185	0.7340506	769	0.098954
poi-50-1	1	1.34	12	2	217	2436	4.1823285	8313	2.620299
poi-50-1	1	1.34	12	3	108	1185	0.9861155	2718	0.3476343
poi-50-1	1	1.34	12	3	217	2451	3.3385317	5602	1.751092
poi-50-1	1	1.34	25	1	108	1225	0.7753164	184	0.0302144
poi-50-1	1	1.34	25	1	217	2441	3.0396838	2176	0.8784877
poi-50-1	1	1.34	25	2	108	1353	0.8898307	1088	0.1602833
poi-50-1	1	1.34	25	2	217	2806	2.2000526	1723	0.5424967
poi-50-1	1	1.34	25	3	108	1448	1.3155402	2953	0.4966985
poi-50-1	1	1.34	25	3	217	2964	1.7608291	784	0.2204534
poi-50-1	2	0.67	12	1	108	1016	0.7253738	160	0.020264
poi-50-1	2	0.67	12	1	217	1983	2.0739857	2015	0.5763749
poi-50-1	2	0.67	12	2	108	1016	0.7367212	167	0.0228474
poi-50-1	2	0.67	12	2	217	2019	2.3339323	2551	0.7723545
poi-50-1	2	0.67	12	3	108	1016	0.7918571	513	0.0681621
poi-50-1	2	0.67	12	3	217	2025	2.8660135	4211	1.2896041
poi-50-1	2	0.67	25	1	108	1156	1.3651368	386	0.0899506
poi-50-1	2	0.67	25	1	217	2182	5.8528958	5600	3.0486912
poi-50-1	2	0.67	25	2	108	1245	2.7359747	4147	1.2266474
poi-50-1	2	0.67	25	2	217	2202	4.360958	2205	1.2939323
poi-50-1	2	0.67	25	3	108	1269	3.4281761	5224	1.7473823
poi-50-1	2	0.67	25	3	217	2216	3.2586315	140	0.0561061
poi-50-1	2	1	12	1	108	1074	0.6548717	75	0.0080379
poi-50-1	2	1	12	1	217	2212	2.1835602	1681	0.5277675
poi-50-1	2	1	12	2	108	1074	0.6460647	151	0.0178819
poi-50-1	2	1	12	2	217	2281	2.7763344	4255	1.2374845
poi-50-1	2	1	12	3	108	1074	0.6443359	152	0.0178098
poi-50-1	2	1	12	3	217	2234	1.9478765	1281	0.3741685
poi-50-1	2	1	25	1	108	1366	0.870967	917	0.1312817
poi-50-1	2	1	25	1	217	2431	4.4202518	7445	2.6143606
poi-50-1	2	1	25	2	108	1566	0.9340642	1624	0.227007
poi-50-1	2	1	25	2	217	2431	1.5549832	113	0.0205881
poi-50-1	2	1	25	3	108	1617	1.41111	4904	0.7013727
poi-50-1	2	1	25	3	217	2431	1.4626291	15	0.0030998
poi-50-1	2	1.34	12	1	108	1249	1.23319	4466	0.580961
poi-50-1	2	1.34	12	1	217	2607	2.5911549	3174	0.9656835
poi-50-1	2	1.34	12	2	108	1270	0.7471814	996	0.122398
poi-50-1	2	1.34	12	2	217	2660	3.6144417	7043	2.1160351
poi-50-1	2	1.34	12	3	108	1266	0.6561268	179	0.0212775
poi-50-1	2	1.34	12	3	217	2635	3.3636449	6497	1.8805872
poi-50-1	2	1.34	25	1	108	1606	1.348637	3857	0.5856401
poi-50-1	2	1.34	25	1	217	2905	2.1085953	796	0.2746097
poi-50-1	2	1.34	25	2	108	1965	1.3009427	4132	0.5848033
poi-50-1	2	1.34	25	2	217	3037	5.6787232	13007	4.1094964
poi-50-1	2	1.34	25	3	108	2026	0.8824341	1117	0.1606833
poi-50-1	2	1.34	25	3	217	3084	3.8319895	7768	2.3077882
poi-50-2	1	0.67	12	1	112	1443	1.0455779	120	0.0161779
poi-50-2	1	0.67	12	1	225	2070	2.1681475	1927	0.5715433
poi-50-2	1	0.67	12	2	112	1459	1.2061821	508	0.0990476
poi-50-2	1	0.67	12	2	225	2077	3.7500529	6507	2.1006587
poi-50-2	1	0.67	12	3	112	1479	1.1844968	32	0.0053572
poi-50-2	1	0.67	12	3	225	2078	2.5504072	2724	0.8729581
poi-50-2	1	0.67	24	1	112	1479	1.4255712	112	0.0225497
poi-50-2	1	0.67	24	1	225	2118	3.3404684	1211	0.6300742
poi-50-2	1	0.67	24	2	112	1517	1.9020605	361	0.1108726
poi-50-2	1	0.67	24	2	225	2175	3.9879879	1036	0.6395522
poi-50-2	1	0.67	24	3	112	1522	3.1192732	2615	1.0572857
poi-50-2	1	0.67	24	3	225	2185	3.8464932	236	0.0970582
poi-50-2	1	1	12	1	112	1529	1.1024828	776	0.1441623
poi-50-2	1	1	12	1	225	2123	2.9598604	1917	0.7384776
poi-50-2	1	1	12	2	112	1529	0.8436924	27	0.0042599
poi-50-2	1	1	12	2	225	2151	3.7857377	5450	1.9667372
poi-50-2	1	1	12	3	112	1564	1.4985731	4269	0.6881253
poi-50-2	1	1	12	3	225	2184	3.8796097	5935	2.0683501
poi-50-2	1	1	24	1	112	1542	1.7298368	2518	0.5780854
poi-50-2	1	1	24	1	225	2184	4.3294266	4121	1.9120028
poi-50-2	1	1	24	2	112	1623	1.4934942	2619	0.5111275
poi-50-2	1	1	24	2	225	2269	2.615995	2308	0.787411
poi-50-2	1	1	24	3	112	1670	1.3929096	2022	0.404986
poi-50-2	1	1	24	3	225	2325	2.0589781	1075	0.3357866
poi-50-2	1	1.34	12	1	112	1783	0.9810997	85	0.0139583
poi-50-2	1	1.34	12	1	225	2480	4.2349837	4835	2.0555044
poi-50-2	1	1.34	12	2	112	1879	1.1851925	2081	0.3454562
poi-50-2	1	1.34	12	2	225	2549	1.8742414	165	0.0295946
poi-50-2	1	1.34	12	3	112	1890	1.1052139	1935	0.3071893
poi-50-2	1	1.34	12	3	225	2574	2.3551738	1681	0.5412478
poi-50-2	1	1.34	24	1	112	1805	1.2166836	184	0.0384642
poi-50-2	1	1.34	24	1	225	2535	3.5295794	2411	1.1150039
poi-50-2	1	1.34	24	2	112	1985	1.8544511	4271	0.8563988
poi-50-2	1	1.34	24	2	225	2754	2.5679119	2057	0.6894115
poi-50-2	1	1.34	24	3	112	2023	1.4156593	2000	0.4045083
poi-50-2	1	1.34	24	3	225	2855	2.4647575	2143	0.7159194
poi-50-2	2	0.67	12	1	112	1467	1.3406726	1884	0.3523
poi-50-2	2	0.67	12	1	225	2088	1.6644437	409	0.0994729
poi-50-2	2	0.67	12	2	112	1480	1.2507733	1000	0.1969918
poi-50-2	2	0.67	12	2	225	2088	1.6772424	320	0.0773781
poi-50-2	2	0.67	12	3	112	1480	1.4024068	1480	0.3147677
poi-50-2	2	0.67	12	3	225	2110	1.6218056	217	0.0440863
poi-50-2	2	0.67	24	1	112	1625	2.2306445	1402	0.4633709
poi-50-2	2	0.67	24	1	225	2224	2.5514604	160	0.0500945
poi-50-2	2	0.67	24	2	112	1673	4.7452271	6145	2.5894975
poi-50-2	2	0.67	24	2	225	2229	3.6314173	1602	0.8079419
poi-50-2	2	0.67	24	3	112	1683	3.3863401	2150	0.9742705
poi-50-2	2	0.67	24	3	225	2229	7.5595748	7201	4.4394366
poi-50-2	2	1	12	1	112	1584	1.6683517	4076	0.7452957
poi-50-2	2	1	12	1	225	2253	2.3308577	708	0.231243
poi-50-2	2	1	12	2	112	1624	1.0289795	1357	0.2125491
poi-50-2	2	1	12	2	225	2255	1.9141267	135	0.0259021
poi-50-2	2	1	12	3	112	1629	0.9117992	722	0.1128719
poi-50-2	2	1	12	3	225	2255	1.8806021	23	0.0041649
poi-50-2	2	1	24	1	112	1823	2.2533711	5579	1.1758675
poi-50-2	2	1	24	1	225	2342	2.1860773	603	0.1985714
poi-50-2	2	1	24	2	112	2000	2.4298796	7982	1.4902297
poi-50-2	2	1	24	2	225	2390	2.0159072	976	0.3056759
poi-50-2	2	1	24	3	112	2032	2.3035125	7411	1.3686919
poi-50-2	2	1	24	3	225	2390	1.6990642	161	0.0397809
poi-50-2	2	1.34	12	1	112	1840	0.9744611	474	0.0707615
poi-50-2	2	1.34	12	1	225	2555	2.9357656	2261	0.8860472
poi-50-2	2	1.34	12	2	112	1935	1.0644188	1397	0.2249784
poi-50-2	2	1.34	12	2	225	2684	2.7847794	2387	0.8651605
poi-50-2	2	1.34	12	3	112	1955	0.8738352	353	0.0537796
poi-50-2	2	1.34	12	3	225	2694	2.6379637	2079	0.7563713
poi-50-2	2	1.34	24	1	112	2089	1.1851833	454	0.0906421
poi-50-2	2	1.34	24	1	225	2778	3.4188253	3939	1.4337441
poi-50-2	2	1.34	24	2	112	2382	1.0565092	594	0.1054336
poi-50-2	2	1.34	24	2	225	2867	1.7974686	89	0.0197055
poi-50-2	2	1.34	24	3	112	2518	1.226885	1573	0.2904804
poi-50-2	2	1.34	24	3	225	2964	3.409616	4914	1.6783549
poi-50-3	1	0.67	13	1	109	1070	0.8604145	130	0.018333
poi-50-3	1	0.67	13	1	218	1908	2.2080549	1763	0.5477826
poi-50-3	1	0.67	13	2	109	1095	1.8327381	5112	0.9203364
poi-50-3	1	0.67	13	2	218	1956	2.5094552	2339	0.7677519
poi-50-3	1	0.67	13	3	109	1095	1.528799	3285	0.5999052
poi-50-3	1	0.67	13	3	218	1980	1.8627216	312	0.0716912
poi-50-3	1	0.67	26	1	109	1107	1.1675831	98	0.0173581
poi-50-3	1	0.67	26	1	218	2026	2.5967227	243	0.0835561
poi-50-3	1	0.67	26	2	109	1157	2.247429	2853	0.7874681
poi-50-3	1	0.67	26	2	218	2113	3.1746728	140	0.0503861
poi-50-3	1	0.67	26	3	109	1192	2.2663846	1783	0.5666734
poi-50-3	1	0.67	26	3	218	2110	7.2548121	5052	3.6374183
poi-50-3	1	1	13	1	109	1101	0.877597	407	0.065389
poi-50-3	1	1	13	1	218	2023	4.0843635	5848	2.2127774
poi-50-3	1	1	13	2	109	1101	1.1392602	2832	0.4121948
poi-50-3	1	1	13	2	218	2082	1.8888936	876	0.2454648
poi-50-3	1	1	13	3	109	1111	0.842228	879	0.1237086
poi-50-3	1	1	13	3	218	2076	1.6095794	269	0.0685395
poi-50-3	1	1	26	1	109	1152	3.352993	10887	2.3534113
poi-50-3	1	1	26	1	218	2151	4.581884	5053	2.2781594
poi-50-3	1	1	26	2	109	1240	1.299501	2469	0.429304
poi-50-3	1	1	26	2	218	2210	1.8557774	499	0.1254537
poi-50-3	1	1	26	3	109	1279	0.9845743	495	0.0889171
poi-50-3	1	1	26	3	218	2352	1.9181037	1226	0.355428
poi-50-3	1	1.34	13	1	109	1279	1.2287763	2264	0.381678
poi-50-3	1	1.34	13	1	218	2334	3.5058213	3948	1.5334858
poi-50-3	1	1.34	13	2	109	1307	1.5129256	5278	0.7726221
poi-50-3	1	1.34	13	2	218	2433	2.7456092	3666	1.1300925
poi-50-3	1	1.34	13	3	109	1318	0.8355032	800	0.1133219
poi-50-3	1	1.34	13	3	218	2494	2.3271301	2550	0.7726791
poi-50-3	1	1.34	26	1	109	1279	1.1225272	443	0.0850506
poi-50-3	1	1.34	26	1	218	2354	2.7985486	1036	0.4296353
poi-50-3	1	1.34	26	2	109	1411	1.066297	1029	0.1802501
poi-50-3	1	1.34	26	2	218	2667	2.3168234	1768	0.5757111
poi-50-3	1	1.34	26	3	109	1590	1.3176709	2292	0.4118941
poi-50-3	1	1.34	26	3	218	2868	1.7986478	702	0.1902901
poi-50-3	2	0.67	13	1	109	1095	0.970758	778	0.1172809
poi-50-3	2	0.67	13	1	218	2042	1.9643932	1136	0.3253577
poi-50-3	2	0.67	13	2	109	1120	0.9299177	171	0.0241798
poi-50-3	2	0.67	13	2	218	2056	4.6526393	8719	2.9563243
poi-50-3	2	0.67	13	3	109	1120	1.1232175	1082	0.1887419
poi-50-3	2	0.67	13	3	218	2068	2.2481495	1531	0.4941265
poi-50-3	2	0.67	26	1	109	1241	1.8209636	1463	0.3935671
poi-50-3	2	0.67	26	1	218	2171	3.8288529	2075	1.0816862
poi-50-3	2	0.67	26	2	109	1353	3.9705986	5365	2.04024
poi-50-3	2	0.67	26	2	218	2197	4.4693429	2201	1.3200732
poi-50-3	2	0.67	26	3	109	1437	2.3037498	421	0.1507507
poi-50-3	2	0.67	26	3	218	2230	3.5204199	290	0.1502756
poi-50-3	2	1	13	1	109	1188	1.371231	3717	0.575743
poi-50-3	2	1	13	1	218	2169	2.1073098	873	0.2727701
poi-50-3	2	1	13	2	109	1212	1.568427	5627	0.8315557
poi-50-3	2	1	13	2	218	2233	2.1858645	1819	0.5650677
poi-50-3	2	1	13	3	109	1235	0.975955	1708	0.2426833
poi-50-3	2	1	13	3	218	2233	2.0493458	1514	0.4486136
poi-50-3	2	1	26	1	109	1390	0.9576127	133	0.0229031
poi-50-3	2	1	26	1	218	2398	3.0596311	3161	1.1579145
poi-50-3	2	1	26	2	109	1662	1.0006112	840	0.1410239
poi-50-3	2	1	26	2	218	2449	1.6135977	164	0.0320529
poi-50-3	2	1	26	3	109	1879	1.3127101	2738	0.4611444
poi-50-3	2	1	26	3	218	2449	1.5081377	10	0.00221
poi-50-3	2	1.34	13	1	109	1393	1.4000991	3747	0.5980276
poi-50-3	2	1.34	13	1	218	2572	4.5757006	7750	2.7643183
poi-50-3	2	1.34	13	2	109	1404	0.8477827	656	0.0945892
poi-50-3	2	1.34	13	2	218	2629	2.4658406	2867	0.8788491
poi-50-3	2	1.34	13	3	109	1656	0.8348003	687	0.0962859
poi-50-3	2	1.34	13	3	218	2618	3.5199123	6267	1.941249
poi-50-3	2	1.34	26	1	109	1620	1.0368785	467	0.083005
poi-50-3	2	1.34	26	1	218	2839	2.2272782	451	0.150706
poi-50-3	2	1.34	26	2	109	2063	1.5529104	3990	0.6820883
poi-50-3	2	1.34	26	2	218	3049	1.6905757	201	0.0447003
poi-50-3	2	1.34	26	3	109	2343	1.2351349	2212	0.3782207
poi-50-3	2	1.34	26	3	218	3082	2.980301	4543	1.3973517
poi-50-4	1	0.67	13	1	108	805	0.5699074	136	0.0131934
poi-50-4	1	0.67	13	1	216	1704	1.6944715	650	0.1305224
poi-50-4	1	0.67	13	2	108	815	0.5982893	60	0.0065591
poi-50-4	1	0.67	13	2	216	1699	2.9517848	4154	1.3060116
poi-50-4	1	0.67	13	3	108	815	0.6095621	11	0.0013033
poi-50-4	1	0.67	13	3	216	1729	1.6354134	114	0.0209865
poi-50-4	1	0.67	27	1	108	857	1.1998303	2517	0.3989053
poi-50-4	1	0.67	27	1	216	1831	4.8591758	5075	2.417308
poi-50-4	1	0.67	27	2	108	886	1.3133918	1184	0.2477249
poi-50-4	1	0.67	27	2	216	2016	3.2652434	480	0.1826117
poi-50-4	1	0.67	27	3	108	912	1.4979057	1035	0.2523981
poi-50-4	1	0.67	27	3	216	1984	5.1490907	2292	1.5590781
poi-50-4	1	1	13	1	108	838	0.5748109	162	0.0185586
poi-50-4	1	1	13	1	216	1710	2.0176876	1058	0.3200562
poi-50-4	1	1	13	2	108	838	0.5810166	0	0
poi-50-4	1	1	13	2	216	1807	2.2229966	2425	0.7176925
poi-50-4	1	1	13	3	108	866	0.7016072	930	0.1128918
poi-50-4	1	1	13	3	216	1825	1.9064322	1400	0.3919776
poi-50-4	1	1	27	1	108	905	0.7501718	360	0.052112
poi-50-4	1	1	27	1	216	1915	2.296217	1202	0.408193
poi-50-4	1	1	27	2	108	1010	0.7599113	450	0.0644896
poi-50-4	1	1	27	2	216	2143	3.6838224	7314	2.1762642
poi-50-4	1	1	27	3	108	1080	0.8089987	425	0.0648191
poi-50-4	1	1	27	3	216	2230	1.4484676	115	0.0267498
poi-50-4	1	1.34	13	1	108	965	0.666463	802	0.0920868
poi-50-4	1	1.34	13	1	216	1950	4.1702267	7348	2.4685101
poi-50-4	1	1.34	13	2	108	1008	1.0137237	3558	0.4218716
poi-50-4	1	1.34	13	2	216	2087	2.5200742	3292	0.9689637
poi-50-4	1	1.34	13	3	108	1023	1.0952292	4270	0.5096742
poi-50-4	1	1.34	13	3	216	2193	2.4917653	3198	0.9573253
poi-50-4	1	1.34	27	1	108	1053	0.993752	1801	0.2623278
poi-50-4	1	1.34	27	1	216	2221	3.1657483	3321	1.2454767
poi-50-4	1	1.34	27	2	108	1238	0.7971503	558	0.0806206
poi-50-4	1	1.34	27	2	216	2579	2.2187564	2239	0.6722905
poi-50-4	1	1.34	27	3	108	1364	1.0377763	1742	0.2679362
poi-50-4	1	1.34	27	3	216	2763	2.4897883	3793	1.0541385
poi-50-4	2	0.67	13	1	108	823	0.5736424	0	0
poi-50-4	2	0.67	13	1	216	1744	1.5824321	427	0.1050789
poi-50-4	2	0.67	13	2	108	823	0.5884867	0	0
poi-50-4	2	0.67	13	2	216	1753	1.9003689	1404	0.3840845
poi-50-4	2	0.67	13	3	108	823	0.602934	0	0
poi-50-4	2	0.67	13	3	216	1814	2.9099989	4632	1.3956555
poi-50-4	2	0.67	27	1	108	949	1.470108	1996	0.4095516
poi-50-4	2	0.67	27	1	216	2065	3.2186287	1402	0.6636059
poi-50-4	2	0.67	27	2	108	1076	2.2473231	2830	0.8066491
poi-50-4	2	0.67	27	2	216	2096	3.6331541	1189	0.6393695
poi-50-4	2	0.67	27	3	108	1090	1.7830872	587	0.175065
poi-50-4	2	0.67	27	3	216	2116	3.3328484	65	0.0246293
poi-50-4	2	1	13	1	108	907	1.218693	5610	0.6425864
poi-50-4	2	1	13	1	216	1894	2.0464695	1277	0.3673155
poi-50-4	2	1	13	2	108	912	0.8276873	2358	0.2656554
poi-50-4	2	1	13	2	216	1937	2.7480125	4015	1.2008021
poi-50-4	2	1	13	3	108	909	0.6266948	569	0.0650993
poi-50-4	2	1	13	3	216	2003	3.5126633	6435	1.9710345
poi-50-4	2	1	27	1	108	1116	1.1428418	3306	0.455615
poi-50-4	2	1	27	1	216	2294	1.9027628	1030	0.2918079
poi-50-4	2	1	27	2	108	1364	1.0858866	2992	0.4066115
poi-50-4	2	1	27	2	216	2408	1.573145	459	0.1153641
poi-50-4	2	1	27	3	108	1454	1.6609921	6691	0.9514877
poi-50-4	2	1	27	3	216	2408	1.442205	134	0.0271817
poi-50-4	2	1.34	13	1	108	1045	1.8156228	10703	1.2388485
poi-50-4	2	1.34	13	1	216	2190	3.3762537	5403	1.7322435
poi-50-4	2	1.34	13	2	108	1060	1.0875771	4466	0.5117666
poi-50-4	2	1.34	13	2	216	2312	3.3163072	6092	1.8381336
poi-50-4	2	1.34	13	3	108	1074	0.6914167	996	0.1133027
poi-50-4	2	1.34	13	3	216	2316	1.7998029	989	0.2684699
poi-50-4	2	1.34	27	1	108	1316	0.9917818	2141	0.2941803
poi-50-4	2	1.34	27	1	216	2743	1.8348983	702	0.1872023
poi-50-4	2	1.34	27	2	108	1607	1.122778	3216	0.440819
poi-50-4	2	1.34	27	2	216	2955	1.7797279	1124	0.3004466
poi-50-4	2	1.34	27	3	108	1793	0.7861928	436	0.064246
poi-50-4	2	1.34	27	3	216	3003	2.1632945	2545	0.7017019
poi-50-5	1	0.67	11	1	111	1255	1.0740254	829	0.1461161
poi-50-5	1	0.67	11	1	222	2089	3.3280482	5264	1.6940547
poi-50-5	1	0.67	11	2	111	1255	1.6479094	3446	0.6590769
poi-50-5	1	0.67	11	2	222	2074	2.1469602	1433	0.4575871
poi-50-5	1	0.67	11	3	111	1255	1.024171	126	0.019514
poi-50-5	1	0.67	11	3	222	2087	1.869435	604	0.1754591
poi-50-5	1	0.67	23	1	111	1326	1.6863627	453	0.129968
poi-50-5	1	0.67	23	1	222	2148	4.3031565	2812	1.5274169
poi-50-5	1	0.67	23	2	111	1384	2.5030686	1086	0.4135064
poi-50-5	1	0.67	23	2	222	2145	3.6709898	398	0.2340848
poi-50-5	1	0.67	23	3	111	1402	3.4133234	2158	1.0131626
poi-50-5	1	0.67	23	3	222	2159	5.9426297	2770	2.1018735
poi-50-5	1	1	11	1	111	1272	0.8360614	173	0.0251925
poi-50-5	1	1	11	1	222	2122	2.5610667	1667	0.590438
poi-50-5	1	1	11	2	111	1356	1.7810134	6946	1.030381
poi-50-5	1	1	11	2	222	2154	4.4218086	7849	2.6838343
poi-50-5	1	1	11	3	111	1356	0.775394	304	0.0390484
poi-50-5	1	1	11	3	222	2167	2.6847773	3240	1.020934
poi-50-5	1	1	23	1	111	1402	1.678221	2314	0.52
poi-50-5	1	1	23	1	222	2180	6.580678	9019	4.217111
poi-50-5	1	1	23	2	111	1491	1.2398188	1491	0.2791661
poi-50-5	1	1	23	2	222	2401	3.8779881	5982	2.102948
poi-50-5	1	1	23	3	111	1583	1.0277608	355	0.0673452
poi-50-5	1	1	23	3	222	2440	1.6551911	10	0.0023239
poi-50-5	1	1.34	11	1	111	1524	0.948293	735	0.1151584
poi-50-5	1	1.34	11	1	222	2445	2.9798746	2768	1.0461974
poi-50-5	1	1.34	11	2	111	1615	1.1962089	2963	0.4436692
poi-50-5	1	1.34	11	2	222	2480	2.5069307	2465	0.8100611
poi-50-5	1	1.34	11	3	111	1616	0.9093484	1078	0.1605691
poi-50-5	1	1.34	11	3	222	2502	1.7627004	289	0.0816687
poi-50-5	1	1.34	23	1	111	1563	1.7014517	2251	0.521619
poi-50-5	1	1.34	23	1	222	2541	4.7673347	5082	2.3407179
poi-50-5	1	1.34	23	2	111	1804	1.5751288	3020	0.5957777
poi-50-5	1	1.34	23	2	222	2802	2.2646615	1324	0.4448278
poi-50-5	1	1.34	23	3	111	1911	1.8280201	4253	0.8386359
poi-50-5	1	1.34	23	3	222	2996	5.2304056	10716	3.5350632
poi-50-5	2	0.67	11	1	111	1356	0.9318769	64	0.0094532
poi-50-5	2	0.67	11	1	222	2116	1.9301671	1144	0.328213
poi-50-5	2	0.67	11	2	111	1356	0.9662912	53	0.0081343
poi-50-5	2	0.67	11	2	222	2103	1.6713585	86	0.0133418
poi-50-5	2	0.67	11	3	111	1356	0.9519722	29	0.0071168
poi-50-5	2	0.67	11	3	222	2116	2.3062101	2046	0.6375687
poi-50-5	2	0.67	23	1	111	1509	3.1907438	3506	1.2965235
poi-50-5	2	0.67	23	1	222	2212	4.9816603	3912	2.1452996
poi-50-5	2	0.67	23	2	111	1557	3.5568737	2776	1.2465067
poi-50-5	2	0.67	23	2	222	2222	4.2254686	1745	1.0399459
poi-50-5	2	0.67	23	3	111	1598	3.5705625	2069	0.9922087
poi-50-5	2	0.67	23	3	222	2231	3.7266355	654	0.3882216
poi-50-5	2	1	11	1	111	1480	0.868018	526	0.0786964
poi-50-5	2	1	11	1	222	2247	4.3882338	6639	2.4674526
poi-50-5	2	1	11	2	111	1486	0.9342356	1451	0.2087388
poi-50-5	2	1	11	2	222	2290	4.5124108	8406	2.8055168
poi-50-5	2	1	11	3	111	1486	1.1060101	2752	0.3816776
poi-50-5	2	1	11	3	222	2252	2.5481106	2550	0.8218805
poi-50-5	2	1	23	1	111	1736	1.1095666	299	0.0575635
poi-50-5	2	1	23	1	222	2447	2.5702788	1730	0.629577
poi-50-5	2	1	23	2	111	1877	1.2813214	1863	0.3438084
poi-50-5	2	1	23	2	222	2467	1.6871911	64	0.0129186
poi-50-5	2	1	23	3	111	1937	1.7783068	4797	0.8696363
poi-50-5	2	1	23	3	222	2467	1.5995843	111	0.0244231
poi-50-5	2	1.34	11	1	111	1687	0.8578495	529	0.0695879
poi-50-5	2	1.34	11	1	222	2506	3.495178	4551	1.6178218
poi-50-5	2	1.34	11	2	111	1716	1.0348616	2219	0.3139911
poi-50-5	2	1.34	11	2	222	2579	5.3940626	11256	3.7272042
poi-50-5	2	1.34	11	3	111	1729	1.1442194	2998	0.4239373
poi-50-5	2	1.34	11	3	222	2571	2.5138184	2902	0.863673
poi-50-5	2	1.34	23	1	111	2022	1.6017352	2647	0.5450009
poi-50-5	2	1.34	23	1	222	2916	3.5747762	4303	1.5983907
poi-50-5	2	1.34	23	2	111	2297	1.639468	3676	0.693967
poi-50-5	2	1.34	23	2	222	3079	4.0378797	7026	2.3373793
poi-50-5	2	1.34	23	3	111	2351	1.2953333	2086	0.3772859
poi-50-5	2	1.34	23	3	222	3119	1.7450689	374	0.0982277
AverageObj: 1019.32, IterToBest: 1312.59, TimeToBest: 0.23
