InstanceName	alpha	beta	L	m	Tmax	ObjValue	CpuTime	IterToBest	TimeToBest
poi-10-1	1	0.67	15	1	59	201	0.0232777	0	0
poi-10-1	1	0.67	15	1	118	295	0.0400902	0	0
poi-10-1	1	0.67	15	2	59	201	0.0239791	0	0
poi-10-1	1	0.67	15	2	118	295	0.0408393	0	0
poi-10-1	1	0.67	15	3	59	201	0.0248244	0	0
poi-10-1	1	0.67	15	3	118	295	0.0419572	0	0
poi-10-1	1	0.67	30	1	59	201	0.0252416	0	0
poi-10-1	1	0.67	30	1	118	295	0.0523128	0	0
poi-10-1	1	0.67	30	2	59	201	0.0262035	0	0
poi-10-1	1	0.67	30	2	118	295	0.0550774	0	0
poi-10-1	1	0.67	30	3	59	201	0.0269491	0	0
poi-10-1	1	0.67	30	3	118	295	0.0584815	0	0
poi-10-1	1	1	15	1	59	201	0.032666	0	0
poi-10-1	1	1	15	1	118	295	0.0677129	0	0
poi-10-1	1	1	15	2	59	201	0.0339295	0	0
poi-10-1	1	1	15	2	118	295	0.0693511	0	0
poi-10-1	1	1	15	3	59	201	0.0353399	0	0
poi-10-1	1	1	15	3	118	295	0.0710759	0	0
poi-10-1	1	1	30	1	59	201	0.0355844	0	0
poi-10-1	1	1	30	1	118	295	0.0707637	0	0
poi-10-1	1	1	30	2	59	201	0.0395526	0	0
poi-10-1	1	1	30	2	118	295	0.076921	0	0
poi-10-1	1	1	30	3	59	201	0.0427683	0	0
poi-10-1	1	1	30	3	118	295	0.0831592	0	0
poi-10-1	1	1.33	15	1	59	233	0.0304388	0	0
poi-10-1	1	1.33	15	1	118	327	0.063137	0	0
poi-10-1	1	1.33	15	2	59	233	0.0319271	0	0
poi-10-1	1	1.33	15	2	118	327	0.0646171	0	0
poi-10-1	1	1.33	15	3	59	233	0.0330692	0	0
poi-10-1	1	1.33	15	3	118	327	0.0661188	0	0
poi-10-1	1	1.33	30	1	59	233	0.035083	0	0
poi-10-1	1	1.33	30	1	118	347	0.0651452	1	1.77E-05
poi-10-1	1	1.33	30	2	59	233	0.0385754	0	0
poi-10-1	1	1.33	30	2	118	347	0.0696544	7	0.0001812
poi-10-1	1	1.33	30	3	59	233	0.042234	0	0
poi-10-1	1	1.33	30	3	118	347	0.0743967	8	0.0001196
poi-10-1	2	0.67	15	1	59	201	0.0230516	0	0
poi-10-1	2	0.67	15	1	118	295	0.0397231	0	0
poi-10-1	2	0.67	15	2	59	201	0.0238588	0	0
poi-10-1	2	0.67	15	2	118	295	0.0406214	0	0
poi-10-1	2	0.67	15	3	59	201	0.0242765	0	0
poi-10-1	2	0.67	15	3	118	295	0.0416689	0	0
poi-10-1	2	0.67	30	1	59	201	0.0250751	0	0
poi-10-1	2	0.67	30	1	118	295	0.0516159	0	0
poi-10-1	2	0.67	30	2	59	201	0.0259925	0	0
poi-10-1	2	0.67	30	2	118	295	0.0547062	0	0
poi-10-1	2	0.67	30	3	59	201	0.0272194	0	0
poi-10-1	2	0.67	30	3	118	295	0.0575396	0	0
poi-10-1	2	1	15	1	59	201	0.0308258	0	0
poi-10-1	2	1	15	1	118	295	0.0672625	0	0
poi-10-1	2	1	15	2	59	201	0.031997	0	0
poi-10-1	2	1	15	2	118	295	0.0687015	0	0
poi-10-1	2	1	15	3	59	201	0.0332995	0	0
poi-10-1	2	1	15	3	118	295	0.0702355	0	0
poi-10-1	2	1	30	1	59	201	0.0351193	0	0
poi-10-1	2	1	30	1	118	295	0.0701621	0	0
poi-10-1	2	1	30	2	59	201	0.0391096	0	0
poi-10-1	2	1	30	2	118	295	0.0763803	0	0
poi-10-1	2	1	30	3	59	201	0.0424369	0	0
poi-10-1	2	1	30	3	118	295	0.0824002	0	0
poi-10-1	2	1.33	15	1	59	233	0.0305701	0	0
poi-10-1	2	1.33	15	1	118	327	0.0626232	0	0
poi-10-1	2	1.33	15	2	59	233	0.0317284	0	0
poi-10-1	2	1.33	15	2	118	327	0.0641851	0	0
poi-10-1	2	1.33	15	3	59	233	0.032769	0	0
poi-10-1	2	1.33	15	3	118	327	0.0660925	0	0
poi-10-1	2	1.33	30	1	59	233	0.0352436	0	0
poi-10-1	2	1.33	30	1	118	347	0.0651062	1	9.45E-05
poi-10-1	2	1.33	30	2	59	233	0.0386443	0	0
poi-10-1	2	1.33	30	2	118	347	0.0699789	1	1.57E-05
poi-10-1	2	1.33	30	3	59	233	0.0419535	0	0
poi-10-1	2	1.33	30	3	118	347	0.074874	3	4.73E-05
poi-10-2	1	0.67	13	1	58	76	0.0229792	0	0
poi-10-2	1	0.67	13	1	116	296	0.036116	5	4.04E-05
poi-10-2	1	0.67	13	2	58	76	0.0233629	0	0
poi-10-2	1	0.67	13	2	116	296	0.0366383	4	2.93E-05
poi-10-2	1	0.67	13	3	58	76	0.0239006	0	0
poi-10-2	1	0.67	13	3	116	296	0.0372643	5	3.67E-05
poi-10-2	1	0.67	27	1	58	76	0.027688	0	0
poi-10-2	1	0.67	27	1	116	296	0.0471414	15	0.0002256
poi-10-2	1	0.67	27	2	58	76	0.0288407	0	0
poi-10-2	1	0.67	27	2	116	296	0.049785	3	5.07E-05
poi-10-2	1	0.67	27	3	58	76	0.0299982	0	0
poi-10-2	1	0.67	27	3	116	296	0.0517471	7	5.92E-05
poi-10-2	1	1	13	1	58	76	0.0229079	0	0
poi-10-2	1	1	13	1	116	296	0.0605042	7	8.94E-05
poi-10-2	1	1	13	2	58	76	0.0234019	0	0
poi-10-2	1	1	13	2	116	296	0.0615369	5	6.57E-05
poi-10-2	1	1	13	3	58	76	0.02402	0	0
poi-10-2	1	1	13	3	116	296	0.0631114	25	0.0002931
poi-10-2	1	1	27	1	58	76	0.0276486	0	0
poi-10-2	1	1	27	1	116	296	0.071466	1	1.99E-05
poi-10-2	1	1	27	2	58	76	0.0288347	0	0
poi-10-2	1	1	27	2	116	296	0.0799334	4	7.96E-05
poi-10-2	1	1	27	3	58	76	0.0297937	0	0
poi-10-2	1	1	27	3	116	296	0.0847385	2	4.46E-05
poi-10-2	1	1.33	13	1	58	76	0.0228604	0	0
poi-10-2	1	1.33	13	1	116	313	0.0606198	3	4.29E-05
poi-10-2	1	1.33	13	2	58	76	0.0233683	0	0
poi-10-2	1	1.33	13	2	116	313	0.0618924	23	0.0003561
poi-10-2	1	1.33	13	3	58	76	0.0240455	0	0
poi-10-2	1	1.33	13	3	116	313	0.063212	16	0.000197
poi-10-2	1	1.33	27	1	58	76	0.0276263	0	0
poi-10-2	1	1.33	27	1	116	343	0.0724359	30	0.0004596
poi-10-2	1	1.33	27	2	58	76	0.0288024	0	0
poi-10-2	1	1.33	27	2	116	345	0.0826022	6	0.0001082
poi-10-2	1	1.33	27	3	58	76	0.0299161	0	0
poi-10-2	1	1.33	27	3	116	345	0.0863309	6	0.000117
poi-10-2	2	0.67	13	1	58	76	0.0228008	0	0
poi-10-2	2	0.67	13	1	116	296	0.0360483	14	9.92E-05
poi-10-2	2	0.67	13	2	58	76	0.0234839	0	0
poi-10-2	2	0.67	13	2	116	296	0.0365983	3	2.22E-05
poi-10-2	2	0.67	13	3	58	76	0.0239106	0	0
poi-10-2	2	0.67	13	3	116	296	0.0372556	12	8.93E-05
poi-10-2	2	0.67	27	1	58	76	0.0277703	0	0
poi-10-2	2	0.67	27	1	116	296	0.0479694	36	0.0004201
poi-10-2	2	0.67	27	2	58	76	0.0289139	0	0
poi-10-2	2	0.67	27	2	116	296	0.0496811	2	3.16E-05
poi-10-2	2	0.67	27	3	58	76	0.0298392	0	0
poi-10-2	2	0.67	27	3	116	296	0.0520108	7	6.2E-05
poi-10-2	2	1	13	1	58	76	0.0227603	0	0
poi-10-2	2	1	13	1	116	296	0.0604976	2	3.16E-05
poi-10-2	2	1	13	2	58	76	0.023467	0	0
poi-10-2	2	1	13	2	116	296	0.0620586	40	0.0005571
poi-10-2	2	1	13	3	58	76	0.0240669	0	0
poi-10-2	2	1	13	3	116	296	0.0628298	14	0.0001737
poi-10-2	2	1	27	1	58	76	0.0277731	0	0
poi-10-2	2	1	27	1	116	296	0.0681273	5	7.82E-05
poi-10-2	2	1	27	2	58	76	0.028787	0	0
poi-10-2	2	1	27	2	116	296	0.0752386	6	0.0001036
poi-10-2	2	1	27	3	58	76	0.0300903	0	0
poi-10-2	2	1	27	3	116	296	0.0795062	1	2.36E-05
poi-10-2	2	1.33	13	1	58	76	0.0229984	0	0
poi-10-2	2	1.33	13	1	116	313	0.0607757	4	5.56E-05
poi-10-2	2	1.33	13	2	58	76	0.0244471	0	0
poi-10-2	2	1.33	13	2	116	313	0.0606217	45	0.0005842
poi-10-2	2	1.33	13	3	58	76	0.0234656	0	0
poi-10-2	2	1.33	13	3	116	313	0.061578	2	7.74E-05
poi-10-2	2	1.33	27	1	58	76	0.0272362	0	0
poi-10-2	2	1.33	27	1	116	355	0.0697708	3	4.82E-05
poi-10-2	2	1.33	27	2	58	76	0.0282778	0	0
poi-10-2	2	1.33	27	2	116	355	0.0787735	2	3.65E-05
poi-10-2	2	1.33	27	3	58	76	0.0294004	0	0
poi-10-2	2	1.33	27	3	116	355	0.0820008	1	2.26E-05
poi-10-3	1	0.67	14	1	59	0	0.0213396	0	0
poi-10-3	1	0.67	14	1	119	243	0.0401184	0	0
poi-10-3	1	0.67	14	2	59	0	0.022027	0	0
poi-10-3	1	0.67	14	2	119	243	0.0428373	0	0
poi-10-3	1	0.67	14	3	59	0	0.0228301	0	0
poi-10-3	1	0.67	14	3	119	243	0.0441613	0	0
poi-10-3	1	0.67	28	1	59	0	0.0218145	0	0
poi-10-3	1	0.67	28	1	119	243	0.048729	0	0
poi-10-3	1	0.67	28	2	59	0	0.0226091	0	0
poi-10-3	1	0.67	28	2	119	243	0.0581032	0	0
poi-10-3	1	0.67	28	3	59	0	0.0237107	0	0
poi-10-3	1	0.67	28	3	119	243	0.0635035	0	0
poi-10-3	1	1	14	1	59	0	0.0212555	0	0
poi-10-3	1	1	14	1	119	243	0.0633262	0	0
poi-10-3	1	1	14	2	59	0	0.0221081	0	0
poi-10-3	1	1	14	2	119	243	0.0726955	0	0
poi-10-3	1	1	14	3	59	0	0.0230547	0	0
poi-10-3	1	1	14	3	119	243	0.0766142	0	0
poi-10-3	1	1	28	1	59	0	0.0219205	0	0
poi-10-3	1	1	28	1	119	243	0.0740563	0	0
poi-10-3	1	1	28	2	59	0	0.0226596	0	0
poi-10-3	1	1	28	2	119	243	0.0847991	0	0
poi-10-3	1	1	28	3	59	0	0.0235616	0	0
poi-10-3	1	1	28	3	119	243	0.0883703	0	0
poi-10-3	1	1.33	14	1	59	0	0.0213586	0	0
poi-10-3	1	1.33	14	1	119	275	0.06376	0	0
poi-10-3	1	1.33	14	2	59	0	0.0219863	0	0
poi-10-3	1	1.33	14	2	119	295	0.0753913	8	0.0001004
poi-10-3	1	1.33	14	3	59	0	0.0229945	0	0
poi-10-3	1	1.33	14	3	119	295	0.0790772	13	0.0001862
poi-10-3	1	1.33	28	1	59	0	0.0217889	0	0
poi-10-3	1	1.33	28	1	119	295	0.0716038	0	0
poi-10-3	1	1.33	28	2	59	0	0.0227734	0	0
poi-10-3	1	1.33	28	2	119	301	0.0785513	1	2.38E-05
poi-10-3	1	1.33	28	3	59	0	0.0235943	0	0
poi-10-3	1	1.33	28	3	119	301	0.0833208	15	0.0002649
poi-10-3	2	0.67	14	1	59	0	0.0213838	0	0
poi-10-3	2	0.67	14	1	119	243	0.0402542	0	0
poi-10-3	2	0.67	14	2	59	0	0.0220124	0	0
poi-10-3	2	0.67	14	2	119	243	0.0428286	0	0
poi-10-3	2	0.67	14	3	59	0	0.0230292	0	0
poi-10-3	2	0.67	14	3	119	243	0.0438955	0	0
poi-10-3	2	0.67	28	1	59	0	0.0218625	0	0
poi-10-3	2	0.67	28	1	119	243	0.0497031	0	0
poi-10-3	2	0.67	28	2	59	0	0.0226218	0	0
poi-10-3	2	0.67	28	2	119	243	0.0578596	0	0
poi-10-3	2	0.67	28	3	59	0	0.0235198	0	0
poi-10-3	2	0.67	28	3	119	243	0.0638051	0	0
poi-10-3	2	1	14	1	59	0	0.0213275	0	0
poi-10-3	2	1	14	1	119	243	0.0634305	0	0
poi-10-3	2	1	14	2	59	0	0.0221222	0	0
poi-10-3	2	1	14	2	119	243	0.0719578	0	0
poi-10-3	2	1	14	3	59	0	0.0228222	0	0
poi-10-3	2	1	14	3	119	243	0.0757702	0	0
poi-10-3	2	1	28	1	59	0	0.0217376	0	0
poi-10-3	2	1	28	1	119	243	0.0747092	0	0
poi-10-3	2	1	28	2	59	0	0.0226419	0	0
poi-10-3	2	1	28	2	119	243	0.0819711	0	0
poi-10-3	2	1	28	3	59	0	0.0235311	0	0
poi-10-3	2	1	28	3	119	243	0.084672	0	0
poi-10-3	2	1.33	14	1	59	0	0.0212272	0	0
poi-10-3	2	1.33	14	1	119	295	0.0649593	9	0.0001348
poi-10-3	2	1.33	14	2	59	0	0.0221287	0	0
poi-10-3	2	1.33	14	2	119	295	0.0792919	0	0
poi-10-3	2	1.33	14	3	59	0	0.0229286	0	0
poi-10-3	2	1.33	14	3	119	295	0.0829365	0	0
poi-10-3	2	1.33	28	1	59	0	0.0217113	0	0
poi-10-3	2	1.33	28	1	119	295	0.071086	0	0
poi-10-3	2	1.33	28	2	59	0	0.0227555	0	0
poi-10-3	2	1.33	28	2	119	301	0.0825055	65	0.0010675
poi-10-3	2	1.33	28	3	59	0	0.0236711	0	0
poi-10-3	2	1.33	28	3	119	301	0.0848796	1	1.91E-05
poi-10-4	1	0.67	13	1	59	163	0.0210046	0	0
poi-10-4	1	0.67	13	1	118	324	0.0364347	0	0
poi-10-4	1	0.67	13	2	59	163	0.0216409	0	0
poi-10-4	1	0.67	13	2	118	324	0.0367868	0	0
poi-10-4	1	0.67	13	3	59	163	0.0221683	0	0
poi-10-4	1	0.67	13	3	118	324	0.0376325	0	0
poi-10-4	1	0.67	26	1	59	173	0.0322185	0	0
poi-10-4	1	0.67	26	1	118	340	0.0518317	65	0.0007571
poi-10-4	1	0.67	26	2	59	173	0.0338268	0	0
poi-10-4	1	0.67	26	2	118	340	0.0542947	53	0.0006562
poi-10-4	1	0.67	26	3	59	173	0.0358219	0	0
poi-10-4	1	0.67	26	3	118	340	0.0562909	7	8.84E-05
poi-10-4	1	1	13	1	59	163	0.0232058	0	0
poi-10-4	1	1	13	1	118	324	0.0612147	0	0
poi-10-4	1	1	13	2	59	163	0.0238693	0	0
poi-10-4	1	1	13	2	118	324	0.0624754	0	0
poi-10-4	1	1	13	3	59	163	0.0245812	0	0
poi-10-4	1	1	13	3	118	324	0.0633858	0	0
poi-10-4	1	1	26	1	59	179	0.0299159	0	0
poi-10-4	1	1	26	1	118	358	0.0658136	4	6.25E-05
poi-10-4	1	1	26	2	59	179	0.0324069	0	0
poi-10-4	1	1	26	2	118	358	0.0710736	34	0.0004697
poi-10-4	1	1	26	3	59	179	0.0344635	0	0
poi-10-4	1	1	26	3	118	358	0.0776783	43	0.0007201
poi-10-4	1	1.33	13	1	59	163	0.0231883	0	0
poi-10-4	1	1.33	13	1	118	324	0.0614772	0	0
poi-10-4	1	1.33	13	2	59	163	0.023666	0	0
poi-10-4	1	1.33	13	2	118	324	0.0626141	0	0
poi-10-4	1	1.33	13	3	59	163	0.0244333	0	0
poi-10-4	1	1.33	13	3	118	324	0.0636116	0	0
poi-10-4	1	1.33	26	1	59	184	0.0287882	0	0
poi-10-4	1	1.33	26	1	118	399	0.0919823	0	0
poi-10-4	1	1.33	26	2	59	184	0.0313573	0	0
poi-10-4	1	1.33	26	2	118	399	0.0927128	0	0
poi-10-4	1	1.33	26	3	59	184	0.0333022	0	0
poi-10-4	1	1.33	26	3	118	399	0.099882	0	0
poi-10-4	2	0.67	13	1	59	163	0.0210773	0	0
poi-10-4	2	0.67	13	1	118	324	0.0363217	0	0
poi-10-4	2	0.67	13	2	59	163	0.0215429	0	0
poi-10-4	2	0.67	13	2	118	324	0.0367811	0	0
poi-10-4	2	0.67	13	3	59	163	0.0221023	0	0
poi-10-4	2	0.67	13	3	118	324	0.0375769	0	0
poi-10-4	2	0.67	26	1	59	173	0.032444	0	0
poi-10-4	2	0.67	26	1	118	340	0.0526056	106	0.0011615
poi-10-4	2	0.67	26	2	59	173	0.0343709	0	0
poi-10-4	2	0.67	26	2	118	340	0.0546189	32	0.0003498
poi-10-4	2	0.67	26	3	59	173	0.0366802	0	0
poi-10-4	2	0.67	26	3	118	340	0.0574817	15	0.0001862
poi-10-4	2	1	13	1	59	163	0.0233217	0	0
poi-10-4	2	1	13	1	118	324	0.0617106	0	0
poi-10-4	2	1	13	2	59	163	0.023975	0	0
poi-10-4	2	1	13	2	118	324	0.0627946	0	0
poi-10-4	2	1	13	3	59	163	0.0243697	0	0
poi-10-4	2	1	13	3	118	324	0.0638231	0	0
poi-10-4	2	1	26	1	59	179	0.0301661	0	0
poi-10-4	2	1	26	1	118	358	0.0648815	2	2.97E-05
poi-10-4	2	1	26	2	59	179	0.032615	0	0
poi-10-4	2	1	26	2	118	358	0.0707217	1	2.29E-05
poi-10-4	2	1	26	3	59	179	0.0355852	0	0
poi-10-4	2	1	26	3	118	358	0.076907	5	9.38E-05
poi-10-4	2	1.33	13	1	59	163	0.0233045	0	0
poi-10-4	2	1.33	13	1	118	324	0.0617283	0	0
poi-10-4	2	1.33	13	2	59	163	0.02395	0	0
poi-10-4	2	1.33	13	2	118	324	0.062791	0	0
poi-10-4	2	1.33	13	3	59	163	0.0245392	0	0
poi-10-4	2	1.33	13	3	118	324	0.0638174	0	0
poi-10-4	2	1.33	26	1	59	184	0.0297169	0	0
poi-10-4	2	1.33	26	1	118	399	0.0828165	0	0
poi-10-4	2	1.33	26	2	59	184	0.0319595	0	0
poi-10-4	2	1.33	26	2	118	399	0.0935674	0	0
poi-10-4	2	1.33	26	3	59	184	0.0342759	0	0
poi-10-4	2	1.33	26	3	118	399	0.1003624	0	0
poi-10-5	1	0.67	14	1	52	109	0.0285207	1	7.2E-06
poi-10-5	1	0.67	14	1	104	215	0.0366343	0	0
poi-10-5	1	0.67	14	2	52	109	0.0291596	1	6.7E-06
poi-10-5	1	0.67	14	2	104	215	0.0371847	0	0
poi-10-5	1	0.67	14	3	52	109	0.0298556	10	6.23E-05
poi-10-5	1	0.67	14	3	104	215	0.0379438	0	0
poi-10-5	1	0.67	28	1	52	109	0.0311389	1	7.1E-06
poi-10-5	1	0.67	28	1	104	215	0.0485511	0	0
poi-10-5	1	0.67	28	2	52	109	0.0318322	3	2.25E-05
poi-10-5	1	0.67	28	2	104	215	0.0537649	0	0
poi-10-5	1	0.67	28	3	52	109	0.0328696	3	2.24E-05
poi-10-5	1	0.67	28	3	104	215	0.057483	0	0
poi-10-5	1	1	14	1	52	109	0.0347613	2	1.66E-05
poi-10-5	1	1	14	1	104	215	0.0632429	0	0
poi-10-5	1	1	14	2	52	109	0.0356104	1	7.4E-06
poi-10-5	1	1	14	2	104	215	0.0648857	0	0
poi-10-5	1	1	14	3	52	109	0.0371087	3	2.53E-05
poi-10-5	1	1	14	3	104	215	0.0665049	0	0
poi-10-5	1	1	28	1	52	109	0.0383408	4	3.57E-05
poi-10-5	1	1	28	1	104	215	0.0647873	0	0
poi-10-5	1	1	28	2	52	109	0.041034	2	1.83E-05
poi-10-5	1	1	28	2	104	222	0.0780261	1	2.26E-05
poi-10-5	1	1	28	3	52	109	0.043205	2	1.89E-05
poi-10-5	1	1	28	3	104	222	0.0815308	3	6.3E-05
poi-10-5	1	1.33	14	1	52	126	0.034121	0	0
poi-10-5	1	1.33	14	1	104	235	0.0623742	0	0
poi-10-5	1	1.33	14	2	52	126	0.0351923	0	0
poi-10-5	1	1.33	14	2	104	235	0.0641699	0	0
poi-10-5	1	1.33	14	3	52	126	0.0359887	0	0
poi-10-5	1	1.33	14	3	104	235	0.0652738	0	0
poi-10-5	1	1.33	28	1	52	126	0.0381351	0	0
poi-10-5	1	1.33	28	1	104	256	0.0657798	0	0
poi-10-5	1	1.33	28	2	52	126	0.0409739	0	0
poi-10-5	1	1.33	28	2	104	264	0.0725284	47	0.0006763
poi-10-5	1	1.33	28	3	52	126	0.043401	0	0
poi-10-5	1	1.33	28	3	104	264	0.0772204	9	0.0001661
poi-10-5	2	0.67	14	1	52	109	0.0286759	1	6.8E-06
poi-10-5	2	0.67	14	1	104	215	0.0366007	0	0
poi-10-5	2	0.67	14	2	52	109	0.0294196	4	2.61E-05
poi-10-5	2	0.67	14	2	104	215	0.0372835	0	0
poi-10-5	2	0.67	14	3	52	109	0.0299547	3	2E-05
poi-10-5	2	0.67	14	3	104	215	0.0379117	0	0
poi-10-5	2	0.67	28	1	52	109	0.0311596	1	7.1E-06
poi-10-5	2	0.67	28	1	104	215	0.0484921	0	0
poi-10-5	2	0.67	28	2	52	109	0.0319948	1	7.3E-06
poi-10-5	2	0.67	28	2	104	215	0.054046	0	0
poi-10-5	2	0.67	28	3	52	109	0.0328684	6	4.35E-05
poi-10-5	2	0.67	28	3	104	215	0.0575418	0	0
poi-10-5	2	1	14	1	52	109	0.034571	1	6.9E-06
poi-10-5	2	1	14	1	104	215	0.0632509	0	0
poi-10-5	2	1	14	2	52	109	0.0359881	3	2.53E-05
poi-10-5	2	1	14	2	104	215	0.0649971	0	0
poi-10-5	2	1	14	3	52	109	0.036784	1	6.8E-06
poi-10-5	2	1	14	3	104	215	0.0663641	0	0
poi-10-5	2	1	28	1	52	109	0.0386277	3	2.65E-05
poi-10-5	2	1	28	1	104	215	0.0684416	0	0
poi-10-5	2	1	28	2	52	109	0.0412343	1	7.5E-06
poi-10-5	2	1	28	2	104	222	0.0739513	26	0.0004486
poi-10-5	2	1	28	3	52	109	0.0434472	2	1.87E-05
poi-10-5	2	1	28	3	104	222	0.0783893	11	0.0001729
poi-10-5	2	1.33	14	1	52	126	0.0339834	0	0
poi-10-5	2	1.33	14	1	104	235	0.0623598	0	0
poi-10-5	2	1.33	14	2	52	126	0.0352469	0	0
poi-10-5	2	1.33	14	2	104	235	0.063095	0	0
poi-10-5	2	1.33	14	3	52	126	0.0356055	0	0
poi-10-5	2	1.33	14	3	104	235	0.0644545	0	0
poi-10-5	2	1.33	28	1	52	126	0.0380386	0	0
poi-10-5	2	1.33	28	1	104	256	0.0695703	0	0
poi-10-5	2	1.33	28	2	52	126	0.0407547	0	0
poi-10-5	2	1.33	28	2	104	264	0.0761804	57	0.0009354
poi-10-5	2	1.33	28	3	52	126	0.0429736	0	0
poi-10-5	2	1.33	28	3	104	264	0.080945	38	0.0006005
poi-20-1	1	0.67	14	1	79	301	0.0837452	0	0
poi-20-1	1	0.67	14	1	159	634	0.1221381	0	0
poi-20-1	1	0.67	14	2	79	301	0.0853641	0	0
poi-20-1	1	0.67	14	2	159	634	0.124514	0	0
poi-20-1	1	0.67	14	3	79	301	0.0873941	0	0
poi-20-1	1	0.67	14	3	159	634	0.1275411	0	0
poi-20-1	1	0.67	28	1	79	301	0.1294578	0	0
poi-20-1	1	0.67	28	1	159	641	0.2029764	10	0.0002869
poi-20-1	1	0.67	28	2	79	353	0.1487812	6	0.0001985
poi-20-1	1	0.67	28	2	159	673	0.2528044	170	0.006931
poi-20-1	1	0.67	28	3	79	363	0.1668127	69	0.0023026
poi-20-1	1	0.67	28	3	159	721	0.4484835	3216	0.1713921
poi-20-1	1	1	14	1	79	301	0.1037011	0	0
poi-20-1	1	1	14	1	159	644	0.2755089	1100	0.0481048
poi-20-1	1	1	14	2	79	301	0.1078186	0	0
poi-20-1	1	1	14	2	159	644	0.3008322	2053	0.0871617
poi-20-1	1	1	14	3	79	301	0.1103714	0	0
poi-20-1	1	1	14	3	159	644	0.2443769	745	0.0322158
poi-20-1	1	1	28	1	79	336	0.1163794	12	0.0003058
poi-20-1	1	1	28	1	159	724	0.3738868	2190	0.1137207
poi-20-1	1	1	28	2	79	406	0.1324364	11	0.0003061
poi-20-1	1	1	28	2	159	765	0.2705691	168	0.0088063
poi-20-1	1	1	28	3	79	427	0.1422356	5	0.0001711
poi-20-1	1	1	28	3	159	801	0.2777904	98	0.005367
poi-20-1	1	1.33	14	1	79	352	0.1068389	0	0
poi-20-1	1	1.33	14	1	159	707	0.2405029	467	0.0197445
poi-20-1	1	1.33	14	2	79	352	0.1126694	0	0
poi-20-1	1	1.33	14	2	159	742	0.2801068	2268	0.0871651
poi-20-1	1	1.33	14	3	79	352	0.1163398	0	0
poi-20-1	1	1.33	14	3	159	742	0.2382506	1049	0.0406182
poi-20-1	1	1.33	28	1	79	372	0.1186472	6	0.0001535
poi-20-1	1	1.33	28	1	159	838	0.3252889	922	0.0504755
poi-20-1	1	1.33	28	2	79	457	0.1285674	6	0.0001539
poi-20-1	1	1.33	28	2	159	917	0.6319377	6541	0.3578929
poi-20-1	1	1.33	28	3	79	525	0.1393943	15	0.0003558
poi-20-1	1	1.33	28	3	159	939	0.4501466	3021	0.1700806
poi-20-1	2	0.67	14	1	79	301	0.0835681	0	0
poi-20-1	2	0.67	14	1	159	634	0.1216194	0	0
poi-20-1	2	0.67	14	2	79	301	0.0849575	0	0
poi-20-1	2	0.67	14	2	159	634	0.1238771	0	0
poi-20-1	2	0.67	14	3	79	301	0.0870937	0	0
poi-20-1	2	0.67	14	3	159	634	0.1272409	0	0
poi-20-1	2	0.67	28	1	79	317	0.1272513	88	0.0022678
poi-20-1	2	0.67	28	1	159	685	0.47132	5448	0.2427307
poi-20-1	2	0.67	28	2	79	363	0.1541317	13	0.0003862
poi-20-1	2	0.67	28	2	159	733	0.3908712	1828	0.0988461
poi-20-1	2	0.67	28	3	79	363	0.183633	10	0.0004201
poi-20-1	2	0.67	28	3	159	735	0.3312171	259	0.0136863
poi-20-1	2	1	14	1	79	301	0.1030553	0	0
poi-20-1	2	1	14	1	159	644	0.3222019	2182	0.0984348
poi-20-1	2	1	14	2	79	301	0.1059254	0	0
poi-20-1	2	1	14	2	159	668	0.4741646	6194	0.2622591
poi-20-1	2	1	14	3	79	301	0.1092148	0	0
poi-20-1	2	1	14	3	159	684	0.3181092	2427	0.1046129
poi-20-1	2	1	28	1	79	365	0.1427554	896	0.0221684
poi-20-1	2	1	28	1	159	814	0.4988973	5803	0.268404
poi-20-1	2	1	28	2	79	443	0.2064545	2091	0.0614215
poi-20-1	2	1	28	2	159	884	0.2395048	269	0.0124348
poi-20-1	2	1	28	3	79	447	0.1614589	120	0.0037825
poi-20-1	2	1	28	3	159	884	0.2465584	225	0.010827
poi-20-1	2	1.33	14	1	79	352	0.1081409	0	0
poi-20-1	2	1.33	14	1	159	727	0.3750113	3616	0.1558829
poi-20-1	2	1.33	14	2	79	352	0.109197	0	0
poi-20-1	2	1.33	14	2	159	754	0.2043445	394	0.014398
poi-20-1	2	1.33	14	3	79	352	0.1113214	0	0
poi-20-1	2	1.33	14	3	159	762	0.3605377	4375	0.1670894
poi-20-1	2	1.33	28	1	79	438	0.2427413	4314	0.1134744
poi-20-1	2	1.33	28	1	159	953	0.4334648	3944	0.1917815
poi-20-1	2	1.33	28	2	79	538	0.1910129	1216	0.0375667
poi-20-1	2	1.33	28	2	159	1039	0.3445894	2105	0.1023044
poi-20-1	2	1.33	28	3	79	561	0.2161434	966	0.0348901
poi-20-1	2	1.33	28	3	159	1076	0.7970047	11037	0.5487943
poi-20-2	1	0.67	13	1	80	291	0.0760852	0	0
poi-20-2	1	0.67	13	1	160	691	0.130296	521	0.0119339
poi-20-2	1	0.67	13	2	80	291	0.0767005	0	0
poi-20-2	1	0.67	13	2	160	699	0.1387414	797	0.0179114
poi-20-2	1	0.67	13	3	80	291	0.0781748	0	0
poi-20-2	1	0.67	13	3	160	699	0.144111	974	0.0225308
poi-20-2	1	0.67	26	1	80	335	0.1427689	2	6.13E-05
poi-20-2	1	0.67	26	1	160	735	0.2745297	872	0.03934
poi-20-2	1	0.67	26	2	80	335	0.1567879	1	0.0001121
poi-20-2	1	0.67	26	2	160	760	0.3735426	1443	0.0830679
poi-20-2	1	0.67	26	3	80	335	0.1693333	7	0.0002781
poi-20-2	1	0.67	26	3	160	760	0.348629	573	0.0338995
poi-20-2	1	1	13	1	80	291	0.1117824	0	0
poi-20-2	1	1	13	1	160	701	0.2027911	71	0.0027744
poi-20-2	1	1	13	2	80	291	0.1145443	0	0
poi-20-2	1	1	13	2	160	713	0.1996183	15	0.0006169
poi-20-2	1	1	13	3	80	291	0.11669	0	0
poi-20-2	1	1	13	3	160	713	0.20211	9	0.0003467
poi-20-2	1	1	26	1	80	359	0.1722426	1024	0.0299719
poi-20-2	1	1	26	1	160	821	0.4720824	5269	0.2438851
poi-20-2	1	1	26	2	80	359	0.1651527	0	0
poi-20-2	1	1	26	2	160	864	0.2458322	169	0.0084629
poi-20-2	1	1	26	3	80	366	0.2888928	2963	0.1087917
poi-20-2	1	1	26	3	160	864	0.2539226	163	0.0081409
poi-20-2	1	1.33	13	1	80	306	0.1104276	0	0
poi-20-2	1	1.33	13	1	160	732	0.1970159	16	0.0006016
poi-20-2	1	1.33	13	2	80	306	0.1128288	0	0
poi-20-2	1	1.33	13	2	160	747	0.2024611	188	0.007336
poi-20-2	1	1.33	13	3	80	306	0.1150512	0	0
poi-20-2	1	1.33	13	3	160	747	0.1990317	9	0.0003768
poi-20-2	1	1.33	26	1	80	438	0.3252475	5138	0.1634826
poi-20-2	1	1.33	26	1	160	981	0.3752062	2964	0.1399681
poi-20-2	1	1.33	26	2	80	441	0.4142327	6220	0.2352891
poi-20-2	1	1.33	26	2	160	1040	0.597595	7125	0.3519154
poi-20-2	1	1.33	26	3	80	441	0.3616594	4017	0.1661191
poi-20-2	1	1.33	26	3	160	1040	0.364724	2290	0.1147475
poi-20-2	2	0.67	13	1	80	291	0.0751314	0	0
poi-20-2	2	0.67	13	1	160	696	0.1223261	26	0.000531
poi-20-2	2	0.67	13	2	80	291	0.0762029	0	0
poi-20-2	2	0.67	13	2	160	699	0.1302104	335	0.0075574
poi-20-2	2	0.67	13	3	80	291	0.0781026	0	0
poi-20-2	2	0.67	13	3	160	699	0.1345847	430	0.0098522
poi-20-2	2	0.67	26	1	80	335	0.1307567	2	7.06E-05
poi-20-2	2	0.67	26	1	160	782	0.31867	1805	0.0828378
poi-20-2	2	0.67	26	2	80	335	0.1499238	12	0.0003967
poi-20-2	2	0.67	26	2	160	791	0.3696336	1833	0.0976667
poi-20-2	2	0.67	26	3	80	335	0.161487	11	0.0003819
poi-20-2	2	0.67	26	3	160	791	0.5276432	4023	0.2331383
poi-20-2	2	1	13	1	80	291	0.1100777	0	0
poi-20-2	2	1	13	1	160	716	0.2008662	5	0.0002168
poi-20-2	2	1	13	2	80	291	0.112761	0	0
poi-20-2	2	1	13	2	160	716	0.2053271	58	0.0022673
poi-20-2	2	1	13	3	80	291	0.1148348	0	0
poi-20-2	2	1	13	3	160	716	0.2098201	93	0.0035159
poi-20-2	2	1	26	1	80	359	0.1488358	1	3.74E-05
poi-20-2	2	1	26	1	160	902	0.2236771	403	0.0166738
poi-20-2	2	1	26	2	80	366	0.2928453	3679	0.1258571
poi-20-2	2	1	26	2	160	927	0.2305062	309	0.013385
poi-20-2	2	1	26	3	80	465	0.3549647	4763	0.1736267
poi-20-2	2	1	26	3	160	927	0.2388075	279	0.0126583
poi-20-2	2	1.33	13	1	80	306	0.1098126	0	0
poi-20-2	2	1.33	13	1	160	750	0.1980207	21	0.0008274
poi-20-2	2	1.33	13	2	80	306	0.1124871	0	0
poi-20-2	2	1.33	13	2	160	750	0.2035648	68	0.0026368
poi-20-2	2	1.33	13	3	80	306	0.1138651	0	0
poi-20-2	2	1.33	13	3	160	750	0.2036833	33	0.0013396
poi-20-2	2	1.33	26	1	80	438	0.1647994	88	0.0030028
poi-20-2	2	1.33	26	1	160	1065	0.265676	1405	0.058231
poi-20-2	2	1.33	26	2	80	441	0.2371727	2350	0.0765866
poi-20-2	2	1.33	26	2	160	1099	0.2708669	977	0.0445886
poi-20-2	2	1.33	26	3	80	441	0.3044828	4157	0.1392487
poi-20-2	2	1.33	26	3	160	1112	0.621671	8273	0.3875462
poi-20-3	1	0.67	15	1	85	336	0.0855923	0	0
poi-20-3	1	0.67	15	1	171	743	0.1252888	167	0.0034749
poi-20-3	1	0.67	15	2	85	336	0.0872921	0	0
poi-20-3	1	0.67	15	2	171	743	0.1238656	21	0.0005358
poi-20-3	1	0.67	15	3	85	336	0.0895918	0	0
poi-20-3	1	0.67	15	3	171	743	0.1265875	83	0.0017372
poi-20-3	1	0.67	31	1	85	336	0.1260102	0	0
poi-20-3	1	0.67	31	1	171	769	0.2001384	152	0.0054127
poi-20-3	1	0.67	31	2	85	336	0.1408868	0	0
poi-20-3	1	0.67	31	2	171	769	0.2446814	8	0.0003141
poi-20-3	1	0.67	31	3	85	336	0.1535293	0	0
poi-20-3	1	0.67	31	3	171	769	0.2700961	17	0.00079
poi-20-3	1	1	15	1	85	336	0.1162903	0	0
poi-20-3	1	1	15	1	171	773	0.2082614	10	0.0004408
poi-20-3	1	1	15	2	85	336	0.124754	0	0
poi-20-3	1	1	15	2	171	773	0.2114966	46	0.0018435
poi-20-3	1	1	15	3	85	336	0.1295003	0	0
poi-20-3	1	1	15	3	171	773	0.2178102	51	0.0022811
poi-20-3	1	1	31	1	85	336	0.1161614	0	0
poi-20-3	1	1	31	1	171	812	0.2580969	71	0.0034585
poi-20-3	1	1	31	2	85	372	0.1333188	1	2.61E-05
poi-20-3	1	1	31	2	171	859	0.2731257	456	0.0231591
poi-20-3	1	1	31	3	85	431	0.1554307	50	0.001675
poi-20-3	1	1	31	3	171	859	0.2686485	25	0.0014124
poi-20-3	1	1.33	15	1	85	375	0.1210716	0	0
poi-20-3	1	1.33	15	1	171	832	0.2369262	621	0.0254442
poi-20-3	1	1.33	15	2	85	375	0.1253493	0	0
poi-20-3	1	1.33	15	2	171	840	0.2305778	483	0.0196837
poi-20-3	1	1.33	15	3	85	375	0.1280437	0	0
poi-20-3	1	1.33	15	3	171	840	0.2148587	18	0.0008509
poi-20-3	1	1.33	31	1	85	419	0.1384909	0	0
poi-20-3	1	1.33	31	1	171	960	0.4894906	4136	0.2215602
poi-20-3	1	1.33	31	2	85	441	0.1447199	9	0.0003716
poi-20-3	1	1.33	31	2	171	1036	0.3473346	1544	0.0819687
poi-20-3	1	1.33	31	3	85	540	0.1592705	190	0.0061262
poi-20-3	1	1.33	31	3	171	1115	0.4859039	3740	0.2076365
poi-20-3	2	0.67	15	1	85	336	0.0860145	0	0
poi-20-3	2	0.67	15	1	171	755	0.1291557	190	0.0041503
poi-20-3	2	0.67	15	2	85	336	0.0876959	0	0
poi-20-3	2	0.67	15	2	171	755	0.1306947	154	0.0034317
poi-20-3	2	0.67	15	3	85	336	0.0894921	0	0
poi-20-3	2	0.67	15	3	171	755	0.1343956	248	0.0056265
poi-20-3	2	0.67	31	1	85	336	0.1262399	0	0
poi-20-3	2	0.67	31	1	171	769	0.2242605	12	0.0004519
poi-20-3	2	0.67	31	2	85	336	0.1379134	0	0
poi-20-3	2	0.67	31	2	171	769	0.2742594	47	0.0020889
poi-20-3	2	0.67	31	3	85	336	0.1515142	0	0
poi-20-3	2	0.67	31	3	171	801	0.5590687	4585	0.2663217
poi-20-3	2	1	15	1	85	336	0.111951	0	0
poi-20-3	2	1	15	1	171	773	0.2112875	174	0.0066034
poi-20-3	2	1	15	2	85	336	0.1165004	0	0
poi-20-3	2	1	15	2	171	773	0.2056427	33	0.001328
poi-20-3	2	1	15	3	85	336	0.118931	0	0
poi-20-3	2	1	15	3	171	773	0.2098305	48	0.0018482
poi-20-3	2	1	31	1	85	372	0.111842	15	0.0003636
poi-20-3	2	1	31	1	171	859	0.2297366	234	0.0102729
poi-20-3	2	1	31	2	85	475	0.1348776	7	0.0001984
poi-20-3	2	1	31	2	171	975	0.466262	5405	0.2427222
poi-20-3	2	1	31	3	85	483	0.149875	18	0.0005856
poi-20-3	2	1	31	3	171	999	0.2506896	309	0.0146839
poi-20-3	2	1.33	15	1	85	375	0.1222267	0	0
poi-20-3	2	1.33	15	1	171	833	0.3507097	3413	0.1414574
poi-20-3	2	1.33	15	2	85	375	0.1232662	0	0
poi-20-3	2	1.33	15	2	171	841	0.2097903	66	0.0027016
poi-20-3	2	1.33	15	3	85	375	0.1302037	0	0
poi-20-3	2	1.33	15	3	171	841	0.2134366	91	0.0040164
poi-20-3	2	1.33	31	1	85	441	0.1251962	26	0.0007691
poi-20-3	2	1.33	31	1	171	1023	0.2692791	993	0.0443792
poi-20-3	2	1.33	31	2	85	598	0.1462114	58	0.0019709
poi-20-3	2	1.33	31	2	171	1178	0.2993911	1491	0.0684172
poi-20-3	2	1.33	31	3	85	608	0.162674	6	0.0002538
poi-20-3	2	1.33	31	3	171	1241	0.3167323	1429	0.0710353
poi-20-4	1	0.67	13	1	78	412	0.0886067	0	0
poi-20-4	1	0.67	13	1	157	797	0.1296205	21	0.0005014
poi-20-4	1	0.67	13	2	78	412	0.0903501	0	0
poi-20-4	1	0.67	13	2	157	797	0.1324343	14	0.0003793
poi-20-4	1	0.67	13	3	78	412	0.0923787	0	0
poi-20-4	1	0.67	13	3	157	797	0.1335218	7	0.0001564
poi-20-4	1	0.67	26	1	78	412	0.1346019	0	0
poi-20-4	1	0.67	26	1	157	797	0.2195796	17	0.0006051
poi-20-4	1	0.67	26	2	78	412	0.149434	0	0
poi-20-4	1	0.67	26	2	157	819	0.358671	1505	0.0820599
poi-20-4	1	0.67	26	3	78	412	0.1650164	0	0
poi-20-4	1	0.67	26	3	157	827	0.3639928	923	0.0558658
poi-20-4	1	1	13	1	78	412	0.1198943	0	0
poi-20-4	1	1	13	1	157	811	0.2327188	1	6.7E-05
poi-20-4	1	1	13	2	78	412	0.1224903	0	0
poi-20-4	1	1	13	2	157	811	0.2358169	7	0.0002999
poi-20-4	1	1	13	3	78	412	0.1261971	0	0
poi-20-4	1	1	13	3	157	811	0.2414971	9	0.0004699
poi-20-4	1	1	26	1	78	429	0.144924	105	0.0030216
poi-20-4	1	1	26	1	157	841	0.3061995	1097	0.0546407
poi-20-4	1	1	26	2	78	469	0.1657317	37	0.0013278
poi-20-4	1	1	26	2	157	898	0.49928	5019	0.2510645
poi-20-4	1	1	26	3	78	511	0.2067322	714	0.0273955
poi-20-4	1	1	26	3	157	917	0.2867336	473	0.0245096
poi-20-4	1	1.33	13	1	78	466	0.1205387	0	0
poi-20-4	1	1.33	13	1	157	865	0.230928	36	0.0015961
poi-20-4	1	1.33	13	2	78	479	0.1279606	3	7.88E-05
poi-20-4	1	1.33	13	2	157	892	0.2318659	6	0.0002555
poi-20-4	1	1.33	13	3	78	479	0.1315027	6	0.0001625
poi-20-4	1	1.33	13	3	157	892	0.2337811	14	0.0006004
poi-20-4	1	1.33	26	1	78	504	0.1852351	106	0.0043392
poi-20-4	1	1.33	26	1	157	1014	0.3218394	1103	0.0578386
poi-20-4	1	1.33	26	2	78	538	0.1570671	20	0.0007551
poi-20-4	1	1.33	26	2	157	1045	0.2734243	21	0.0011735
poi-20-4	1	1.33	26	3	78	585	0.2327242	2069	0.0700011
poi-20-4	1	1.33	26	3	157	1070	0.3434799	1199	0.0665843
poi-20-4	2	0.67	13	1	78	412	0.0892317	0	0
poi-20-4	2	0.67	13	1	157	797	0.1317298	4	9.81E-05
poi-20-4	2	0.67	13	2	78	412	0.0915026	0	0
poi-20-4	2	0.67	13	2	157	797	0.134481	16	0.000359
poi-20-4	2	0.67	13	3	78	412	0.0930324	0	0
poi-20-4	2	0.67	13	3	157	797	0.1361833	16	0.0004079
poi-20-4	2	0.67	26	1	78	412	0.1299505	0	0
poi-20-4	2	0.67	26	1	157	879	0.2467467	222	0.008856
poi-20-4	2	0.67	26	2	78	412	0.1460871	0	0
poi-20-4	2	0.67	26	2	157	903	0.3078873	701	0.0345353
poi-20-4	2	0.67	26	3	78	412	0.1618187	0	0
poi-20-4	2	0.67	26	3	157	903	0.3711984	1234	0.0698746
poi-20-4	2	1	13	1	78	412	0.1177548	0	0
poi-20-4	2	1	13	1	157	811	0.2255011	5	0.0001831
poi-20-4	2	1	13	2	78	412	0.1214512	0	0
poi-20-4	2	1	13	2	157	811	0.2292817	4	0.0001507
poi-20-4	2	1	13	3	78	412	0.1247318	0	0
poi-20-4	2	1	13	3	157	811	0.2301233	3	0.0001372
poi-20-4	2	1	26	1	78	478	0.1364488	78	0.0020111
poi-20-4	2	1	26	1	157	961	0.3258996	2458	0.1067884
poi-20-4	2	1	26	2	78	520	0.1859948	189	0.0073219
poi-20-4	2	1	26	2	157	998	0.3390731	2692	0.1175481
poi-20-4	2	1	26	3	78	520	0.2028777	127	0.0053237
poi-20-4	2	1	26	3	157	998	0.2365246	68	0.0032589
poi-20-4	2	1.33	13	1	78	466	0.1207172	0	0
poi-20-4	2	1.33	13	1	157	865	0.2265737	21	0.0009046
poi-20-4	2	1.33	13	2	78	479	0.1278277	3	7.66E-05
poi-20-4	2	1.33	13	2	157	892	0.2267878	9	0.0003847
poi-20-4	2	1.33	13	3	78	479	0.1318295	2	5.17E-05
poi-20-4	2	1.33	13	3	157	892	0.2275407	38	0.0015517
poi-20-4	2	1.33	26	1	78	550	0.1748069	10	0.0004847
poi-20-4	2	1.33	26	1	157	1074	0.3790303	3534	0.1559813
poi-20-4	2	1.33	26	2	78	594	0.1617444	37	0.001251
poi-20-4	2	1.33	26	2	157	1139	0.3225109	1983	0.0912056
poi-20-4	2	1.33	26	3	78	609	0.2604876	2044	0.0762229
poi-20-4	2	1.33	26	3	157	1170	0.2487574	66	0.0034579
poi-20-5	1	0.67	13	1	74	303	0.1009989	12	0.0002354
poi-20-5	1	0.67	13	1	149	726	0.14312	578	0.0138654
poi-20-5	1	0.67	13	2	74	303	0.1064249	117	0.0025333
poi-20-5	1	0.67	13	2	149	726	0.2093027	2917	0.0762032
poi-20-5	1	0.67	13	3	74	303	0.1075706	16	0.0003155
poi-20-5	1	0.67	13	3	149	726	0.1993883	2433	0.0648392
poi-20-5	1	0.67	26	1	74	308	0.1457644	158	0.0046868
poi-20-5	1	0.67	26	1	149	739	0.2293821	906	0.0339412
poi-20-5	1	0.67	26	2	74	334	0.1573064	6	0.0001833
poi-20-5	1	0.67	26	2	149	763	0.241806	462	0.0179496
poi-20-5	1	0.67	26	3	74	334	0.1650503	4	0.0001183
poi-20-5	1	0.67	26	3	149	763	0.2483616	104	0.0040775
poi-20-5	1	1	13	1	74	333	0.1007462	8	0.0001784
poi-20-5	1	1	13	1	149	739	0.2381059	399	0.0170569
poi-20-5	1	1	13	2	74	333	0.1095945	43	0.001048
poi-20-5	1	1	13	2	149	762	0.2211184	4	0.0002012
poi-20-5	1	1	13	3	74	333	0.113084	8	0.0001662
poi-20-5	1	1	13	3	149	762	0.2298205	64	0.0027348
poi-20-5	1	1	26	1	74	341	0.128071	7	0.0001855
poi-20-5	1	1	26	1	149	824	0.2391769	20	0.0008167
poi-20-5	1	1	26	2	74	380	0.1427841	2	5.46E-05
poi-20-5	1	1	26	2	149	824	0.2444594	28	0.0013509
poi-20-5	1	1	26	3	74	380	0.1517459	24	0.0008541
poi-20-5	1	1	26	3	149	851	0.4990298	4913	0.2463383
poi-20-5	1	1.33	13	1	74	361	0.1130203	46	0.001154
poi-20-5	1	1.33	13	1	149	799	0.4612032	5488	0.241039
poi-20-5	1	1.33	13	2	74	361	0.1181132	11	0.0002573
poi-20-5	1	1.33	13	2	149	843	0.2297619	127	0.0055086
poi-20-5	1	1.33	13	3	74	361	0.1195523	22	0.0006654
poi-20-5	1	1.33	13	3	149	855	0.236233	207	0.0091199
poi-20-5	1	1.33	26	1	74	405	0.2215898	3227	0.0870437
poi-20-5	1	1.33	26	1	149	963	0.2642285	61	0.0034372
poi-20-5	1	1.33	26	2	74	456	0.1998154	1379	0.0430399
poi-20-5	1	1.33	26	2	149	995	0.2602108	92	0.0045022
poi-20-5	1	1.33	26	3	74	479	0.1679904	37	0.0013913
poi-20-5	1	1.33	26	3	149	1002	0.7036028	8347	0.4402673
poi-20-5	2	0.67	13	1	74	303	0.0987167	35	0.000984
poi-20-5	2	0.67	13	1	149	726	0.1720599	1693	0.0427129
poi-20-5	2	0.67	13	2	74	303	0.1021521	9	0.0001859
poi-20-5	2	0.67	13	2	149	726	0.1763731	1785	0.0448863
poi-20-5	2	0.67	13	3	74	303	0.1055095	20	0.0004995
poi-20-5	2	0.67	13	3	149	726	0.1658753	1239	0.0321502
poi-20-5	2	0.67	26	1	74	341	0.1425394	2	6.91E-05
poi-20-5	2	0.67	26	1	149	785	0.237768	201	0.0072303
poi-20-5	2	0.67	26	2	74	387	0.1683116	8	0.0002679
poi-20-5	2	0.67	26	2	149	785	0.2754231	113	0.0044799
poi-20-5	2	0.67	26	3	74	425	0.1829333	33	0.0013083
poi-20-5	2	0.67	26	3	149	785	0.2868686	31	0.0015528
poi-20-5	2	1	13	1	74	333	0.1074164	2	3.69E-05
poi-20-5	2	1	13	1	149	762	0.282457	1375	0.0610544
poi-20-5	2	1	13	2	74	333	0.1133059	6	0.0001339
poi-20-5	2	1	13	2	149	762	0.2271423	6	0.0003771
poi-20-5	2	1	13	3	74	333	0.1176717	8	0.0001937
poi-20-5	2	1	13	3	149	762	0.2279864	36	0.0014932
poi-20-5	2	1	26	1	74	390	0.1293356	12	0.0003757
poi-20-5	2	1	26	1	149	868	0.2730291	1628	0.0671642
poi-20-5	2	1	26	2	74	460	0.1540656	34	0.0011253
poi-20-5	2	1	26	2	149	902	0.2481411	836	0.0353302
poi-20-5	2	1	26	3	74	517	0.1629259	20	0.0006026
poi-20-5	2	1	26	3	149	902	0.2246482	15	0.000678
poi-20-5	2	1.33	13	1	74	361	0.1235257	46	0.0011936
poi-20-5	2	1.33	13	1	149	843	0.3041821	1925	0.0839506
poi-20-5	2	1.33	13	2	74	361	0.130032	1	1.84E-05
poi-20-5	2	1.33	13	2	149	855	0.2340101	210	0.009073
poi-20-5	2	1.33	13	3	74	361	0.13573	5	0.0001572
poi-20-5	2	1.33	13	3	149	855	0.2360368	154	0.0070386
poi-20-5	2	1.33	26	1	74	456	0.1351634	25	0.000676
poi-20-5	2	1.33	26	1	149	1014	0.3680467	3987	0.1641048
poi-20-5	2	1.33	26	2	74	528	0.1631095	2	6.78E-05
poi-20-5	2	1.33	26	2	149	1071	0.2998666	1821	0.0807285
poi-20-5	2	1.33	26	3	74	603	0.1742041	1	3.93E-05
poi-20-5	2	1.33	26	3	149	1088	0.3750997	2755	0.1337849
poi-30-1	1	0.67	13	1	85	463	0.2556182	0	0
poi-30-1	1	0.67	13	1	171	1062	0.3953223	149	0.0070875
poi-30-1	1	0.67	13	2	85	463	0.2747672	0	0
poi-30-1	1	0.67	13	2	171	1062	0.4608522	609	0.0476345
poi-30-1	1	0.67	13	3	85	463	0.2931155	0	0
poi-30-1	1	0.67	13	3	171	1062	0.4717088	619	0.0465533
poi-30-1	1	0.67	26	1	85	496	0.4268566	437	0.0316365
poi-30-1	1	0.67	26	1	171	1103	1.0931858	4059	0.4787264
poi-30-1	1	0.67	26	2	85	533	0.5565037	676	0.0622672
poi-30-1	1	0.67	26	2	171	1105	1.4153732	4873	0.7181277
poi-30-1	1	0.67	26	3	85	564	0.626986	432	0.0433416
poi-30-1	1	0.67	26	3	171	1115	0.8782575	282	0.0364263
poi-30-1	1	1	13	1	85	494	0.3421037	473	0.0304553
poi-30-1	1	1	13	1	171	1093	0.5135777	20	0.0015785
poi-30-1	1	1	13	2	85	500	0.4523382	2145	0.137573
poi-30-1	1	1	13	2	171	1110	0.5571188	1022	0.0913336
poi-30-1	1	1	13	3	85	540	0.3571766	475	0.0317057
poi-30-1	1	1	13	3	171	1110	0.6516098	2008	0.1818213
poi-30-1	1	1	26	1	85	559	0.6557902	3355	0.265044
poi-30-1	1	1	26	1	171	1182	0.6766333	473	0.0504828
poi-30-1	1	1	26	2	85	673	0.5430489	1573	0.1313579
poi-30-1	1	1	26	2	171	1216	0.7077988	1565	0.1672427
poi-30-1	1	1	26	3	85	677	0.5611827	872	0.0812633
poi-30-1	1	1	26	3	171	1286	0.7050739	1549	0.1646682
poi-30-1	1	1.33	13	1	85	568	0.3831319	630	0.0425688
poi-30-1	1	1.33	13	1	171	1215	0.9577409	4196	0.4343577
poi-30-1	1	1.33	13	2	85	585	0.5204669	2410	0.1703898
poi-30-1	1	1.33	13	2	171	1228	0.50366	193	0.0156858
poi-30-1	1	1.33	13	3	85	609	0.4297292	945	0.070516
poi-30-1	1	1.33	13	3	171	1242	0.5667639	842	0.0745127
poi-30-1	1	1.33	26	1	85	655	0.7396445	3292	0.2935976
poi-30-1	1	1.33	26	1	171	1326	0.7177362	780	0.0912258
poi-30-1	1	1.33	26	2	85	821	0.6119114	1464	0.1390115
poi-30-1	1	1.33	26	2	171	1502	0.5855213	282	0.0296317
poi-30-1	1	1.33	26	3	85	865	0.8860094	3506	0.3660098
poi-30-1	1	1.33	26	3	171	1564	1.3210314	7056	0.7739067
poi-30-1	2	0.67	13	1	85	463	0.2511641	0	0
poi-30-1	2	0.67	13	1	171	1071	0.4957802	1365	0.0986683
poi-30-1	2	0.67	13	2	85	463	0.2694955	0	0
poi-30-1	2	0.67	13	2	171	1070	0.4821337	861	0.0655886
poi-30-1	2	0.67	13	3	85	463	0.2844656	0	0
poi-30-1	2	0.67	13	3	171	1073	0.5262891	1336	0.1031347
poi-30-1	2	0.67	26	1	85	590	0.4262495	236	0.0167981
poi-30-1	2	0.67	26	1	171	1194	0.8770089	2101	0.2452068
poi-30-1	2	0.67	26	2	85	619	0.73869	2217	0.2284224
poi-30-1	2	0.67	26	2	171	1231	1.260777	3910	0.5437458
poi-30-1	2	0.67	26	3	85	619	0.6863147	748	0.0856219
poi-30-1	2	0.67	26	3	171	1231	1.0957533	1456	0.2290197
poi-30-1	2	1	13	1	85	557	0.4630756	2941	0.1734645
poi-30-1	2	1	13	1	171	1119	0.5144796	33	0.0031585
poi-30-1	2	1	13	2	85	557	0.3075645	179	0.0111695
poi-30-1	2	1	13	2	171	1123	0.5258767	411	0.0349558
poi-30-1	2	1	13	3	85	561	0.3078554	118	0.0075593
poi-30-1	2	1	13	3	171	1123	0.5020214	128	0.0097706
poi-30-1	2	1	26	1	85	677	0.3539967	4	0.0004787
poi-30-1	2	1	26	1	171	1367	0.8786621	3419	0.3540829
poi-30-1	2	1	26	2	85	758	0.4229168	321	0.0255451
poi-30-1	2	1	26	2	171	1417	0.5244036	412	0.0366708
poi-30-1	2	1	26	3	85	808	0.7443593	2962	0.2770256
poi-30-1	2	1	26	3	171	1417	0.5263999	326	0.0289046
poi-30-1	2	1.33	13	1	85	634	0.3984086	1209	0.0790641
poi-30-1	2	1.33	13	1	171	1251	0.5431966	442	0.0370432
poi-30-1	2	1.33	13	2	85	655	0.7085275	5401	0.3684045
poi-30-1	2	1.33	13	2	171	1270	0.7881281	3105	0.3002634
poi-30-1	2	1.33	13	3	85	680	0.4501601	1407	0.0998997
poi-30-1	2	1.33	13	3	171	1293	0.6214139	1366	0.131742
poi-30-1	2	1.33	26	1	85	836	0.7417221	5221	0.3779695
poi-30-1	2	1.33	26	1	171	1588	0.5212701	10	0.0007883
poi-30-1	2	1.33	26	2	85	912	0.6983073	3469	0.2851442
poi-30-1	2	1.33	26	2	171	1704	0.7389967	2630	0.2480494
poi-30-1	2	1.33	26	3	85	989	0.6958886	2096	0.20506
poi-30-1	2	1.33	26	3	171	1737	0.6443501	1516	0.1459451
poi-30-2	1	0.67	12	1	95	641	0.1937152	436	0.0153163
poi-30-2	1	0.67	12	1	190	1154	0.3726194	620	0.0399114
poi-30-2	1	0.67	12	2	95	641	0.293967	3336	0.1178549
poi-30-2	1	0.67	12	2	190	1164	0.4581923	2015	0.1287753
poi-30-2	1	0.67	12	3	95	641	0.3085849	2746	0.1083184
poi-30-2	1	0.67	12	3	190	1164	0.3471497	261	0.0119845
poi-30-2	1	0.67	25	1	95	654	0.3570266	810	0.0501704
poi-30-2	1	0.67	25	1	190	1231	1.3325827	5123	0.6712627
poi-30-2	1	0.67	25	2	95	665	0.4274694	383	0.0306669
poi-30-2	1	0.67	25	2	190	1259	1.9334547	7300	1.1378512
poi-30-2	1	0.67	25	3	95	679	0.517866	391	0.0373889
poi-30-2	1	0.67	25	3	190	1263	2.8603457	11549	1.984869
poi-30-2	1	1	12	1	95	657	0.2269616	17	0.0008303
poi-30-2	1	1	12	1	190	1201	0.638487	773	0.0746093
poi-30-2	1	1	12	2	95	680	0.2320513	8	0.0003203
poi-30-2	1	1	12	2	190	1255	0.7371045	1795	0.1840556
poi-30-2	1	1	12	3	95	680	0.2366276	6	0.0002649
poi-30-2	1	1	12	3	190	1255	0.659939	1018	0.0941153
poi-30-2	1	1	25	1	95	701	0.3238612	37	0.0024248
poi-30-2	1	1	25	1	190	1309	1.1168714	3513	0.4529749
poi-30-2	1	1	25	2	95	786	0.5306661	2996	0.19867
poi-30-2	1	1	25	2	190	1369	0.8113772	2579	0.2714249
poi-30-2	1	1	25	3	95	840	0.5070573	1684	0.1293619
poi-30-2	1	1	25	3	190	1387	0.7433288	2247	0.2272465
poi-30-2	1	1.33	12	1	95	755	0.22744	30	0.0015109
poi-30-2	1	1.33	12	1	190	1311	0.6655904	898	0.0890544
poi-30-2	1	1.33	12	2	95	778	0.2392598	48	0.0023836
poi-30-2	1	1.33	12	2	190	1366	0.5739388	258	0.0193733
poi-30-2	1	1.33	12	3	95	783	0.2591868	395	0.0192401
poi-30-2	1	1.33	12	3	190	1356	0.5636915	63	0.0048457
poi-30-2	1	1.33	25	1	95	829	0.3716345	197	0.013887
poi-30-2	1	1.33	25	1	190	1498	0.7552805	760	0.0946447
poi-30-2	1	1.33	25	2	95	955	0.8601054	6939	0.5011729
poi-30-2	1	1.33	25	2	190	1654	1.2868978	6692	0.7329956
poi-30-2	1	1.33	25	3	95	1030	0.4538127	452	0.0380616
poi-30-2	1	1.33	25	3	190	1701	0.6104529	845	0.0835287
poi-30-2	2	0.67	12	1	95	654	0.1869101	24	0.0009373
poi-30-2	2	0.67	12	1	190	1179	0.3395172	54	0.0025677
poi-30-2	2	0.67	12	2	95	654	0.1821223	6	0.0002791
poi-30-2	2	0.67	12	2	190	1209	0.5758616	3546	0.2363087
poi-30-2	2	0.67	12	3	95	654	0.1881605	55	0.0018912
poi-30-2	2	0.67	12	3	190	1209	0.8085226	6929	0.466497
poi-30-2	2	0.67	25	1	95	805	0.382779	214	0.014968
poi-30-2	2	0.67	25	1	190	1281	1.5816105	6672	0.896698
poi-30-2	2	0.67	25	2	95	890	0.4631716	16	0.0013511
poi-30-2	2	0.67	25	2	190	1281	1.1092606	2484	0.3620105
poi-30-2	2	0.67	25	3	95	902	0.5608428	56	0.0059315
poi-30-2	2	0.67	25	3	190	1267	0.9243905	827	0.1276752
poi-30-2	2	1	12	1	95	680	0.2284637	45	0.0021272
poi-30-2	2	1	12	1	190	1268	0.6639891	906	0.0878784
poi-30-2	2	1	12	2	95	680	0.2271479	15	0.0007188
poi-30-2	2	1	12	2	190	1268	0.5641384	151	0.0112236
poi-30-2	2	1	12	3	95	680	0.2296655	8	0.0004243
poi-30-2	2	1	12	3	190	1268	0.5654726	65	0.004972
poi-30-2	2	1	25	1	95	925	0.3359709	592	0.0350679
poi-30-2	2	1	25	1	190	1410	0.5722337	182	0.0159381
poi-30-2	2	1	25	2	95	1067	0.3213148	38	0.0023962
poi-30-2	2	1	25	2	190	1410	0.4867532	45	0.0034938
poi-30-2	2	1	25	3	95	1067	0.3564905	503	0.0322069
poi-30-2	2	1	25	3	190	1410	0.4850264	3	0.0002301
poi-30-2	2	1.33	12	1	95	785	0.256026	429	0.0200843
poi-30-2	2	1.33	12	1	190	1356	0.5911112	145	0.0138076
poi-30-2	2	1.33	12	2	95	785	0.2500482	328	0.0151057
poi-30-2	2	1.33	12	2	190	1366	0.7541137	1813	0.192922
poi-30-2	2	1.33	12	3	95	785	0.296538	1239	0.0593562
poi-30-2	2	1.33	12	3	190	1366	1.0364906	4307	0.4721647
poi-30-2	2	1.33	25	1	95	1088	0.4856051	2779	0.1727549
poi-30-2	2	1.33	25	1	190	1685	0.9230575	3230	0.3536255
poi-30-2	2	1.33	25	2	95	1282	0.3533718	276	0.018578
poi-30-2	2	1.33	25	2	190	1751	0.5572324	742	0.0616799
poi-30-2	2	1.33	25	3	95	1302	0.7379378	5703	0.3920776
poi-30-2	2	1.33	25	3	190	1764	0.6603026	1500	0.1513581
poi-30-3	1	0.67	12	1	86	441	0.2740609	2254	0.0855421
poi-30-3	1	0.67	12	1	172	1140	0.4049023	795	0.0490052
poi-30-3	1	0.67	12	2	86	460	0.2638136	1686	0.0667571
poi-30-3	1	0.67	12	2	172	1148	0.4766	1655	0.1075862
poi-30-3	1	0.67	12	3	86	466	0.4100822	5122	0.2078929
poi-30-3	1	0.67	12	3	172	1156	0.6730506	4050	0.2985729
poi-30-3	1	0.67	24	1	86	531	0.2730717	71	0.0037722
poi-30-3	1	0.67	24	1	172	1277	0.7698587	925	0.1174032
poi-30-3	1	0.67	24	2	86	540	0.3474435	112	0.0080414
poi-30-3	1	0.67	24	2	172	1293	0.8660016	173	0.0230331
poi-30-3	1	0.67	24	3	86	545	0.3941487	34	0.0031125
poi-30-3	1	0.67	24	3	172	1300	0.9471074	17	0.0024613
poi-30-3	1	1	12	1	86	487	0.2606854	468	0.0233819
poi-30-3	1	1	12	1	172	1198	1.0167388	4984	0.5055263
poi-30-3	1	1	12	2	86	487	0.240356	109	0.0052748
poi-30-3	1	1	12	2	172	1215	0.6072221	1082	0.1058496
poi-30-3	1	1	12	3	86	487	0.255437	186	0.0096536
poi-30-3	1	1	12	3	172	1215	0.9190463	4253	0.4204345
poi-30-3	1	1	24	1	86	613	0.339107	578	0.0351743
poi-30-3	1	1	24	1	172	1375	0.6077364	219	0.0211513
poi-30-3	1	1	24	2	86	627	0.3137668	29	0.0019367
poi-30-3	1	1	24	2	172	1437	0.5614837	601	0.057113
poi-30-3	1	1	24	3	86	627	0.3535975	5	0.0004628
poi-30-3	1	1	24	3	172	1449	0.5144175	304	0.02802
poi-30-3	1	1.33	12	1	86	519	0.2762749	316	0.0170618
poi-30-3	1	1.33	12	1	172	1300	0.9252286	4299	0.4237529
poi-30-3	1	1.33	12	2	86	521	0.3372308	1454	0.0782211
poi-30-3	1	1.33	12	2	172	1317	0.5921587	1064	0.0916504
poi-30-3	1	1.33	12	3	86	521	0.2716399	7	0.0005545
poi-30-3	1	1.33	12	3	172	1332	0.6352609	1439	0.1365052
poi-30-3	1	1.33	24	1	86	718	0.4734692	1854	0.1284583
poi-30-3	1	1.33	24	1	172	1580	0.7471758	1298	0.146036
poi-30-3	1	1.33	24	2	86	779	0.9513146	8750	0.6057913
poi-30-3	1	1.33	24	2	172	1766	0.7356011	2378	0.2340164
poi-30-3	1	1.33	24	3	86	799	0.4797666	1451	0.1085023
poi-30-3	1	1.33	24	3	172	1810	0.9149469	4330	0.4233523
poi-30-3	2	0.67	12	1	86	460	0.2017798	338	0.0129646
poi-30-3	2	0.67	12	1	172	1165	0.7190727	5000	0.3572745
poi-30-3	2	0.67	12	2	86	466	0.3016457	2650	0.1045457
poi-30-3	2	0.67	12	2	172	1163	0.5076402	1780	0.1311145
poi-30-3	2	0.67	12	3	86	466	0.2719836	1726	0.0697366
poi-30-3	2	0.67	12	3	172	1165	0.4894882	1612	0.1114237
poi-30-3	2	0.67	24	1	86	601	0.6126152	4840	0.302238
poi-30-3	2	0.67	24	1	172	1310	0.8052053	195	0.0251989
poi-30-3	2	0.67	24	2	86	607	0.4582664	877	0.0678641
poi-30-3	2	0.67	24	2	172	1324	1.3093268	2395	0.4172034
poi-30-3	2	0.67	24	3	86	607	0.4590715	118	0.0108126
poi-30-3	2	0.67	24	3	172	1324	1.8543778	5535	0.9677682
poi-30-3	2	1	12	1	86	487	0.215974	8	0.0004146
poi-30-3	2	1	12	1	172	1225	0.5704061	648	0.0628897
poi-30-3	2	1	12	2	86	506	0.2351377	362	0.0162065
poi-30-3	2	1	12	2	172	1225	0.5219255	292	0.0230258
poi-30-3	2	1	12	3	86	506	0.2358545	220	0.0099191
poi-30-3	2	1	12	3	172	1225	0.642255	1373	0.1342805
poi-30-3	2	1	24	1	86	711	0.3244184	711	0.039703
poi-30-3	2	1	24	1	172	1449	0.5183158	189	0.0156414
poi-30-3	2	1	24	2	86	720	0.3166366	117	0.0071519
poi-30-3	2	1	24	2	172	1449	0.4393996	2	0.0002972
poi-30-3	2	1	24	3	86	720	0.3222224	30	0.0018598
poi-30-3	2	1	24	3	172	1449	0.4595906	1	0.0001145
poi-30-3	2	1.33	12	1	86	519	0.242666	185	0.0091217
poi-30-3	2	1.33	12	1	172	1332	0.4892517	32	0.0022386
poi-30-3	2	1.33	12	2	86	586	0.284612	813	0.0424998
poi-30-3	2	1.33	12	2	172	1345	0.6969546	2171	0.2029466
poi-30-3	2	1.33	12	3	86	586	0.299736	1055	0.0543804
poi-30-3	2	1.33	12	3	172	1345	0.6385638	1695	0.1572708
poi-30-3	2	1.33	24	1	86	828	0.330359	577	0.03361
poi-30-3	2	1.33	24	1	172	1731	1.0453139	5746	0.5620606
poi-30-3	2	1.33	24	2	86	889	0.3283962	28	0.0019303
poi-30-3	2	1.33	24	2	172	1802	0.7230255	3196	0.2771143
poi-30-3	2	1.33	24	3	86	902	0.4249643	1332	0.0892278
poi-30-3	2	1.33	24	3	172	1829	0.5234202	575	0.050606
poi-30-4	1	0.67	11	1	91	798	0.2850641	200	0.0099396
poi-30-4	1	0.67	11	1	183	1211	0.7395044	5163	0.3706195
poi-30-4	1	0.67	11	2	91	798	0.3428201	1022	0.0571688
poi-30-4	1	0.67	11	2	183	1211	0.4921108	1770	0.1253285
poi-30-4	1	0.67	11	3	91	798	0.3987459	1829	0.1052008
poi-30-4	1	0.67	11	3	183	1211	0.4687948	1292	0.0895115
poi-30-4	1	0.67	23	1	91	852	0.4784416	48	0.0039998
poi-30-4	1	0.67	23	1	183	1215	0.6242788	352	0.0285794
poi-30-4	1	0.67	23	2	91	882	0.788775	1402	0.1673914
poi-30-4	1	0.67	23	2	183	1215	0.7071934	87	0.0071467
poi-30-4	1	0.67	23	3	91	910	1.0937148	2825	0.3982542
poi-30-4	1	0.67	23	3	183	1215	0.8360992	101	0.010054
poi-30-4	1	1	11	1	91	842	0.5941008	5774	0.3177863
poi-30-4	1	1	11	1	183	1226	0.5473463	10	0.0010116
poi-30-4	1	1	11	2	91	842	0.2869169	217	0.0118664
poi-30-4	1	1	11	2	183	1226	0.5179773	36	0.0028966
poi-30-4	1	1	11	3	91	842	0.2870925	124	0.0066861
poi-30-4	1	1	11	3	183	1226	0.5125441	14	0.0011239
poi-30-4	1	1	23	1	91	901	0.5204973	1768	0.1367145
poi-30-4	1	1	23	1	183	1226	0.6916677	16	0.0020374
poi-30-4	1	1	23	2	91	932	0.4576257	532	0.0438929
poi-30-4	1	1	23	2	183	1226	0.6233203	5	0.0005868
poi-30-4	1	1	23	3	91	1017	0.4829734	80	0.0077064
poi-30-4	1	1	23	3	183	1262	0.7613674	1598	0.1858141
poi-30-4	1	1.33	11	1	91	899	0.6140234	6072	0.3369214
poi-30-4	1	1.33	11	1	183	1395	0.621008	590	0.058685
poi-30-4	1	1.33	11	2	91	916	0.322948	550	0.032667
poi-30-4	1	1.33	11	2	183	1425	0.7656752	2360	0.2382888
poi-30-4	1	1.33	11	3	91	916	0.3041851	140	0.0083806
poi-30-4	1	1.33	11	3	183	1427	0.5374484	227	0.0171925
poi-30-4	1	1.33	23	1	91	1002	0.797658	5036	0.4008231
poi-30-4	1	1.33	23	1	183	1474	1.1497638	3446	0.4663895
poi-30-4	1	1.33	23	2	91	1114	0.4731458	311	0.0272347
poi-30-4	1	1.33	23	2	183	1527	0.6291049	189	0.0230768
poi-30-4	1	1.33	23	3	91	1248	0.5261971	131	0.0130467
poi-30-4	1	1.33	23	3	183	1582	1.45665	7206	0.8722156
poi-30-4	2	0.67	11	1	91	801	0.3278006	1151	0.0600554
poi-30-4	2	0.67	11	1	183	1215	0.4739152	1589	0.1090825
poi-30-4	2	0.67	11	2	91	801	0.545381	4896	0.2689772
poi-30-4	2	0.67	11	2	183	1215	0.4021655	498	0.0316706
poi-30-4	2	0.67	11	3	91	813	0.4263532	2633	0.1453538
poi-30-4	2	0.67	11	3	183	1215	0.4043313	475	0.0262473
poi-30-4	2	0.67	23	1	91	977	1.1961842	5296	0.6101017
poi-30-4	2	0.67	23	1	183	1215	0.5937139	81	0.0062318
poi-30-4	2	0.67	23	2	91	978	0.7520944	47	0.0061609
poi-30-4	2	0.67	23	2	183	1215	0.7094341	71	0.0067139
poi-30-4	2	0.67	23	3	91	978	0.8356773	40	0.0060197
poi-30-4	2	0.67	23	3	183	1215	0.816635	115	0.0148965
poi-30-4	2	1	11	1	91	842	0.3081269	915	0.0491375
poi-30-4	2	1	11	1	183	1226	0.5521788	8	0.0007271
poi-30-4	2	1	11	2	91	863	0.4159979	2784	0.1483116
poi-30-4	2	1	11	2	183	1226	0.5312643	2	0.0002665
poi-30-4	2	1	11	3	91	863	0.3437726	1214	0.0675918
poi-30-4	2	1	11	3	183	1226	0.5350095	1	0.0001648
poi-30-4	2	1	23	1	91	1074	0.4615763	1092	0.082195
poi-30-4	2	1	23	1	183	1285	1.0084463	3104	0.3860491
poi-30-4	2	1	23	2	91	1092	0.4180251	155	0.0123863
poi-30-4	2	1	23	2	183	1298	0.6276106	357	0.0393174
poi-30-4	2	1	23	3	91	1092	0.4545011	11	0.0010995
poi-30-4	2	1	23	3	183	1298	0.5856679	96	0.0092716
poi-30-4	2	1.33	11	1	91	942	0.5180051	4482	0.2459261
poi-30-4	2	1.33	11	1	183	1402	0.600346	568	0.0543258
poi-30-4	2	1.33	11	2	91	952	0.300761	301	0.0173342
poi-30-4	2	1.33	11	2	183	1431	0.533674	174	0.0171664
poi-30-4	2	1.33	11	3	91	952	0.3034784	117	0.0068371
poi-30-4	2	1.33	11	3	183	1431	0.5768738	510	0.0496593
poi-30-4	2	1.33	23	1	91	1256	0.6058294	2241	0.1885093
poi-30-4	2	1.33	23	1	183	1495	1.1345802	4154	0.513929
poi-30-4	2	1.33	23	2	91	1352	1.7244264	14465	1.2826137
poi-30-4	2	1.33	23	2	183	1560	0.9563028	3236	0.3686468
poi-30-4	2	1.33	23	3	91	1393	1.2321626	7953	0.7547002
poi-30-4	2	1.33	23	3	183	1604	1.6017722	8921	1.0252977
poi-30-5	1	0.67	13	1	82	422	0.1646761	98	0.0032863
poi-30-5	1	0.67	13	1	164	1199	0.4134048	650	0.0417851
poi-30-5	1	0.67	13	2	82	441	0.1785687	151	0.0052674
poi-30-5	1	0.67	13	2	164	1206	0.7076818	4328	0.3257595
poi-30-5	1	0.67	13	3	82	441	0.1815387	17	0.0005984
poi-30-5	1	0.67	13	3	164	1206	0.624009	3188	0.2351601
poi-30-5	1	0.67	26	1	82	454	0.3426859	2830	0.124264
poi-30-5	1	0.67	26	1	164	1233	1.1334768	4407	0.523349
poi-30-5	1	0.67	26	2	82	496	0.2690785	64	0.0035066
poi-30-5	1	0.67	26	2	164	1266	0.7752647	268	0.0307243
poi-30-5	1	0.67	26	3	82	529	0.3086789	14	0.0009046
poi-30-5	1	0.67	26	3	164	1281	0.8970315	457	0.0563544
poi-30-5	1	1	13	1	82	457	0.3287111	3310	0.1312412
poi-30-5	1	1	13	1	164	1254	0.6561857	1647	0.1592763
poi-30-5	1	1	13	2	82	494	0.2121027	4	0.0001935
poi-30-5	1	1	13	2	164	1254	0.689105	2194	0.2078407
poi-30-5	1	1	13	3	82	494	0.2208384	9	0.0004767
poi-30-5	1	1	13	3	164	1254	0.6297156	1471	0.1419859
poi-30-5	1	1	26	1	82	499	0.2236711	214	0.0096771
poi-30-5	1	1	26	1	164	1318	1.0192938	4118	0.4567446
poi-30-5	1	1	26	2	82	562	0.248338	101	0.0051188
poi-30-5	1	1	26	2	164	1387	0.6882332	1854	0.1837374
poi-30-5	1	1	26	3	82	612	0.2839602	423	0.0220985
poi-30-5	1	1	26	3	164	1433	0.9499594	4554	0.4522986
poi-30-5	1	1.33	13	1	82	506	0.4037396	3619	0.1715486
poi-30-5	1	1.33	13	1	164	1408	0.9283566	4583	0.4406137
poi-30-5	1	1.33	13	2	82	563	0.2374258	7	0.000426
poi-30-5	1	1.33	13	2	164	1442	1.6023429	11697	1.1200422
poi-30-5	1	1.33	13	3	82	569	0.4016392	3133	0.1565802
poi-30-5	1	1.33	13	3	164	1432	0.70205	2239	0.2124239
poi-30-5	1	1.33	26	1	82	589	0.2662416	198	0.010331
poi-30-5	1	1.33	26	1	164	1499	0.5695036	221	0.0204104
poi-30-5	1	1.33	26	2	82	649	0.2713594	61	0.0033105
poi-30-5	1	1.33	26	2	164	1680	0.9977064	5245	0.5172127
poi-30-5	1	1.33	26	3	82	715	0.2824553	17	0.0010807
poi-30-5	1	1.33	26	3	164	1735	1.1325458	6552	0.6415626
poi-30-5	2	0.67	13	1	82	472	0.1792817	51	0.0017382
poi-30-5	2	0.67	13	1	164	1211	0.6207329	3406	0.2479741
poi-30-5	2	0.67	13	2	82	487	0.194037	111	0.0042374
poi-30-5	2	0.67	13	2	164	1211	0.5419374	2166	0.1595538
poi-30-5	2	0.67	13	3	82	487	0.1976421	22	0.0007226
poi-30-5	2	0.67	13	3	164	1211	0.5770522	2463	0.18624
poi-30-5	2	0.67	26	1	82	500	0.2611198	36	0.0016403
poi-30-5	2	0.67	26	1	164	1328	1.1597221	3833	0.4985267
poi-30-5	2	0.67	26	2	82	524	0.3369474	54	0.0031691
poi-30-5	2	0.67	26	2	164	1357	0.7735039	46	0.0056708
poi-30-5	2	0.67	26	3	82	529	0.395849	254	0.0194067
poi-30-5	2	0.67	26	3	164	1371	0.7954368	20	0.0048711
poi-30-5	2	1	13	1	82	525	0.1939975	38	0.0017098
poi-30-5	2	1	13	1	164	1268	0.5035185	18	0.0014309
poi-30-5	2	1	13	2	82	562	0.1963349	18	0.0007659
poi-30-5	2	1	13	2	164	1268	0.4984083	9	0.0008401
poi-30-5	2	1	13	3	82	562	0.2086949	124	0.005191
poi-30-5	2	1	13	3	164	1268	0.5076475	31	0.0023215
poi-30-5	2	1	26	1	82	575	0.2273883	31	0.0015649
poi-30-5	2	1	26	1	164	1447	0.5135452	28	0.0022583
poi-30-5	2	1	26	2	82	612	0.2613964	3	0.000192
poi-30-5	2	1	26	2	164	1469	0.4557847	27	0.0021122
poi-30-5	2	1	26	3	82	633	0.2889823	51	0.0029881
poi-30-5	2	1	26	3	164	1527	0.5969941	1526	0.1374695
poi-30-5	2	1.33	13	1	82	594	0.222689	33	0.001648
poi-30-5	2	1.33	13	1	164	1409	0.504518	333	0.0265382
poi-30-5	2	1.33	13	2	82	633	0.228406	54	0.0027204
poi-30-5	2	1.33	13	2	164	1439	0.5082974	424	0.03119
poi-30-5	2	1.33	13	3	82	633	0.233915	84	0.0038583
poi-30-5	2	1.33	13	3	164	1436	0.9617666	5194	0.4850101
poi-30-5	2	1.33	26	1	82	672	0.2524288	94	0.0047837
poi-30-5	2	1.33	26	1	164	1687	0.9879254	4738	0.4760211
poi-30-5	2	1.33	26	2	82	741	0.272225	33	0.0017772
poi-30-5	2	1.33	26	2	164	1786	1.0050176	6118	0.5649174
poi-30-5	2	1.33	26	3	82	761	0.4010196	907	0.0623337
poi-30-5	2	1.33	26	3	164	1860	0.9568917	5428	0.497181
poi-40-1	1	0.67	12	1	101	1042	0.4956381	0	0
poi-40-1	1	0.67	12	1	202	1598	1.670957	5049	0.8314523
poi-40-1	1	0.67	12	2	101	1042	0.546276	0	0
poi-40-1	1	0.67	12	2	202	1598	1.2890088	2517	0.4195336
poi-40-1	1	0.67	12	3	101	1042	0.5564833	0	0
poi-40-1	1	0.67	12	3	202	1599	1.2772299	2428	0.3895725
poi-40-1	1	0.67	24	1	101	1083	0.7904165	3	0.0008026
poi-40-1	1	0.67	24	1	202	1670	1.4246864	485	0.1015545
poi-40-1	1	0.67	24	2	101	1128	1.3076391	1379	0.2643274
poi-40-1	1	0.67	24	2	202	1688	1.8698308	772	0.2389107
poi-40-1	1	0.67	24	3	101	1143	1.4657647	1223	0.2701275
poi-40-1	1	0.67	24	3	202	1740	4.0863299	6081	2.2285932
poi-40-1	1	1	12	1	101	1079	0.7284101	1454	0.1677687
poi-40-1	1	1	12	1	202	1631	1.5797135	1713	0.3674447
poi-40-1	1	1	12	2	101	1084	0.5618275	544	0.0555123
poi-40-1	1	1	12	2	202	1659	1.2219517	730	0.1371979
poi-40-1	1	1	12	3	101	1084	0.5169803	95	0.0097203
poi-40-1	1	1	12	3	202	1659	1.0692374	14	0.0017488
poi-40-1	1	1	24	1	101	1164	1.7317768	7379	1.0308319
poi-40-1	1	1	24	1	202	1782	3.1838643	7724	1.9198679
poi-40-1	1	1	24	2	101	1218	0.7858677	1313	0.1614772
poi-40-1	1	1	24	2	202	1832	1.6679489	3224	0.6337086
poi-40-1	1	1	24	3	101	1259	0.8096135	1004	0.135057
poi-40-1	1	1	24	3	202	1888	2.2092867	6199	1.2104677
poi-40-1	1	1.34	12	1	101	1250	0.5636088	40	0.0042678
poi-40-1	1	1.34	12	1	202	1860	1.8134383	3001	0.6639525
poi-40-1	1	1.34	12	2	101	1279	0.5558716	422	0.0429654
poi-40-1	1	1.34	12	2	202	1929	1.6309614	3075	0.583947
poi-40-1	1	1.34	12	3	101	1296	0.914642	3784	0.394919
poi-40-1	1	1.34	12	3	202	1968	1.38609	1687	0.3300428
poi-40-1	1	1.34	24	1	101	1321	1.1766397	3273	0.4646747
poi-40-1	1	1.34	24	1	202	2023	2.9063558	6537	1.6279839
poi-40-1	1	1.34	24	2	101	1478	0.6527733	43	0.0080431
poi-40-1	1	1.34	24	2	202	2195	1.210157	937	0.1802203
poi-40-1	1	1.34	24	3	101	1560	1.0984564	2906	0.4060246
poi-40-1	1	1.34	24	3	202	2293	1.45577	2406	0.4638192
poi-40-1	2	0.67	12	1	101	1054	0.5081486	106	0.0086932
poi-40-1	2	0.67	12	1	202	1607	1.149076	1773	0.2865745
poi-40-1	2	0.67	12	2	101	1054	0.5241984	4	0.0002949
poi-40-1	2	0.67	12	2	202	1633	1.0082569	933	0.1335991
poi-40-1	2	0.67	12	3	101	1054	0.5494792	142	0.0129804
poi-40-1	2	0.67	12	3	202	1606	0.9093468	232	0.0272815
poi-40-1	2	0.67	24	1	101	1170	0.8800268	17	0.0022421
poi-40-1	2	0.67	24	1	202	1727	2.4613799	4235	1.1008484
poi-40-1	2	0.67	24	2	101	1201	1.8706003	3421	0.7546185
poi-40-1	2	0.67	24	2	202	1754	2.1896703	2139	0.6081258
poi-40-1	2	0.67	24	3	101	1199	1.2350462	6	0.0011561
poi-40-1	2	0.67	24	3	202	1757	2.6767269	2727	0.933779
poi-40-1	2	1	12	1	101	1167	0.7098372	1675	0.1756587
poi-40-1	2	1	12	1	202	1706	1.2723528	296	0.0478861
poi-40-1	2	1	12	2	101	1167	0.511322	224	0.0209009
poi-40-1	2	1	12	2	202	1734	2.444444	6092	1.3238003
poi-40-1	2	1	12	3	101	1167	0.5339523	342	0.0338826
poi-40-1	2	1	12	3	202	1719	1.393349	1334	0.2524393
poi-40-1	2	1	24	1	101	1336	0.6380497	155	0.0171608
poi-40-1	2	1	24	1	202	1865	1.2299935	632	0.1114167
poi-40-1	2	1	24	2	101	1370	1.0328982	3960	0.454618
poi-40-1	2	1	24	2	202	1893	1.0281544	233	0.034054
poi-40-1	2	1	24	3	101	1398	0.6359836	123	0.0155357
poi-40-1	2	1	24	3	202	1893	0.969914	17	0.0025557
poi-40-1	2	1.34	12	1	101	1370	0.5878892	533	0.0537029
poi-40-1	2	1.34	12	1	202	1935	1.3872724	1152	0.2293276
poi-40-1	2	1.34	12	2	101	1399	0.587999	919	0.0901487
poi-40-1	2	1.34	12	2	202	2004	3.1913612	10246	2.1396611
poi-40-1	2	1.34	12	3	101	1399	0.6754019	1716	0.1723299
poi-40-1	2	1.34	12	3	202	2014	1.7175466	3239	0.6599413
poi-40-1	2	1.34	24	1	101	1560	1.3709194	5845	0.7328904
poi-40-1	2	1.34	24	1	202	2199	1.6539758	2668	0.5519032
poi-40-1	2	1.34	24	2	101	1684	0.6655569	643	0.0752848
poi-40-1	2	1.34	24	2	202	2332	1.8577029	4536	0.8685311
poi-40-1	2	1.34	24	3	101	1761	0.9420657	2377	0.3021393
poi-40-1	2	1.34	24	3	202	2362	1.3496979	2002	0.3716889
poi-40-2	1	0.67	12	1	97	838	0.5316846	929	0.0786005
poi-40-2	1	0.67	12	1	194	1629	0.9249953	966	0.1275051
poi-40-2	1	0.67	12	2	97	846	0.4968059	236	0.0191742
poi-40-2	1	0.67	12	2	194	1660	1.4838341	4249	0.6551553
poi-40-2	1	0.67	12	3	97	846	0.6548714	1682	0.1608194
poi-40-2	1	0.67	12	3	194	1660	2.1829104	8212	1.342153
poi-40-2	1	0.67	24	1	97	894	0.8865605	1540	0.2029021
poi-40-2	1	0.67	24	1	194	1696	1.5855154	912	0.2077908
poi-40-2	1	0.67	24	2	97	918	0.864394	88	0.012245
poi-40-2	1	0.67	24	2	194	1700	1.662028	112	0.0193157
poi-40-2	1	0.67	24	3	97	918	0.9774007	48	0.007358
poi-40-2	1	0.67	24	3	194	1693	1.8665095	42	0.0099764
poi-40-2	1	1	12	1	97	886	0.610218	1129	0.111472
poi-40-2	1	1	12	1	194	1699	1.3717548	1581	0.3115358
poi-40-2	1	1	12	2	97	898	0.5559877	1019	0.0934882
poi-40-2	1	1	12	2	194	1699	0.9909994	221	0.0281865
poi-40-2	1	1	12	3	97	903	0.6866595	2287	0.2167415
poi-40-2	1	1	12	3	194	1699	0.9482276	37	0.0049135
poi-40-2	1	1	24	1	97	935	0.6637595	592	0.0706345
poi-40-2	1	1	24	1	194	1765	2.1566284	3315	0.8329902
poi-40-2	1	1	24	2	97	999	0.8424709	2437	0.2757841
poi-40-2	1	1	24	2	194	1818	1.1296955	553	0.1054091
poi-40-2	1	1	24	3	97	1032	0.726324	1058	0.1271841
poi-40-2	1	1	24	3	194	1860	2.0814011	6022	1.126753
poi-40-2	1	1.34	12	1	97	980	0.5209054	279	0.0275375
poi-40-2	1	1.34	12	1	194	1954	1.4040763	1912	0.3644855
poi-40-2	1	1.34	12	2	97	1050	0.6186096	1628	0.1521939
poi-40-2	1	1.34	12	2	194	1975	1.5511559	3323	0.5976625
poi-40-2	1	1.34	12	3	97	1090	0.770925	3165	0.2969251
poi-40-2	1	1.34	12	3	194	2006	2.5301595	8677	1.6066326
poi-40-2	1	1.34	24	1	97	1079	1.7049185	8721	1.0791091
poi-40-2	1	1.34	24	1	194	2111	2.4157872	4101	1.0757527
poi-40-2	1	1.34	24	2	97	1261	0.9745615	3277	0.3810814
poi-40-2	1	1.34	24	2	194	2208	1.8299238	3875	0.7852455
poi-40-2	1	1.34	24	3	97	1278	0.6330618	124	0.0159518
poi-40-2	1	1.34	24	3	194	2261	1.2688321	1644	0.3026525
poi-40-2	2	0.67	12	1	97	846	0.5028928	677	0.0537601
poi-40-2	2	0.67	12	1	194	1668	0.8089827	231	0.0236883
poi-40-2	2	0.67	12	2	97	846	0.5095117	537	0.0455581
poi-40-2	2	0.67	12	2	194	1668	0.8246928	147	0.0143379
poi-40-2	2	0.67	12	3	97	846	0.5085445	428	0.036132
poi-40-2	2	0.67	12	3	194	1668	1.410898	3737	0.5914128
poi-40-2	2	0.67	24	1	97	969	0.7992524	231	0.029161
poi-40-2	2	0.67	24	1	194	1734	1.8970412	2624	0.6290295
poi-40-2	2	0.67	24	2	97	978	1.2500398	1948	0.3459369
poi-40-2	2	0.67	24	2	194	1739	3.1070531	5734	1.6477057
poi-40-2	2	0.67	24	3	97	992	1.4345196	2311	0.4412204
poi-40-2	2	0.67	24	3	194	1739	1.6933229	333	0.090125
poi-40-2	2	1	12	1	97	946	0.4659654	34	0.0026684
poi-40-2	2	1	12	1	194	1736	1.2210603	1190	0.2239583
poi-40-2	2	1	12	2	97	953	0.4424665	251	0.0203351
poi-40-2	2	1	12	2	194	1736	0.9453934	66	0.0077275
poi-40-2	2	1	12	3	97	953	0.453346	271	0.0228703
poi-40-2	2	1	12	3	194	1736	1.004266	345	0.0501191
poi-40-2	2	1	24	1	97	1140	0.6652275	894	0.1004062
poi-40-2	2	1	24	1	194	1868	1.2328865	766	0.1428961
poi-40-2	2	1	24	2	97	1239	0.8293862	2867	0.3016969
poi-40-2	2	1	24	2	194	1950	1.0965554	894	0.1469573
poi-40-2	2	1	24	3	97	1412	0.8531901	2838	0.3077906
poi-40-2	2	1	24	3	194	1950	1.0074452	450	0.0780551
poi-40-2	2	1.34	12	1	97	1146	0.5046885	603	0.0532758
poi-40-2	2	1.34	12	1	194	1995	1.178093	1132	0.2093397
poi-40-2	2	1.34	12	2	97	1183	0.5524823	1667	0.1369157
poi-40-2	2	1.34	12	2	194	2016	1.1259129	1152	0.1940372
poi-40-2	2	1.34	12	3	97	1189	0.7518729	3853	0.3261746
poi-40-2	2	1.34	12	3	194	2029	1.2742242	2015	0.3507902
poi-40-2	2	1.34	24	1	97	1382	1.1267421	4783	0.5510552
poi-40-2	2	1.34	24	1	194	2232	1.6792504	2846	0.5886333
poi-40-2	2	1.34	24	2	97	1510	1.1304322	5404	0.585907
poi-40-2	2	1.34	24	2	194	2387	1.4647895	2683	0.4943463
poi-40-2	2	1.34	24	3	97	1779	1.3252003	6510	0.752026
poi-40-2	2	1.34	24	3	194	2454	1.4149207	2573	0.4763789
poi-40-3	1	0.67	13	1	97	684	0.316159	26	0.0016531
poi-40-3	1	0.67	13	1	195	1470	1.1357119	2401	0.3527621
poi-40-3	1	0.67	13	2	97	684	0.3750595	559	0.0365308
poi-40-3	1	0.67	13	2	195	1481	1.0173618	1527	0.2164127
poi-40-3	1	0.67	13	3	97	684	0.3593113	204	0.013672
poi-40-3	1	0.67	13	3	195	1469	0.9601584	1065	0.1458765
poi-40-3	1	0.67	27	1	97	782	0.5159046	113	0.010704
poi-40-3	1	0.67	27	1	195	1536	3.0088324	6630	1.7073168
poi-40-3	1	0.67	27	2	97	818	0.7420756	969	0.1189499
poi-40-3	1	0.67	27	2	195	1577	2.038639	1202	0.3650276
poi-40-3	1	0.67	27	3	97	842	0.8142308	554	0.0815158
poi-40-3	1	0.67	27	3	195	1615	3.0306068	2826	1.0746124
poi-40-3	1	1	13	1	97	723	0.4164614	709	0.0518161
poi-40-3	1	1	13	1	195	1506	1.6277951	3051	0.605446
poi-40-3	1	1	13	2	97	723	0.4495457	1052	0.0776264
poi-40-3	1	1	13	2	195	1522	1.087663	698	0.1244285
poi-40-3	1	1	13	3	97	727	0.563794	2446	0.1861307
poi-40-3	1	1	13	3	195	1537	0.9655189	87	0.0111116
poi-40-3	1	1	27	1	97	851	0.6190331	1866	0.1674575
poi-40-3	1	1	27	1	195	1591	1.8374543	3496	0.7418894
poi-40-3	1	1	27	2	97	915	0.8564393	4074	0.385683
poi-40-3	1	1	27	2	195	1714	1.2755327	2375	0.3979889
poi-40-3	1	1	27	3	97	971	0.5631184	491	0.0510279
poi-40-3	1	1	27	3	195	1778	0.893134	348	0.0519881
poi-40-3	1	1.34	13	1	97	796	0.5156034	1930	0.1448807
poi-40-3	1	1.34	13	1	195	1718	2.852228	9325	1.841602
poi-40-3	1	1.34	13	2	97	817	0.5691796	2573	0.1936527
poi-40-3	1	1.34	13	2	195	1740	2.0622894	6159	1.1271355
poi-40-3	1	1.34	13	3	97	819	0.8076741	5502	0.4223134
poi-40-3	1	1.34	13	3	195	1782	1.0823248	866	0.1379038
poi-40-3	1	1.34	27	1	97	981	0.5351215	534	0.0497401
poi-40-3	1	1.34	27	1	195	1863	1.4965864	1853	0.3877472
poi-40-3	1	1.34	27	2	97	1092	0.67739	1764	0.180882
poi-40-3	1	1.34	27	2	195	2040	0.9218733	270	0.0409855
poi-40-3	1	1.34	27	3	97	1223	0.551229	89	0.0101581
poi-40-3	1	1.34	27	3	195	2180	0.8670511	43	0.0066452
poi-40-3	2	0.67	13	1	97	714	0.34143	88	0.0056849
poi-40-3	2	0.67	13	1	195	1499	0.7936757	178	0.0195205
poi-40-3	2	0.67	13	2	97	722	0.3686044	236	0.0157469
poi-40-3	2	0.67	13	2	195	1499	0.799852	76	0.0070414
poi-40-3	2	0.67	13	3	97	714	0.3902715	423	0.0301427
poi-40-3	2	0.67	13	3	195	1499	0.8034848	86	0.009222
poi-40-3	2	0.67	27	1	97	899	0.6351162	17	0.0025717
poi-40-3	2	0.67	27	1	195	1670	1.4774854	610	0.1439086
poi-40-3	2	0.67	27	2	97	1011	1.5238043	4617	0.7317509
poi-40-3	2	0.67	27	2	195	1703	2.5753086	3262	1.0002449
poi-40-3	2	0.67	27	3	97	1060	1.1770677	2095	0.3500483
poi-40-3	2	0.67	27	3	195	1695	1.7612648	200	0.0551518
poi-40-3	2	1	13	1	97	802	0.402141	871	0.0599921
poi-40-3	2	1	13	1	195	1578	1.1373308	949	0.1639976
poi-40-3	2	1	13	2	97	812	0.3669688	220	0.016643
poi-40-3	2	1	13	2	195	1583	1.0532996	703	0.1226493
poi-40-3	2	1	13	3	97	812	0.4023229	596	0.0428729
poi-40-3	2	1	13	3	195	1604	0.9621744	225	0.0288694
poi-40-3	2	1	27	1	97	1071	0.5096966	874	0.0756675
poi-40-3	2	1	27	1	195	1840	2.0625871	5643	1.0815939
poi-40-3	2	1	27	2	97	1196	0.4555141	77	0.0073296
poi-40-3	2	1	27	2	195	1896	1.3243003	2925	0.4882581
poi-40-3	2	1	27	3	97	1324	0.6689914	1955	0.1862677
poi-40-3	2	1	27	3	195	1899	0.8109073	76	0.0096499
poi-40-3	2	1.34	13	1	97	880	0.4192372	946	0.0688036
poi-40-3	2	1.34	13	1	195	1792	1.8440549	4978	0.898598
poi-40-3	2	1.34	13	2	97	923	0.4039712	508	0.0381141
poi-40-3	2	1.34	13	2	195	1827	1.2055768	1735	0.296246
poi-40-3	2	1.34	13	3	97	923	0.4009934	318	0.023735
poi-40-3	2	1.34	13	3	195	1841	1.0731973	1055	0.1610027
poi-40-3	2	1.34	27	1	97	1218	0.6166931	1947	0.1721786
poi-40-3	2	1.34	27	1	195	2154	1.5637357	2972	0.5623403
poi-40-3	2	1.34	27	2	97	1491	0.712028	2690	0.2491475
poi-40-3	2	1.34	27	2	195	2311	0.8799944	211	0.0266516
poi-40-3	2	1.34	27	3	97	1632	0.5634936	624	0.0610964
poi-40-3	2	1.34	27	3	195	2359	1.516863	4253	0.6900746
poi-40-4	1	0.67	13	1	103	600	0.3798268	70	0.0046861
poi-40-4	1	0.67	13	1	207	1549	1.5905314	4974	0.7699637
poi-40-4	1	0.67	13	2	103	600	0.3926576	3	0.0002718
poi-40-4	1	0.67	13	2	207	1579	1.2753507	2646	0.4250426
poi-40-4	1	0.67	13	3	103	600	0.4076079	13	0.0009786
poi-40-4	1	0.67	13	3	207	1586	0.925308	449	0.0595433
poi-40-4	1	0.67	27	1	103	630	0.7843446	3343	0.3115536
poi-40-4	1	0.67	27	1	207	1603	2.3309229	3898	1.0126389
poi-40-4	1	0.67	27	2	103	699	1.3642227	7020	0.797337
poi-40-4	1	0.67	27	2	207	1658	2.6458001	3161	0.9895596
poi-40-4	1	0.67	27	3	103	715	0.7836859	1203	0.1434521
poi-40-4	1	0.67	27	3	207	1673	1.8915647	83	0.019752
poi-40-4	1	1	13	1	103	635	0.5285802	1691	0.1343967
poi-40-4	1	1	13	1	207	1643	1.4600986	2054	0.4106139
poi-40-4	1	1	13	2	103	635	0.4673858	595	0.0496142
poi-40-4	1	1	13	2	207	1648	1.2331463	1731	0.3072994
poi-40-4	1	1	13	3	103	635	0.4598664	406	0.0344308
poi-40-4	1	1	13	3	207	1648	0.9307891	125	0.0150203
poi-40-4	1	1	27	1	103	734	1.2018411	8217	0.7465256
poi-40-4	1	1	27	1	207	1689	1.3240724	398	0.0789385
poi-40-4	1	1	27	2	103	830	0.6473443	1818	0.1725545
poi-40-4	1	1	27	2	207	1808	1.1353103	867	0.1522612
poi-40-4	1	1	27	3	103	876	0.6220645	1080	0.1109358
poi-40-4	1	1	27	3	207	1901	1.0533	686	0.1190385
poi-40-4	1	1.34	13	1	103	691	0.4264305	71	0.0063419
poi-40-4	1	1.34	13	1	207	1848	1.1601681	318	0.0541325
poi-40-4	1	1.34	13	2	103	736	0.4650543	343	0.03011
poi-40-4	1	1.34	13	2	207	1964	1.5276249	2981	0.5546211
poi-40-4	1	1.34	13	3	103	736	0.4898998	449	0.0413931
poi-40-4	1	1.34	13	3	207	1998	1.5195221	3153	0.5634142
poi-40-4	1	1.34	27	1	103	787	0.6445402	1704	0.1654686
poi-40-4	1	1.34	27	1	207	1924	1.506367	991	0.2234379
poi-40-4	1	1.34	27	2	103	983	0.532287	269	0.0273895
poi-40-4	1	1.34	27	2	207	2183	1.1020655	576	0.0978043
poi-40-4	1	1.34	27	3	103	1067	0.8228857	2611	0.2792217
poi-40-4	1	1.34	27	3	207	2328	1.1560366	1100	0.1994341
poi-40-4	2	0.67	13	1	103	623	0.3857316	263	0.0178657
poi-40-4	2	0.67	13	1	207	1593	0.8065542	166	0.0167744
poi-40-4	2	0.67	13	2	103	641	0.512854	1656	0.1237729
poi-40-4	2	0.67	13	2	207	1597	0.8228353	65	0.0065649
poi-40-4	2	0.67	13	3	103	641	0.4932367	1340	0.1039434
poi-40-4	2	0.67	13	3	207	1597	0.8380681	94	0.0100985
poi-40-4	2	0.67	27	1	103	727	0.8946093	3309	0.3553055
poi-40-4	2	0.67	27	1	207	1709	1.4353615	105	0.0195917
poi-40-4	2	0.67	27	2	103	818	0.7412656	1092	0.1324755
poi-40-4	2	0.67	27	2	207	1749	1.7033654	50	0.0116533
poi-40-4	2	0.67	27	3	103	818	0.7335328	391	0.0529416
poi-40-4	2	0.67	27	3	207	1734	2.716306	2588	0.896041
poi-40-4	2	1	13	1	103	682	0.6598284	3835	0.2861139
poi-40-4	2	1	13	1	207	1648	1.0116349	91	0.0117801
poi-40-4	2	1	13	2	103	709	0.3932441	132	0.0094901
poi-40-4	2	1	13	2	207	1648	0.9522075	90	0.0111923
poi-40-4	2	1	13	3	103	709	0.3956828	9	0.0005084
poi-40-4	2	1	13	3	207	1657	1.3496164	2162	0.4037189
poi-40-4	2	1	27	1	103	854	0.6599224	2591	0.2226697
poi-40-4	2	1	27	1	207	1896	2.9175075	9604	1.9104294
poi-40-4	2	1	27	2	103	1025	0.4568483	53	0.0049633
poi-40-4	2	1	27	2	207	1948	0.9308025	222	0.0276195
poi-40-4	2	1	27	3	103	1033	0.5838636	1154	0.113618
poi-40-4	2	1	27	3	207	1948	0.8817298	7	0.0011238
poi-40-4	2	1.34	13	1	103	738	0.4738635	742	0.0599776
poi-40-4	2	1.34	13	1	207	1907	1.5583411	2930	0.5685911
poi-40-4	2	1.34	13	2	103	798	0.4375093	172	0.0145904
poi-40-4	2	1.34	13	2	207	1971	1.0064726	610	0.0904565
poi-40-4	2	1.34	13	3	103	806	0.6357693	2266	0.2019517
poi-40-4	2	1.34	13	3	207	1984	1.1908034	1650	0.2743546
poi-40-4	2	1.34	27	1	103	1016	0.7500743	3356	0.3020593
poi-40-4	2	1.34	27	1	207	2206	1.2722783	1348	0.2585905
poi-40-4	2	1.34	27	2	103	1276	0.508172	319	0.0309106
poi-40-4	2	1.34	27	2	207	2404	0.9557208	307	0.0426102
poi-40-4	2	1.34	27	3	103	1276	0.5261308	189	0.0201275
poi-40-4	2	1.34	27	3	207	2459	1.1739893	1457	0.2461895
poi-40-5	1	0.67	12	1	105	761	0.4479882	48	0.0035762
poi-40-5	1	0.67	12	1	211	1636	1.0266089	2154	0.3043101
poi-40-5	1	0.67	12	2	105	838	0.8534072	3973	0.3798602
poi-40-5	1	0.67	12	2	211	1642	0.7422875	31	0.002718
poi-40-5	1	0.67	12	3	105	850	0.5699549	822	0.0774071
poi-40-5	1	0.67	12	3	211	1650	0.7590789	240	0.0218494
poi-40-5	1	0.67	25	1	105	951	0.7835637	847	0.1071761
poi-40-5	1	0.67	25	1	211	1670	1.4736764	60	0.0092792
poi-40-5	1	0.67	25	2	105	946	0.9907173	1100	0.1719096
poi-40-5	1	0.67	25	2	211	1674	1.7112245	139	0.0325578
poi-40-5	1	0.67	25	3	105	951	1.2459515	1655	0.3016749
poi-40-5	1	0.67	25	3	211	1714	4.5662519	7586	2.7298379
poi-40-5	1	1	12	1	105	779	0.3446821	16	0.0014528
poi-40-5	1	1	12	1	211	1641	0.6698533	222	0.02739
poi-40-5	1	1	12	2	105	920	0.7779655	5373	0.4023799
poi-40-5	1	1	12	2	211	1665	0.8064346	1228	0.1614799
poi-40-5	1	1	12	3	105	950	0.8608502	5949	0.4688348
poi-40-5	1	1	12	3	211	1665	0.969978	2591	0.3376784
poi-40-5	1	1	25	1	105	979	0.9081266	4505	0.4282282
poi-40-5	1	1	25	1	211	1713	1.3422504	2177	0.4031823
poi-40-5	1	1	25	2	105	1081	0.6220475	550	0.0621046
poi-40-5	1	1	25	2	211	1813	1.1750553	2019	0.3283117
poi-40-5	1	1	25	3	105	1096	0.8642255	2702	0.3034345
poi-40-5	1	1	25	3	211	1867	1.7427023	5165	0.889475
poi-40-5	1	1.34	12	1	105	904	0.4266273	1103	0.0754989
poi-40-5	1	1.34	12	1	211	1834	0.7967868	1476	0.1804787
poi-40-5	1	1.34	12	2	105	1060	0.8447594	5458	0.4426063
poi-40-5	1	1.34	12	2	211	1907	0.6898575	53	0.0057113
poi-40-5	1	1.34	12	3	105	946	0.5009903	1216	0.100842
poi-40-5	1	1.34	12	3	211	1887	1.040256	3016	0.382688
poi-40-5	1	1.34	25	1	105	1153	0.8678757	3965	0.3830532
poi-40-5	1	1.34	25	1	211	2010	1.2381947	1284	0.2489657
poi-40-5	1	1.34	25	2	105	1278	1.2391402	5511	0.6479621
poi-40-5	1	1.34	25	2	211	2185	0.9921422	806	0.1286483
poi-40-5	1	1.34	25	3	105	1400	1.2127462	5427	0.6352072
poi-40-5	1	1.34	25	3	211	2337	1.2528772	2235	0.383686
poi-40-5	2	0.67	12	1	105	874	0.892584	5050	0.4461104
poi-40-5	2	0.67	12	1	211	1636	0.7688557	471	0.0597354
poi-40-5	2	0.67	12	2	105	915	0.5759149	1195	0.1075774
poi-40-5	2	0.67	12	2	211	1635	0.7651212	396	0.0490226
poi-40-5	2	0.67	12	3	105	938	1.2423749	8067	0.7623276
poi-40-5	2	0.67	12	3	211	1650	0.9899901	1916	0.271446
poi-40-5	2	0.67	25	1	105	1079	0.9207386	368	0.0548369
poi-40-5	2	0.67	25	1	211	1734	3.3006475	6761	1.8616914
poi-40-5	2	0.67	25	2	105	1174	2.5575388	7709	1.531424
poi-40-5	2	0.67	25	2	211	1734	3.0309782	4689	1.4489068
poi-40-5	2	0.67	25	3	105	1175	1.2677589	778	0.1651285
poi-40-5	2	0.67	25	3	211	1737	2.6689564	2945	0.9658337
poi-40-5	2	1	12	1	105	999	0.3549442	142	0.009829
poi-40-5	2	1	12	1	211	1685	0.6200894	67	0.0078259
poi-40-5	2	1	12	2	105	999	0.493473	1844	0.1326898
poi-40-5	2	1	12	2	211	1687	1.2625266	4851	0.6131372
poi-40-5	2	1	12	3	105	999	0.4040646	587	0.0426973
poi-40-5	2	1	12	3	211	1687	1.2383688	4592	0.5941028
poi-40-5	2	1	25	1	105	1246	0.509872	464	0.0440995
poi-40-5	2	1	25	1	211	1887	1.6089925	4789	0.7853162
poi-40-5	2	1	25	2	105	1412	0.6912823	1948	0.1924775
poi-40-5	2	1	25	2	211	1897	1.0225824	1281	0.2011721
poi-40-5	2	1	25	3	105	1481	0.7765321	2205	0.2363277
poi-40-5	2	1	25	3	211	1897	0.866123	51	0.0067019
poi-40-5	2	1.34	12	1	105	1114	0.3646779	43	0.0037385
poi-40-5	2	1.34	12	1	211	1895	0.7965856	1199	0.1524635
poi-40-5	2	1.34	12	2	105	1158	0.3856778	154	0.0116379
poi-40-5	2	1.34	12	2	211	1934	0.67768	151	0.0186349
poi-40-5	2	1.34	12	3	105	1189	0.8260378	5728	0.4443514
poi-40-5	2	1.34	12	3	211	1955	0.8881687	1909	0.2352437
poi-40-5	2	1.34	25	1	105	1420	0.634553	1763	0.1672159
poi-40-5	2	1.34	25	1	211	2200	1.1115673	2086	0.3288356
poi-40-5	2	1.34	25	2	105	1679	0.7252372	2080	0.2121707
poi-40-5	2	1.34	25	2	211	2325	1.4251151	3642	0.5953389
poi-40-5	2	1.34	25	3	105	1804	0.6777018	1230	0.1322349
poi-40-5	2	1.34	25	3	211	2372	0.8777491	117	0.0154338
poi-50-1	1	0.67	12	1	108	972	0.7031741	315	0.0343458
poi-50-1	1	0.67	12	1	217	1902	1.6928347	649	0.1620128
poi-50-1	1	0.67	12	2	108	991	0.7762071	453	0.0560627
poi-50-1	1	0.67	12	2	217	1914	1.6669799	475	0.1101543
poi-50-1	1	0.67	12	3	108	991	0.7851671	379	0.054417
poi-50-1	1	0.67	12	3	217	1924	1.7992287	583	0.1626691
poi-50-1	1	0.67	25	1	108	1033	0.9148478	71	0.0119759
poi-50-1	1	0.67	25	1	217	2018	3.0200804	1158	0.5232486
poi-50-1	1	0.67	25	2	108	1062	1.2203378	662	0.1286973
poi-50-1	1	0.67	25	2	217	2095	3.1969561	53	0.0183077
poi-50-1	1	0.67	25	3	108	1070	1.3149751	431	0.1056744
poi-50-1	1	0.67	25	3	217	2160	4.5771653	1397	0.9427762
poi-50-1	1	1	12	1	108	997	0.63571	4	0.0006507
poi-50-1	1	1	12	1	217	1959	1.9657421	679	0.2250644
poi-50-1	1	1	12	2	108	1026	0.6334282	121	0.0150381
poi-50-1	1	1	12	2	217	2044	2.6057657	3392	1.0502862
poi-50-1	1	1	12	3	108	1026	0.7417357	987	0.1217583
poi-50-1	1	1	12	3	217	2044	1.71515	530	0.1397515
poi-50-1	1	1	25	1	108	1097	1.0401283	2253	0.3219551
poi-50-1	1	1	25	1	217	2094	2.8992105	2006	0.8014244
poi-50-1	1	1	25	2	108	1152	1.3425752	3999	0.5954344
poi-50-1	1	1	25	2	217	2301	2.0329427	1423	0.4004205
poi-50-1	1	1	25	3	108	1171	0.947361	1308	0.1983679
poi-50-1	1	1	25	3	217	2403	4.2473877	9141	2.7370645
poi-50-1	1	1.34	12	1	108	1148	1.2851569	4840	0.6339053
poi-50-1	1	1.34	12	1	217	2258	2.1744468	1379	0.4454621
poi-50-1	1	1.34	12	2	108	1185	1.4238348	6361	0.7964542
poi-50-1	1	1.34	12	2	217	2388	1.7354626	572	0.1499731
poi-50-1	1	1.34	12	3	108	1185	0.7417711	901	0.113299
poi-50-1	1	1.34	12	3	217	2422	1.5822791	166	0.030176
poi-50-1	1	1.34	25	1	108	1222	1.5095752	5078	0.7635045
poi-50-1	1	1.34	25	1	217	2390	3.5262698	3396	1.4019739
poi-50-1	1	1.34	25	2	108	1354	0.9231413	1370	0.197121
poi-50-1	1	1.34	25	2	217	2813	3.3924524	5235	1.7261968
poi-50-1	1	1.34	25	3	108	1416	1.0215527	1644	0.2530377
poi-50-1	1	1.34	25	3	217	2973	3.121499	5345	1.6052649
poi-50-1	2	0.67	12	1	108	1016	0.7297856	329	0.0429206
poi-50-1	2	0.67	12	1	217	2002	2.6736883	4077	1.1741018
poi-50-1	2	0.67	12	2	108	1016	0.7439871	240	0.0312326
poi-50-1	2	0.67	12	2	217	2015	3.453033	6246	1.9070914
poi-50-1	2	0.67	12	3	108	1016	0.7296616	267	0.0368614
poi-50-1	2	0.67	12	3	217	2028	2.6460658	3655	1.0818622
poi-50-1	2	0.67	25	1	108	1151	1.4413945	819	0.1812744
poi-50-1	2	0.67	25	1	217	2179	2.9488805	433	0.1773435
poi-50-1	2	0.67	25	2	108	1256	3.6828884	7495	2.209266
poi-50-1	2	0.67	25	2	217	2198	3.4771876	773	0.4104697
poi-50-1	2	0.67	25	3	108	1265	1.6652346	69	0.0219031
poi-50-1	2	0.67	25	3	217	2212	7.7026545	7177	4.5423495
poi-50-1	2	1	12	1	108	1074	0.6633119	183	0.0243454
poi-50-1	2	1	12	1	217	2234	2.9457467	3994	1.3122614
poi-50-1	2	1	12	2	108	1074	0.6432346	242	0.0293321
poi-50-1	2	1	12	2	217	2239	2.5241033	3282	0.9562913
poi-50-1	2	1	12	3	108	1074	0.6360494	289	0.0364185
poi-50-1	2	1	12	3	217	2234	1.9421679	1395	0.3828125
poi-50-1	2	1	25	1	108	1366	0.7411821	46	0.0071183
poi-50-1	2	1	25	1	217	2419	1.8814964	401	0.0899
poi-50-1	2	1	25	2	108	1563	0.834664	1017	0.1369751
poi-50-1	2	1	25	2	217	2431	1.5285475	31	0.0059627
poi-50-1	2	1	25	3	108	1617	0.7670571	470	0.0663714
poi-50-1	2	1	25	3	217	2431	1.4366128	13	0.0059541
poi-50-1	2	1.34	12	1	108	1249	0.8685219	1715	0.2217246
poi-50-1	2	1.34	12	1	217	2577	1.8555722	868	0.2394708
poi-50-1	2	1.34	12	2	108	1270	0.8538234	1798	0.2236356
poi-50-1	2	1.34	12	2	217	2678	2.8791014	4476	1.3471613
poi-50-1	2	1.34	12	3	108	1277	1.3914849	6106	0.7587972
poi-50-1	2	1.34	12	3	217	2645	2.004422	1855	0.5074933
poi-50-1	2	1.34	25	1	108	1606	1.1946481	3026	0.4509714
poi-50-1	2	1.34	25	1	217	2885	3.2035316	3850	1.3721371
poi-50-1	2	1.34	25	2	108	1942	1.5663782	6060	0.8565418
poi-50-1	2	1.34	25	2	217	3012	1.6028072	208	0.0396607
poi-50-1	2	1.34	25	3	108	1987	0.7662782	385	0.0552066
poi-50-1	2	1.34	25	3	217	3069	1.5702952	281	0.0650829
poi-50-2	1	0.67	12	1	112	1443	1.1954541	1088	0.2077187
poi-50-2	1	0.67	12	1	225	2073	1.6387684	248	0.0597782
poi-50-2	1	0.67	12	2	112	1459	1.1957021	353	0.0602423
poi-50-2	1	0.67	12	2	225	2077	1.7119017	309	0.0703829
poi-50-2	1	0.67	12	3	112	1479	1.1952647	33	0.0055621
poi-50-2	1	0.67	12	3	225	2076	2.846831	3566	1.1736718
poi-50-2	1	0.67	24	1	112	1479	1.8151055	1530	0.417916
poi-50-2	1	0.67	24	1	225	2108	2.718601	55	0.0152873
poi-50-2	1	0.67	24	2	112	1517	1.975513	627	0.2094317
poi-50-2	1	0.67	24	2	225	2133	4.3663649	1677	1.0450044
poi-50-2	1	0.67	24	3	112	1521	2.1177318	166	0.0473682
poi-50-2	1	0.67	24	3	225	2166	6.2477001	3617	2.5792355
poi-50-2	1	1	12	1	112	1529	0.9785065	145	0.0244697
poi-50-2	1	1	12	1	225	2103	2.2309271	90	0.0217707
poi-50-2	1	1	12	2	112	1529	0.8389267	105	0.0147468
poi-50-2	1	1	12	2	225	2164	4.7222295	7856	2.847733
poi-50-2	1	1	12	3	112	1564	1.0065977	1293	0.2041397
poi-50-2	1	1	12	3	225	2195	3.5291483	4966	1.7286173
poi-50-2	1	1	24	1	112	1535	1.4136942	1225	0.281462
poi-50-2	1	1	24	1	225	2172	2.3987389	115	0.0348004
poi-50-2	1	1	24	2	112	1617	1.0549932	442	0.0864762
poi-50-2	1	1	24	2	225	2269	3.0657338	3460	1.2345641
poi-50-2	1	1	24	3	112	1660	1.8678872	4416	0.8723851
poi-50-2	1	1	24	3	225	2306	1.7242539	40	0.0103225
poi-50-2	1	1.34	12	1	112	1789	1.3907873	2267	0.4250827
poi-50-2	1	1.34	12	1	225	2464	2.186607	79	0.0156138
poi-50-2	1	1.34	12	2	112	1863	1.691446	5062	0.8481811
poi-50-2	1	1.34	12	2	225	2563	3.6180056	4906	1.7797744
poi-50-2	1	1.34	12	3	112	1887	1.0598643	1658	0.2584538
poi-50-2	1	1.34	12	3	225	2586	2.560591	2180	0.7539991
poi-50-2	1	1.34	24	1	112	1804	1.7684819	2630	0.5963587
poi-50-2	1	1.34	24	1	225	2560	5.4659951	6532	3.045522
poi-50-2	1	1.34	24	2	112	1920	1.1231151	597	0.116337
poi-50-2	1	1.34	24	2	225	2733	4.1813494	6456	2.3264735
poi-50-2	1	1.34	24	3	112	2074	2.0040798	4994	1.0027375
poi-50-2	1	1.34	24	3	225	2864	5.0226491	9592	3.2973778
poi-50-2	2	0.67	12	1	112	1467	1.379267	2030	0.3899716
poi-50-2	2	0.67	12	1	225	2087	3.0484076	4801	1.4830946
poi-50-2	2	0.67	12	2	112	1480	1.0958117	311	0.056528
poi-50-2	2	0.67	12	2	225	2105	2.1356312	1881	0.546559
poi-50-2	2	0.67	12	3	112	1480	1.620085	2524	0.5326281
poi-50-2	2	0.67	12	3	225	2093	2.479143	2722	0.8556141
poi-50-2	2	0.67	24	1	112	1615	1.8103777	182	0.0470661
poi-50-2	2	0.67	24	1	225	2224	5.357359	6069	2.9051922
poi-50-2	2	0.67	24	2	112	1687	4.6610267	5857	2.50031
poi-50-2	2	0.67	24	2	225	2220	4.1103548	2511	1.31484
poi-50-2	2	0.67	24	3	112	1718	3.6136228	2616	1.2092772
poi-50-2	2	0.67	24	3	225	2224	6.9996223	6312	3.8745059
poi-50-2	2	1	12	1	112	1571	1.2042572	1625	0.2909662
poi-50-2	2	1	12	1	225	2255	4.6846735	6199	2.5844861
poi-50-2	2	1	12	2	112	1624	1.6562959	5140	0.8342226
poi-50-2	2	1	12	2	225	2255	1.9037256	79	0.0148238
poi-50-2	2	1	12	3	112	1631	1.1803691	2381	0.3767964
poi-50-2	2	1	12	3	225	2255	1.8761061	34	0.0064956
poi-50-2	2	1	24	1	112	1757	2.487238	6564	1.3966581
poi-50-2	2	1	24	1	225	2342	2.0059244	66	0.0178365
poi-50-2	2	1	24	2	112	2001	1.0786935	737	0.1325575
poi-50-2	2	1	24	2	225	2390	2.5016771	2387	0.7873833
poi-50-2	2	1	24	3	112	2029	1.0103018	411	0.0754435
poi-50-2	2	1	24	3	225	2390	1.7416712	274	0.0706486
poi-50-2	2	1.34	12	1	112	1850	1.1069156	1195	0.2113238
poi-50-2	2	1.34	12	1	225	2571	2.7663672	1875	0.7192216
poi-50-2	2	1.34	12	2	112	1953	1.0317303	1147	0.1860628
poi-50-2	2	1.34	12	2	225	2676	1.9326842	124	0.0212807
poi-50-2	2	1.34	12	3	112	1971	1.1860241	2083	0.3432724
poi-50-2	2	1.34	12	3	225	2688	2.0415513	716	0.219361
poi-50-2	2	1.34	24	1	112	2055	1.884764	3700	0.7903438
poi-50-2	2	1.34	24	1	225	2740	4.1071038	4671	1.9536443
poi-50-2	2	1.34	24	2	112	2423	3.9284914	15715	2.9802957
poi-50-2	2	1.34	24	2	225	2878	1.7889363	123	0.0268711
poi-50-2	2	1.34	24	3	112	2505	1.2423516	1677	0.3101116
poi-50-2	2	1.34	24	3	225	2958	2.7738965	3031	1.0430173
poi-50-3	1	0.67	13	1	109	1070	0.9121271	256	0.0347889
poi-50-3	1	0.67	13	1	218	1965	4.6247168	8628	2.9130016
poi-50-3	1	0.67	13	2	109	1095	1.8803769	4992	0.9469341
poi-50-3	1	0.67	13	2	218	1946	1.7964819	137	0.0301902
poi-50-3	1	0.67	13	3	109	1095	1.665746	3996	0.7309696
poi-50-3	1	0.67	13	3	218	1996	1.9094013	416	0.1077206
poi-50-3	1	0.67	26	1	109	1108	1.2066151	208	0.0352933
poi-50-3	1	0.67	26	1	218	2001	3.0724867	1138	0.5346674
poi-50-3	1	0.67	26	2	109	1158	1.5025955	111	0.0241384
poi-50-3	1	0.67	26	2	218	2102	4.7449476	2511	1.5362138
poi-50-3	1	0.67	26	3	109	1192	2.5995063	2673	0.8804425
poi-50-3	1	0.67	26	3	218	2087	4.1440542	764	0.4998061
poi-50-3	1	1	13	1	109	1088	0.8343817	4	0.0007548
poi-50-3	1	1	13	1	218	2007	2.0823934	426	0.1351952
poi-50-3	1	1	13	2	109	1101	1.3216771	3977	0.584606
poi-50-3	1	1	13	2	218	2088	3.0840007	4564	1.4733177
poi-50-3	1	1	13	3	109	1126	1.7525515	7064	1.0307587
poi-50-3	1	1	13	3	218	2108	1.6457892	343	0.0737333
poi-50-3	1	1	26	1	109	1166	2.2718529	6369	1.257053
poi-50-3	1	1	26	1	218	2106	3.4576542	2617	1.1445926
poi-50-3	1	1	26	2	109	1262	2.2089628	7630	1.3365895
poi-50-3	1	1	26	2	218	2255	2.0619156	1041	0.3291897
poi-50-3	1	1	26	3	109	1322	2.1297752	7027	1.2393441
poi-50-3	1	1	26	3	218	2362	2.9156371	4417	1.3394408
poi-50-3	1	1.34	13	1	109	1270	1.3735529	3119	0.5302572
poi-50-3	1	1.34	13	1	218	2332	3.9577249	5113	1.9878475
poi-50-3	1	1.34	13	2	109	1306	0.9946642	1700	0.2508961
poi-50-3	1	1.34	13	2	218	2430	4.3021098	8348	2.6940444
poi-50-3	1	1.34	13	3	109	1339	1.415054	4724	0.6846474
poi-50-3	1	1.34	13	3	218	2469	1.6999394	466	0.11174
poi-50-3	1	1.34	26	1	109	1282	1.565936	2500	0.5153749
poi-50-3	1	1.34	26	1	218	2458	2.6248063	526	0.2149748
poi-50-3	1	1.34	26	2	109	1488	1.2094939	1841	0.3275252
poi-50-3	1	1.34	26	2	218	2677	2.026963	814	0.2481304
poi-50-3	1	1.34	26	3	109	1581	1.0315744	642	0.1189457
poi-50-3	1	1.34	26	3	218	2828	2.5200844	2985	0.9211802
poi-50-3	2	0.67	13	1	109	1095	1.1218141	1643	0.2683051
poi-50-3	2	0.67	13	1	218	2036	2.0076452	1254	0.3687557
poi-50-3	2	0.67	13	2	109	1120	1.0382525	840	0.1390962
poi-50-3	2	0.67	13	2	218	2058	2.5452087	2571	0.8375989
poi-50-3	2	0.67	13	3	109	1164	1.3386726	2327	0.4147155
poi-50-3	2	0.67	13	3	218	2049	4.210365	7150	2.4584245
poi-50-3	2	0.67	26	1	109	1212	1.6025556	738	0.1906809
poi-50-3	2	0.67	26	1	218	2167	4.5204864	3417	1.7630417
poi-50-3	2	0.67	26	2	109	1368	3.2427222	3717	1.3659875
poi-50-3	2	0.67	26	2	218	2208	4.1689734	1673	1.0057122
poi-50-3	2	0.67	26	3	109	1447	5.8082958	8557	3.6245371
poi-50-3	2	0.67	26	3	218	2215	3.488583	248	0.1198948
poi-50-3	2	1	13	1	109	1151	1.0573381	1702	0.2578039
poi-50-3	2	1	13	1	218	2190	2.6053388	2220	0.7984817
poi-50-3	2	1	13	2	109	1206	1.2368182	3522	0.5002097
poi-50-3	2	1	13	2	218	2207	1.7788674	627	0.1362906
poi-50-3	2	1	13	3	109	1381	1.1570098	3068	0.4330879
poi-50-3	2	1	13	3	218	2244	2.1107703	1673	0.5075295
poi-50-3	2	1	26	1	109	1411	2.6544009	9302	1.7172074
poi-50-3	2	1	26	1	218	2388	3.9849473	5643	2.0986142
poi-50-3	2	1	26	2	109	1681	1.5352177	4095	0.6863532
poi-50-3	2	1	26	2	218	2449	1.5940412	131	0.0257144
poi-50-3	2	1	26	3	109	1871	1.5886986	4470	0.7465463
poi-50-3	2	1	26	3	218	2449	1.5204027	78	0.0162896
poi-50-3	2	1.34	13	1	109	1367	1.0008306	1301	0.2029984
poi-50-3	2	1.34	13	1	218	2531	2.7705278	2729	0.9601174
poi-50-3	2	1.34	13	2	109	1518	1.8085952	7281	1.0698233
poi-50-3	2	1.34	13	2	218	2616	2.8197241	3741	1.1952135
poi-50-3	2	1.34	13	3	109	1656	1.7865727	7532	1.0758923
poi-50-3	2	1.34	13	3	218	2645	2.602872	3246	1.0112227
poi-50-3	2	1.34	26	1	109	1651	1.7558896	4182	0.797981
poi-50-3	2	1.34	26	1	218	2883	2.0528164	421	0.1194904
poi-50-3	2	1.34	26	2	109	2049	0.9646482	661	0.1109995
poi-50-3	2	1.34	26	2	218	3033	3.0324223	4379	1.3903415
poi-50-3	2	1.34	26	3	109	2335	1.7816697	5364	0.9157805
poi-50-3	2	1.34	26	3	218	3076	2.1482937	1881	0.5739268
poi-50-4	1	0.67	13	1	108	805	0.565454	12	0.0012689
poi-50-4	1	0.67	13	1	216	1730	1.6244413	179	0.0329434
poi-50-4	1	0.67	13	2	108	815	0.6009026	5	0.0006879
poi-50-4	1	0.67	13	2	216	1735	2.6379174	3478	1.0473845
poi-50-4	1	0.67	13	3	108	815	0.6074662	24	0.0025607
poi-50-4	1	0.67	13	3	216	1744	3.968106	7295	2.3477631
poi-50-4	1	0.67	27	1	108	857	1.2493722	2786	0.4427833
poi-50-4	1	0.67	27	1	216	1865	2.486876	177	0.0566152
poi-50-4	1	0.67	27	2	108	882	1.921056	4223	0.8676452
poi-50-4	1	0.67	27	2	216	1922	5.7024277	4452	2.6433576
poi-50-4	1	0.67	27	3	108	912	2.5884868	5395	1.3368905
poi-50-4	1	0.67	27	3	216	2022	3.5760454	178	0.0737327
poi-50-4	1	1	13	1	108	838	0.5622048	29	0.0033824
poi-50-4	1	1	13	1	216	1748	2.2519799	1821	0.581928
poi-50-4	1	1	13	2	108	838	0.5707069	0	0
poi-50-4	1	1	13	2	216	1840	4.8622253	11514	3.3970643
poi-50-4	1	1	13	3	108	866	0.6518282	521	0.0610939
poi-50-4	1	1	13	3	216	1835	2.5275241	3498	1.023674
poi-50-4	1	1	27	1	108	912	1.115323	3094	0.4252171
poi-50-4	1	1	27	1	216	1871	4.1112431	6153	2.2483552
poi-50-4	1	1	27	2	108	1010	0.709357	218	0.0314451
poi-50-4	1	1	27	2	216	2083	1.8536855	1373	0.3722
poi-50-4	1	1	27	3	108	1086	1.7968778	7191	1.0614368
poi-50-4	1	1	27	3	216	2263	2.3676579	3556	0.970254
poi-50-4	1	1.34	13	1	108	965	1.2424829	6018	0.6777746
poi-50-4	1	1.34	13	1	216	1968	3.1836478	4445	1.4720705
poi-50-4	1	1.34	13	2	108	1008	1.0252686	3762	0.4416398
poi-50-4	1	1.34	13	2	216	2153	2.1404186	2058	0.5844608
poi-50-4	1	1.34	13	3	108	1008	1.1206334	4654	0.5405684
poi-50-4	1	1.34	13	3	216	2119	3.0161531	5035	1.4902002
poi-50-4	1	1.34	27	1	108	1040	0.7881563	356	0.0518537
poi-50-4	1	1.34	27	1	216	2157	3.5116618	4114	1.5626021
poi-50-4	1	1.34	27	2	108	1221	0.8385354	862	0.1224446
poi-50-4	1	1.34	27	2	216	2552	3.7834498	7503	2.2413425
poi-50-4	1	1.34	27	3	108	1338	1.4613202	4610	0.69654
poi-50-4	1	1.34	27	3	216	2760	2.7976321	4862	1.3698077
poi-50-4	2	0.67	13	1	108	823	0.570492	0	0
poi-50-4	2	0.67	13	1	216	1766	2.4392723	3454	0.9664983
poi-50-4	2	0.67	13	2	108	823	0.5937828	0	0
poi-50-4	2	0.67	13	2	216	1785	1.5805843	281	0.0627966
poi-50-4	2	0.67	13	3	108	823	0.5984002	0	0
poi-50-4	2	0.67	13	3	216	1828	1.5762349	172	0.0328513
poi-50-4	2	0.67	27	1	108	938	1.5088941	2239	0.4605641
poi-50-4	2	0.67	27	1	216	2037	2.7041093	271	0.1193598
poi-50-4	2	0.67	27	2	108	1079	2.9999352	5506	1.5731227
poi-50-4	2	0.67	27	2	216	2118	5.0637731	3518	1.9685782
poi-50-4	2	0.67	27	3	108	1135	2.8534019	4198	1.2907879
poi-50-4	2	0.67	27	3	216	2104	3.7504294	715	0.4287016
poi-50-4	2	1	13	1	108	907	1.3574849	6794	0.7844402
poi-50-4	2	1	13	1	216	1860	2.7893058	3604	1.1280867
poi-50-4	2	1	13	2	108	912	0.8627161	2665	0.3016746
poi-50-4	2	1	13	2	216	1957	1.7477323	715	0.2029754
poi-50-4	2	1	13	3	108	912	0.9915026	3762	0.4259637
poi-50-4	2	1	13	3	216	2003	2.7504616	4199	1.1988654
poi-50-4	2	1	27	1	108	1116	0.7301243	260	0.0350794
poi-50-4	2	1	27	1	216	2235	2.5253122	2930	0.9096583
poi-50-4	2	1	27	2	108	1340	1.673853	7371	0.9958768
poi-50-4	2	1	27	2	216	2408	1.6828374	909	0.2353051
poi-50-4	2	1	27	3	108	1520	1.2706894	3927	0.556743
poi-50-4	2	1	27	3	216	2408	1.4281244	18	0.0048881
poi-50-4	2	1.34	13	1	108	1045	1.2489919	5814	0.6752923
poi-50-4	2	1.34	13	1	216	2189	2.5903154	3106	0.9443386
poi-50-4	2	1.34	13	2	108	1061	0.9772356	3613	0.4150634
poi-50-4	2	1.34	13	2	216	2324	2.0655075	1836	0.519376
poi-50-4	2	1.34	13	3	108	1074	0.6773539	858	0.1008047
poi-50-4	2	1.34	13	3	216	2324	3.4077512	6661	1.9239965
poi-50-4	2	1.34	27	1	108	1315	0.8043684	826	0.1119529
poi-50-4	2	1.34	27	1	216	2702	1.7550988	482	0.1342888
poi-50-4	2	1.34	27	2	108	1646	1.2535718	4215	0.5740026
poi-50-4	2	1.34	27	2	216	2977	2.7119413	4260	1.220452
poi-50-4	2	1.34	27	3	108	1837	1.847046	7905	1.1308909
poi-50-4	2	1.34	27	3	216	3020	1.657944	682	0.175945
poi-50-5	1	0.67	11	1	111	1255	1.1718906	1327	0.2362096
poi-50-5	1	0.67	11	1	222	2080	3.3587503	5275	1.7076429
poi-50-5	1	0.67	11	2	111	1255	1.0137962	40	0.0054374
poi-50-5	1	0.67	11	2	222	2072	1.8976374	690	0.1900178
poi-50-5	1	0.67	11	3	111	1255	1.9665632	4917	0.9871667
poi-50-5	1	0.67	11	3	222	2079	1.8046946	397	0.1012613
poi-50-5	1	0.67	23	1	111	1341	2.2524047	2301	0.6867583
poi-50-5	1	0.67	23	1	222	2145	3.3482027	1067	0.549786
poi-50-5	1	0.67	23	2	111	1388	2.4289452	907	0.3505148
poi-50-5	1	0.67	23	2	222	2163	3.5026346	156	0.0587459
poi-50-5	1	0.67	23	3	111	1407	2.7076633	696	0.3037837
poi-50-5	1	0.67	23	3	222	2141	3.9077156	94	0.0384119
poi-50-5	1	1	11	1	111	1302	0.9868121	1006	0.1588575
poi-50-5	1	1	11	1	222	2093	2.9310726	2594	1.003986
poi-50-5	1	1	11	2	111	1331	1.2529139	3290	0.4965806
poi-50-5	1	1	11	2	222	2148	2.1133285	1223	0.3780552
poi-50-5	1	1	11	3	111	1335	0.961811	1434	0.2094938
poi-50-5	1	1	11	3	222	2144	4.1854983	7757	2.5324965
poi-50-5	1	1	23	1	111	1441	1.5146124	1616	0.3643463
poi-50-5	1	1	23	1	222	2180	2.6536329	698	0.2860923
poi-50-5	1	1	23	2	111	1514	1.6950192	3833	0.7355163
poi-50-5	1	1	23	2	222	2386	5.9046835	11725	4.1044733
poi-50-5	1	1	23	3	111	1559	1.2571934	1479	0.2855248
poi-50-5	1	1	23	3	222	2440	1.8594726	597	0.1828725
poi-50-5	1	1.34	11	1	111	1507	1.2622573	2587	0.4258269
poi-50-5	1	1.34	11	1	222	2439	3.2376104	3565	1.2953865
poi-50-5	1	1.34	11	2	111	1615	1.2828777	3522	0.5320737
poi-50-5	1	1.34	11	2	222	2479	1.7583058	116	0.0251408
poi-50-5	1	1.34	11	3	111	1590	1.4233272	4505	0.6737394
poi-50-5	1	1.34	11	3	222	2518	2.5341439	2612	0.8448179
poi-50-5	1	1.34	23	1	111	1571	1.5712768	1627	0.3841443
poi-50-5	1	1.34	23	1	222	2554	6.5364652	8687	4.117482
poi-50-5	1	1.34	23	2	111	1784	1.4656806	2512	0.4876047
poi-50-5	1	1.34	23	2	222	2831	2.1397676	970	0.325754
poi-50-5	1	1.34	23	3	111	2016	1.5956162	3208	0.6219442
poi-50-5	1	1.34	23	3	222	3017	4.1238994	7215	2.4197752
poi-50-5	2	0.67	11	1	111	1356	0.9281591	59	0.0087748
poi-50-5	2	0.67	11	1	222	2108	1.8992015	1098	0.294635
poi-50-5	2	0.67	11	2	111	1356	0.9530815	20	0.0029744
poi-50-5	2	0.67	11	2	222	2114	2.6235756	3015	0.9752835
poi-50-5	2	0.67	11	3	111	1356	0.9555708	39	0.0092679
poi-50-5	2	0.67	11	3	222	2116	1.9584196	979	0.2892915
poi-50-5	2	0.67	23	1	111	1506	2.2996168	1188	0.4110958
poi-50-5	2	0.67	23	1	222	2200	3.5126353	1282	0.6732858
poi-50-5	2	0.67	23	2	111	1574	4.6322257	4454	2.1539131
poi-50-5	2	0.67	23	2	222	2245	4.9593652	2984	1.7777058
poi-50-5	2	0.67	23	3	111	1599	3.451917	1789	0.889205
poi-50-5	2	0.67	23	3	222	2227	5.1963497	2706	1.7918689
poi-50-5	2	1	11	1	111	1457	0.8562416	387	0.0543605
poi-50-5	2	1	11	1	222	2252	2.8735255	2656	0.948949
poi-50-5	2	1	11	2	111	1471	1.2264572	3371	0.4888253
poi-50-5	2	1	11	2	222	2290	4.0282983	6794	2.3103997
poi-50-5	2	1	11	3	111	1486	2.0283994	8907	1.2939017
poi-50-5	2	1	11	3	222	2247	3.0808175	4022	1.3443714
poi-50-5	2	1	23	1	111	1726	1.568719	2583	0.5261735
poi-50-5	2	1	23	1	222	2466	3.5509615	4291	1.6063817
poi-50-5	2	1	23	2	111	1874	1.0100139	414	0.0725238
poi-50-5	2	1	23	2	222	2467	1.779649	417	0.1244152
poi-50-5	2	1	23	3	111	1963	1.4158559	2838	0.5086474
poi-50-5	2	1	23	3	222	2467	1.6014925	80	0.0180117
poi-50-5	2	1.34	11	1	111	1715	1.1852037	2487	0.3928638
poi-50-5	2	1.34	11	1	222	2528	3.5133946	4587	1.6373806
poi-50-5	2	1.34	11	2	111	1729	0.7676983	312	0.0383113
poi-50-5	2	1.34	11	2	222	2560	3.789674	6262	2.0921812
poi-50-5	2	1.34	11	3	111	1735	0.9218115	1395	0.191349
poi-50-5	2	1.34	11	3	222	2574	1.8795948	619	0.1854439
poi-50-5	2	1.34	23	1	111	2026	2.2062061	5438	1.1421159
poi-50-5	2	1.34	23	1	222	2897	2.4609011	1372	0.4716385
poi-50-5	2	1.34	23	2	111	2294	0.9638779	172	0.0291084
poi-50-5	2	1.34	23	2	222	3047	2.4319316	2243	0.7239085
poi-50-5	2	1.34	23	3	111	2401	2.4723986	8480	1.5532106
poi-50-5	2	1.34	23	3	222	3140	2.8526437	3742	1.19573
AverageObj: 1019.35, IterToBest: 1374.32, TimeToBest: 0.24
