InstanceName	alpha	beta	L	m	Tmax	ObjValue	CpuTime	IterToBest	TimeToBest
poi-10-1	1	0.67	15	1	59	201	0.0231041	0	0
poi-10-1	1	0.67	15	1	118	295	0.0396257	0	0
poi-10-1	1	0.67	15	2	59	201	0.0235774	0	0
poi-10-1	1	0.67	15	2	118	295	0.0407797	0	0
poi-10-1	1	0.67	15	3	59	201	0.0243532	0	0
poi-10-1	1	0.67	15	3	118	295	0.0415418	0	0
poi-10-1	1	0.67	30	1	59	201	0.0250329	0	0
poi-10-1	1	0.67	30	1	118	295	0.0523533	0	0
poi-10-1	1	0.67	30	2	59	201	0.0258205	0	0
poi-10-1	1	0.67	30	2	118	295	0.0549625	0	0
poi-10-1	1	0.67	30	3	59	201	0.0270778	0	0
poi-10-1	1	0.67	30	3	118	295	0.0580896	0	0
poi-10-1	1	1	15	1	59	201	0.0314685	0	0
poi-10-1	1	1	15	1	118	295	0.0671408	0	0
poi-10-1	1	1	15	2	59	201	0.0330387	0	0
poi-10-1	1	1	15	2	118	295	0.0685991	0	0
poi-10-1	1	1	15	3	59	201	0.0346565	0	0
poi-10-1	1	1	15	3	118	295	0.070367	0	0
poi-10-1	1	1	30	1	59	201	0.0354494	0	0
poi-10-1	1	1	30	1	118	295	0.0695005	0	0
poi-10-1	1	1	30	2	59	201	0.0392062	0	0
poi-10-1	1	1	30	2	118	295	0.0759121	0	0
poi-10-1	1	1	30	3	59	201	0.0423559	0	0
poi-10-1	1	1	30	3	118	295	0.0817236	0	0
poi-10-1	1	1.33	15	1	59	233	0.0300693	0	0
poi-10-1	1	1.33	15	1	118	327	0.0627061	0	0
poi-10-1	1	1.33	15	2	59	233	0.0315203	0	0
poi-10-1	1	1.33	15	2	118	327	0.0642049	0	0
poi-10-1	1	1.33	15	3	59	233	0.0326063	0	0
poi-10-1	1	1.33	15	3	118	327	0.0656028	0	0
poi-10-1	1	1.33	30	1	59	233	0.0347698	0	0
poi-10-1	1	1.33	30	1	118	347	0.0644025	4	6.13E-05
poi-10-1	1	1.33	30	2	59	233	0.0381519	0	0
poi-10-1	1	1.33	30	2	118	347	0.0690659	2	3.24E-05
poi-10-1	1	1.33	30	3	59	233	0.041658	0	0
poi-10-1	1	1.33	30	3	118	347	0.074196	1	1.66E-05
poi-10-1	2	0.67	15	1	59	201	0.0229821	0	0
poi-10-1	2	0.67	15	1	118	295	0.0396689	0	0
poi-10-1	2	0.67	15	2	59	201	0.0238277	0	0
poi-10-1	2	0.67	15	2	118	295	0.0403162	0	0
poi-10-1	2	0.67	15	3	59	201	0.0241129	0	0
poi-10-1	2	0.67	15	3	118	295	0.0415309	0	0
poi-10-1	2	0.67	30	1	59	201	0.02514	0	0
poi-10-1	2	0.67	30	1	118	295	0.0521727	0	0
poi-10-1	2	0.67	30	2	59	201	0.0259747	0	0
poi-10-1	2	0.67	30	2	118	295	0.054877	0	0
poi-10-1	2	0.67	30	3	59	201	0.0269689	0	0
poi-10-1	2	0.67	30	3	118	295	0.0576795	0	0
poi-10-1	2	1	15	1	59	201	0.0307285	0	0
poi-10-1	2	1	15	1	118	295	0.0667533	0	0
poi-10-1	2	1	15	2	59	201	0.0317429	0	0
poi-10-1	2	1	15	2	118	295	0.0684729	0	0
poi-10-1	2	1	15	3	59	201	0.0331304	0	0
poi-10-1	2	1	15	3	118	295	0.0701963	0	0
poi-10-1	2	1	30	1	59	201	0.0352548	0	0
poi-10-1	2	1	30	1	118	295	0.0692938	0	0
poi-10-1	2	1	30	2	59	201	0.0390209	0	0
poi-10-1	2	1	30	2	118	295	0.0759193	0	0
poi-10-1	2	1	30	3	59	201	0.0420837	0	0
poi-10-1	2	1	30	3	118	295	0.0815541	0	0
poi-10-1	2	1.33	15	1	59	233	0.0300482	0	0
poi-10-1	2	1.33	15	1	118	327	0.0623946	0	0
poi-10-1	2	1.33	15	2	59	233	0.0313446	0	0
poi-10-1	2	1.33	15	2	118	327	0.0639175	0	0
poi-10-1	2	1.33	15	3	59	233	0.0326821	0	0
poi-10-1	2	1.33	15	3	118	327	0.0656196	0	0
poi-10-1	2	1.33	30	1	59	233	0.0348015	0	0
poi-10-1	2	1.33	30	1	118	347	0.0644222	7	0.0001625
poi-10-1	2	1.33	30	2	59	233	0.0381066	0	0
poi-10-1	2	1.33	30	2	118	347	0.069154	2	3.16E-05
poi-10-1	2	1.33	30	3	59	233	0.0413482	0	0
poi-10-1	2	1.33	30	3	118	347	0.0742858	5	8.02E-05
poi-10-2	1	0.67	13	1	58	76	0.0223063	0	0
poi-10-2	1	0.67	13	1	116	296	0.0355243	14	0.0001051
poi-10-2	1	0.67	13	2	58	76	0.0229063	0	0
poi-10-2	1	0.67	13	2	116	296	0.0360132	10	7.29E-05
poi-10-2	1	0.67	13	3	58	76	0.0234179	0	0
poi-10-2	1	0.67	13	3	116	296	0.0366662	9	0.000127
poi-10-2	1	0.67	27	1	58	76	0.0269511	0	0
poi-10-2	1	0.67	27	1	116	296	0.046609	12	0.0001222
poi-10-2	1	0.67	27	2	58	76	0.0282482	0	0
poi-10-2	1	0.67	27	2	116	296	0.0486528	11	0.0001356
poi-10-2	1	0.67	27	3	58	76	0.0293036	0	0
poi-10-2	1	0.67	27	3	116	296	0.050733	12	0.0001464
poi-10-2	1	1	13	1	58	76	0.0224303	0	0
poi-10-2	1	1	13	1	116	296	0.0596534	12	0.0001416
poi-10-2	1	1	13	2	58	76	0.0227684	0	0
poi-10-2	1	1	13	2	116	296	0.0606521	4	5.6E-05
poi-10-2	1	1	13	3	58	76	0.0235493	0	0
poi-10-2	1	1	13	3	116	296	0.0618304	9	0.0001178
poi-10-2	1	1	27	1	58	76	0.0271105	0	0
poi-10-2	1	1	27	1	116	296	0.0709364	18	0.0002562
poi-10-2	1	1	27	2	58	76	0.0282365	0	0
poi-10-2	1	1	27	2	116	296	0.0785178	1	2.23E-05
poi-10-2	1	1	27	3	58	76	0.0290838	0	0
poi-10-2	1	1	27	3	116	296	0.083291	1	2.37E-05
poi-10-2	1	1.33	13	1	58	76	0.0222086	0	0
poi-10-2	1	1.33	13	1	116	313	0.0596995	2	8.9E-05
poi-10-2	1	1.33	13	2	58	76	0.0229076	0	0
poi-10-2	1	1.33	13	2	116	313	0.0606264	11	0.000133
poi-10-2	1	1.33	13	3	58	76	0.0233481	0	0
poi-10-2	1	1.33	13	3	116	313	0.061821	5	6.67E-05
poi-10-2	1	1.33	27	1	58	76	0.0269986	0	0
poi-10-2	1	1.33	27	1	116	343	0.0710508	10	0.0002202
poi-10-2	1	1.33	27	2	58	76	0.0280621	0	0
poi-10-2	1	1.33	27	2	116	345	0.0803613	5	9.63E-05
poi-10-2	1	1.33	27	3	58	76	0.0290988	0	0
poi-10-2	1	1.33	27	3	116	345	0.0848923	6	0.0001144
poi-10-2	2	0.67	13	1	58	76	0.0222729	0	0
poi-10-2	2	0.67	13	1	116	296	0.0352234	2	1.58E-05
poi-10-2	2	0.67	13	2	58	76	0.0228604	0	0
poi-10-2	2	0.67	13	2	116	296	0.0358379	5	3.66E-05
poi-10-2	2	0.67	13	3	58	76	0.0232665	0	0
poi-10-2	2	0.67	13	3	116	296	0.0364092	2	1.55E-05
poi-10-2	2	0.67	27	1	58	76	0.0270167	0	0
poi-10-2	2	0.67	27	1	116	296	0.0467197	15	0.000157
poi-10-2	2	0.67	27	2	58	76	0.0280072	0	0
poi-10-2	2	0.67	27	2	116	296	0.0491164	2	3.06E-05
poi-10-2	2	0.67	27	3	58	76	0.0291063	0	0
poi-10-2	2	0.67	27	3	116	296	0.0508596	16	0.000177
poi-10-2	2	1	13	1	58	76	0.0223563	0	0
poi-10-2	2	1	13	1	116	296	0.0594549	8	9.9E-05
poi-10-2	2	1	13	2	58	76	0.0228978	0	0
poi-10-2	2	1	13	2	116	296	0.0604208	11	0.0001361
poi-10-2	2	1	13	3	58	76	0.023462	0	0
poi-10-2	2	1	13	3	116	296	0.0616643	15	0.0002537
poi-10-2	2	1	27	1	58	76	0.0270497	0	0
poi-10-2	2	1	27	1	116	296	0.066295	8	0.0001125
poi-10-2	2	1	27	2	58	76	0.0279187	0	0
poi-10-2	2	1	27	2	116	296	0.0732737	1	2.02E-05
poi-10-2	2	1	27	3	58	76	0.0290263	0	0
poi-10-2	2	1	27	3	116	296	0.0775859	12	0.0002464
poi-10-2	2	1.33	13	1	58	76	0.0223007	0	0
poi-10-2	2	1.33	13	1	116	313	0.0594989	3	9.59E-05
poi-10-2	2	1.33	13	2	58	76	0.0228348	0	0
poi-10-2	2	1.33	13	2	116	313	0.060672	6	7.73E-05
poi-10-2	2	1.33	13	3	58	76	0.0235538	0	0
poi-10-2	2	1.33	13	3	116	313	0.0619506	17	0.0002742
poi-10-2	2	1.33	27	1	58	76	0.0270055	0	0
poi-10-2	2	1.33	27	1	116	355	0.069856	7	0.0001098
poi-10-2	2	1.33	27	2	58	76	0.027898	0	0
poi-10-2	2	1.33	27	2	116	355	0.0786	3	5.47E-05
poi-10-2	2	1.33	27	3	58	76	0.0292786	0	0
poi-10-2	2	1.33	27	3	116	355	0.0819287	11	0.0001917
poi-10-3	1	0.67	14	1	59	0	0.0213771	0	0
poi-10-3	1	0.67	14	1	119	243	0.0400993	0	0
poi-10-3	1	0.67	14	2	59	0	0.0220433	0	0
poi-10-3	1	0.67	14	2	119	243	0.042513	0	0
poi-10-3	1	0.67	14	3	59	0	0.0228823	0	0
poi-10-3	1	0.67	14	3	119	243	0.0439205	0	0
poi-10-3	1	0.67	28	1	59	0	0.0220316	0	0
poi-10-3	1	0.67	28	1	119	243	0.0489291	0	0
poi-10-3	1	0.67	28	2	59	0	0.022836	0	0
poi-10-3	1	0.67	28	2	119	243	0.0582387	0	0
poi-10-3	1	0.67	28	3	59	0	0.02383	0	0
poi-10-3	1	0.67	28	3	119	243	0.0638481	0	0
poi-10-3	1	1	14	1	59	0	0.0213259	0	0
poi-10-3	1	1	14	1	119	243	0.0638187	0	0
poi-10-3	1	1	14	2	59	0	0.0219801	0	0
poi-10-3	1	1	14	2	119	243	0.0728547	0	0
poi-10-3	1	1	14	3	59	0	0.0229544	0	0
poi-10-3	1	1	14	3	119	243	0.0762542	0	0
poi-10-3	1	1	28	1	59	0	0.0221152	0	0
poi-10-3	1	1	28	1	119	243	0.0745173	0	0
poi-10-3	1	1	28	2	59	0	0.0227119	0	0
poi-10-3	1	1	28	2	119	243	0.0850593	0	0
poi-10-3	1	1	28	3	59	0	0.0236965	0	0
poi-10-3	1	1	28	3	119	243	0.0909111	0	0
poi-10-3	1	1.33	14	1	59	0	0.0213013	0	0
poi-10-3	1	1.33	14	1	119	275	0.0640822	0	0
poi-10-3	1	1.33	14	2	59	0	0.0220719	0	0
poi-10-3	1	1.33	14	2	119	295	0.0760134	4	0.0001272
poi-10-3	1	1.33	14	3	59	0	0.0228847	0	0
poi-10-3	1	1.33	14	3	119	295	0.0797341	13	0.0002144
poi-10-3	1	1.33	28	1	59	0	0.0220887	0	0
poi-10-3	1	1.33	28	1	119	295	0.0723439	0	0
poi-10-3	1	1.33	28	2	59	0	0.022875	0	0
poi-10-3	1	1.33	28	2	119	301	0.0802211	25	0.0004809
poi-10-3	1	1.33	28	3	59	0	0.0237884	0	0
poi-10-3	1	1.33	28	3	119	301	0.0838549	1	1.97E-05
poi-10-3	2	0.67	14	1	59	0	0.0213842	0	0
poi-10-3	2	0.67	14	1	119	243	0.0402329	0	0
poi-10-3	2	0.67	14	2	59	0	0.0223125	0	0
poi-10-3	2	0.67	14	2	119	243	0.0425644	0	0
poi-10-3	2	0.67	14	3	59	0	0.0230287	0	0
poi-10-3	2	0.67	14	3	119	243	0.0441371	0	0
poi-10-3	2	0.67	28	1	59	0	0.021854	0	0
poi-10-3	2	0.67	28	1	119	243	0.0493659	0	0
poi-10-3	2	0.67	28	2	59	0	0.0229042	0	0
poi-10-3	2	0.67	28	2	119	243	0.0581833	0	0
poi-10-3	2	0.67	28	3	59	0	0.0237185	0	0
poi-10-3	2	0.67	28	3	119	243	0.0640924	0	0
poi-10-3	2	1	14	1	59	0	0.0212894	0	0
poi-10-3	2	1	14	1	119	243	0.0635833	0	0
poi-10-3	2	1	14	2	59	0	0.0220229	0	0
poi-10-3	2	1	14	2	119	243	0.0719785	0	0
poi-10-3	2	1	14	3	59	0	0.0228211	0	0
poi-10-3	2	1	14	3	119	243	0.0763905	0	0
poi-10-3	2	1	28	1	59	0	0.0219926	0	0
poi-10-3	2	1	28	1	119	243	0.0757193	0	0
poi-10-3	2	1	28	2	59	0	0.0227504	0	0
poi-10-3	2	1	28	2	119	243	0.0834175	0	0
poi-10-3	2	1	28	3	59	0	0.0237378	0	0
poi-10-3	2	1	28	3	119	243	0.0851729	0	0
poi-10-3	2	1.33	14	1	59	0	0.0212677	0	0
poi-10-3	2	1.33	14	1	119	295	0.0648576	6	9.48E-05
poi-10-3	2	1.33	14	2	59	0	0.0221042	0	0
poi-10-3	2	1.33	14	2	119	295	0.0793231	0	0
poi-10-3	2	1.33	14	3	59	0	0.0229275	0	0
poi-10-3	2	1.33	14	3	119	295	0.0837185	0	0
poi-10-3	2	1.33	28	1	59	0	0.0219418	0	0
poi-10-3	2	1.33	28	1	119	295	0.0710572	0	0
poi-10-3	2	1.33	28	2	59	0	0.022885	0	0
poi-10-3	2	1.33	28	2	119	301	0.0822779	3	6.53E-05
poi-10-3	2	1.33	28	3	59	0	0.0236449	0	0
poi-10-3	2	1.33	28	3	119	301	0.0852001	10	0.0001421
poi-10-4	1	0.67	13	1	59	163	0.0210175	0	0
poi-10-4	1	0.67	13	1	118	324	0.0369968	0	0
poi-10-4	1	0.67	13	2	59	163	0.0216329	0	0
poi-10-4	1	0.67	13	2	118	324	0.0373785	0	0
poi-10-4	1	0.67	13	3	59	163	0.0222421	0	0
poi-10-4	1	0.67	13	3	118	324	0.0382654	0	0
poi-10-4	1	0.67	26	1	59	173	0.0321772	0	0
poi-10-4	1	0.67	26	1	118	340	0.0521429	33	0.000436
poi-10-4	1	0.67	26	2	59	173	0.0342628	0	0
poi-10-4	1	0.67	26	2	118	340	0.0553124	71	0.0008699
poi-10-4	1	0.67	26	3	59	173	0.0360435	0	0
poi-10-4	1	0.67	26	3	118	340	0.0573033	21	0.0002442
poi-10-4	1	1	13	1	59	163	0.0235257	0	0
poi-10-4	1	1	13	1	118	324	0.0623078	0	0
poi-10-4	1	1	13	2	59	163	0.0239262	0	0
poi-10-4	1	1	13	2	118	324	0.0632331	0	0
poi-10-4	1	1	13	3	59	163	0.0246626	0	0
poi-10-4	1	1	13	3	118	324	0.0643502	0	0
poi-10-4	1	1	26	1	59	179	0.030023	0	0
poi-10-4	1	1	26	1	118	358	0.0666017	8	0.0001197
poi-10-4	1	1	26	2	59	179	0.0325402	0	0
poi-10-4	1	1	26	2	118	358	0.0719846	6	0.0001016
poi-10-4	1	1	26	3	59	179	0.0346502	0	0
poi-10-4	1	1	26	3	118	358	0.0788684	46	0.0007761
poi-10-4	1	1.33	13	1	59	163	0.0235144	0	0
poi-10-4	1	1.33	13	1	118	324	0.0624312	0	0
poi-10-4	1	1.33	13	2	59	163	0.0239449	0	0
poi-10-4	1	1.33	13	2	118	324	0.0633347	0	0
poi-10-4	1	1.33	13	3	59	163	0.0245835	0	0
poi-10-4	1	1.33	13	3	118	324	0.064595	0	0
poi-10-4	1	1.33	26	1	59	184	0.0290785	0	0
poi-10-4	1	1.33	26	1	118	399	0.0928466	0	0
poi-10-4	1	1.33	26	2	59	184	0.031438	0	0
poi-10-4	1	1.33	26	2	118	399	0.093586	0	0
poi-10-4	1	1.33	26	3	59	184	0.0338833	0	0
poi-10-4	1	1.33	26	3	118	399	0.100513	0	0
poi-10-4	2	0.67	13	1	59	163	0.0212182	0	0
poi-10-4	2	0.67	13	1	118	324	0.0368618	0	0
poi-10-4	2	0.67	13	2	59	163	0.0216316	0	0
poi-10-4	2	0.67	13	2	118	324	0.0375698	0	0
poi-10-4	2	0.67	13	3	59	163	0.0221299	0	0
poi-10-4	2	0.67	13	3	118	324	0.0383324	0	0
poi-10-4	2	0.67	26	1	59	173	0.0326964	0	0
poi-10-4	2	0.67	26	1	118	340	0.0524982	11	0.0001882
poi-10-4	2	0.67	26	2	59	173	0.0347095	0	0
poi-10-4	2	0.67	26	2	118	340	0.055099	7	8.46E-05
poi-10-4	2	0.67	26	3	59	173	0.0366368	0	0
poi-10-4	2	0.67	26	3	118	340	0.0580917	23	0.0002795
poi-10-4	2	1	13	1	59	163	0.0235757	0	0
poi-10-4	2	1	13	1	118	324	0.0627119	0	0
poi-10-4	2	1	13	2	59	163	0.0242345	0	0
poi-10-4	2	1	13	2	118	324	0.0635917	0	0
poi-10-4	2	1	13	3	59	163	0.0245435	0	0
poi-10-4	2	1	13	3	118	324	0.064565	0	0
poi-10-4	2	1	26	1	59	179	0.0305178	0	0
poi-10-4	2	1	26	1	118	358	0.0656294	9	0.0001234
poi-10-4	2	1	26	2	59	179	0.033221	0	0
poi-10-4	2	1	26	2	118	358	0.0717489	3	4.38E-05
poi-10-4	2	1	26	3	59	179	0.0357133	0	0
poi-10-4	2	1	26	3	118	358	0.0775193	2	3.41E-05
poi-10-4	2	1.33	13	1	59	163	0.0235975	0	0
poi-10-4	2	1.33	13	1	118	324	0.0627466	0	0
poi-10-4	2	1.33	13	2	59	163	0.0241359	0	0
poi-10-4	2	1.33	13	2	118	324	0.0638321	0	0
poi-10-4	2	1.33	13	3	59	163	0.0244719	0	0
poi-10-4	2	1.33	13	3	118	324	0.0647197	0	0
poi-10-4	2	1.33	26	1	59	184	0.0299575	0	0
poi-10-4	2	1.33	26	1	118	399	0.083438	0	0
poi-10-4	2	1.33	26	2	59	184	0.0322443	0	0
poi-10-4	2	1.33	26	2	118	399	0.09481	0	0
poi-10-4	2	1.33	26	3	59	184	0.0348269	0	0
poi-10-4	2	1.33	26	3	118	399	0.1007311	0	0
poi-10-5	1	0.67	14	1	52	109	0.0285092	1	7.6E-06
poi-10-5	1	0.67	14	1	104	215	0.036199	0	0
poi-10-5	1	0.67	14	2	52	109	0.0290505	1	6.6E-06
poi-10-5	1	0.67	14	2	104	215	0.0369798	0	0
poi-10-5	1	0.67	14	3	52	109	0.0296207	9	5.69E-05
poi-10-5	1	0.67	14	3	104	215	0.0376284	0	0
poi-10-5	1	0.67	28	1	52	109	0.030842	2	1.42E-05
poi-10-5	1	0.67	28	1	104	215	0.0479161	0	0
poi-10-5	1	0.67	28	2	52	109	0.031882	5	3.51E-05
poi-10-5	1	0.67	28	2	104	215	0.0534264	0	0
poi-10-5	1	0.67	28	3	52	109	0.032664	5	3.65E-05
poi-10-5	1	0.67	28	3	104	215	0.0565371	0	0
poi-10-5	1	1	14	1	52	109	0.0345102	2	1.59E-05
poi-10-5	1	1	14	1	104	215	0.0626326	0	0
poi-10-5	1	1	14	2	52	109	0.0358512	1	6.8E-06
poi-10-5	1	1	14	2	104	215	0.0644063	0	0
poi-10-5	1	1	14	3	52	109	0.0363299	3	2.57E-05
poi-10-5	1	1	14	3	104	215	0.0657057	0	0
poi-10-5	1	1	28	1	52	109	0.0379226	3	2.74E-05
poi-10-5	1	1	28	1	104	215	0.0643147	0	0
poi-10-5	1	1	28	2	52	109	0.0404553	2	1.86E-05
poi-10-5	1	1	28	2	104	222	0.0776058	54	0.0009235
poi-10-5	1	1	28	3	52	109	0.0432651	3	2.99E-05
poi-10-5	1	1	28	3	104	222	0.081967	27	0.0004542
poi-10-5	1	1.33	14	1	52	126	0.0342528	0	0
poi-10-5	1	1.33	14	1	104	235	0.0619143	0	0
poi-10-5	1	1.33	14	2	52	126	0.0349179	0	0
poi-10-5	1	1.33	14	2	104	235	0.0637812	0	0
poi-10-5	1	1.33	14	3	52	126	0.0361017	0	0
poi-10-5	1	1.33	14	3	104	235	0.0645454	0	0
poi-10-5	1	1.33	28	1	52	126	0.0379317	0	0
poi-10-5	1	1.33	28	1	104	256	0.0653398	0	0
poi-10-5	1	1.33	28	2	52	126	0.0406329	0	0
poi-10-5	1	1.33	28	2	104	264	0.0713277	34	0.0006093
poi-10-5	1	1.33	28	3	52	126	0.042225	0	0
poi-10-5	1	1.33	28	3	104	264	0.0748407	15	0.0002438
poi-10-5	2	0.67	14	1	52	109	0.0283321	1	6.8E-06
poi-10-5	2	0.67	14	1	104	215	0.0359404	0	0
poi-10-5	2	0.67	14	2	52	109	0.0288287	1	6.7E-06
poi-10-5	2	0.67	14	2	104	215	0.036608	0	0
poi-10-5	2	0.67	14	3	52	109	0.0294506	2	1.3E-05
poi-10-5	2	0.67	14	3	104	215	0.0372419	0	0
poi-10-5	2	0.67	28	1	52	109	0.0308449	3	2.11E-05
poi-10-5	2	0.67	28	1	104	215	0.0474609	0	0
poi-10-5	2	0.67	28	2	52	109	0.0314298	2	1.47E-05
poi-10-5	2	0.67	28	2	104	215	0.0532583	0	0
poi-10-5	2	0.67	28	3	52	109	0.0322983	5	3.6E-05
poi-10-5	2	0.67	28	3	104	215	0.0566035	0	0
poi-10-5	2	1	14	1	52	109	0.0341734	2	1.65E-05
poi-10-5	2	1	14	1	104	215	0.0622841	0	0
poi-10-5	2	1	14	2	52	109	0.0350476	1	6.8E-06
poi-10-5	2	1	14	2	104	215	0.0633692	0	0
poi-10-5	2	1	14	3	52	109	0.0362591	1	6.7E-06
poi-10-5	2	1	14	3	104	215	0.0646996	0	0
poi-10-5	2	1	28	1	52	109	0.0378724	2	1.74E-05
poi-10-5	2	1	28	1	104	215	0.067154	0	0
poi-10-5	2	1	28	2	52	109	0.0405047	2	1.85E-05
poi-10-5	2	1	28	2	104	222	0.0717908	6	9.5E-05
poi-10-5	2	1	28	3	52	109	0.0428878	3	3.44E-05
poi-10-5	2	1	28	3	104	222	0.0771358	1	1.88E-05
poi-10-5	2	1.33	14	1	52	126	0.0339053	0	0
poi-10-5	2	1.33	14	1	104	235	0.0617904	0	0
poi-10-5	2	1.33	14	2	52	126	0.0347489	0	0
poi-10-5	2	1.33	14	2	104	235	0.0629948	0	0
poi-10-5	2	1.33	14	3	52	126	0.0355478	0	0
poi-10-5	2	1.33	14	3	104	235	0.0643022	0	0
poi-10-5	2	1.33	28	1	52	126	0.0379869	0	0
poi-10-5	2	1.33	28	1	104	256	0.0693974	0	0
poi-10-5	2	1.33	28	2	52	126	0.040795	0	0
poi-10-5	2	1.33	28	2	104	264	0.0755934	46	0.0006489
poi-10-5	2	1.33	28	3	52	126	0.0428405	0	0
poi-10-5	2	1.33	28	3	104	264	0.0806733	89	0.0014456
poi-20-1	1	0.67	14	1	79	301	0.0835319	0	0
poi-20-1	1	0.67	14	1	159	634	0.1231486	0	0
poi-20-1	1	0.67	14	2	79	301	0.0858721	0	0
poi-20-1	1	0.67	14	2	159	634	0.1254243	0	0
poi-20-1	1	0.67	14	3	79	301	0.0867498	0	0
poi-20-1	1	0.67	14	3	159	634	0.1272816	0	0
poi-20-1	1	0.67	28	1	79	301	0.1284746	0	0
poi-20-1	1	0.67	28	1	159	650	0.225236	611	0.0231763
poi-20-1	1	0.67	28	2	79	353	0.1526366	148	0.0046971
poi-20-1	1	0.67	28	2	159	673	0.4506619	4172	0.2021368
poi-20-1	1	0.67	28	3	79	363	0.1723832	138	0.0046155
poi-20-1	1	0.67	28	3	159	714	0.2839787	129	0.0060176
poi-20-1	1	1	14	1	79	301	0.1035813	0	0
poi-20-1	1	1	14	1	159	644	0.310838	1853	0.0846433
poi-20-1	1	1	14	2	79	301	0.1084718	0	0
poi-20-1	1	1	14	2	159	644	0.2484782	816	0.0355281
poi-20-1	1	1	14	3	79	301	0.1110213	0	0
poi-20-1	1	1	14	3	159	644	0.3622113	3412	0.1486516
poi-20-1	1	1	28	1	79	336	0.1170569	22	0.0005659
poi-20-1	1	1	28	1	159	724	0.2972886	722	0.0374109
poi-20-1	1	1	28	2	79	406	0.131292	25	0.0007039
poi-20-1	1	1	28	2	159	765	0.3122706	1003	0.0516973
poi-20-1	1	1	28	3	79	427	0.1418666	12	0.0003533
poi-20-1	1	1	28	3	159	772	0.2910756	320	0.017642
poi-20-1	1	1.33	14	1	79	352	0.106954	0	0
poi-20-1	1	1.33	14	1	159	707	0.3443102	2759	0.1218783
poi-20-1	1	1.33	14	2	79	352	0.1121258	0	0
poi-20-1	1	1.33	14	2	159	742	0.2103739	433	0.0163564
poi-20-1	1	1.33	14	3	79	352	0.1148708	0	0
poi-20-1	1	1.33	14	3	159	742	0.2407621	1145	0.0444104
poi-20-1	1	1.33	28	1	79	372	0.1186535	42	0.0010289
poi-20-1	1	1.33	28	1	159	847	0.5060512	4216	0.2317865
poi-20-1	1	1.33	28	2	79	457	0.128159	2	5.16E-05
poi-20-1	1	1.33	28	2	159	912	0.5585005	5231	0.2858263
poi-20-1	1	1.33	28	3	79	525	0.1404133	116	0.0031453
poi-20-1	1	1.33	28	3	159	939	0.3103727	539	0.0299707
poi-20-1	2	0.67	14	1	79	301	0.0835206	0	0
poi-20-1	2	0.67	14	1	159	634	0.122729	0	0
poi-20-1	2	0.67	14	2	79	301	0.0851591	0	0
poi-20-1	2	0.67	14	2	159	634	0.1248146	0	0
poi-20-1	2	0.67	14	3	79	301	0.086938	0	0
poi-20-1	2	0.67	14	3	159	634	0.1268824	0	0
poi-20-1	2	0.67	28	1	79	317	0.1250386	110	0.0028721
poi-20-1	2	0.67	28	1	159	685	0.4475934	4835	0.2174768
poi-20-1	2	0.67	28	2	79	363	0.1546424	7	0.0002596
poi-20-1	2	0.67	28	2	159	733	0.2951222	195	0.0099245
poi-20-1	2	0.67	28	3	79	363	0.1838818	14	0.0005661
poi-20-1	2	0.67	28	3	159	735	0.3462711	586	0.0310212
poi-20-1	2	1	14	1	79	301	0.1025149	0	0
poi-20-1	2	1	14	1	159	644	0.4366306	4793	0.2126726
poi-20-1	2	1	14	2	79	301	0.1057042	0	0
poi-20-1	2	1	14	2	159	684	0.5289314	7476	0.3168604
poi-20-1	2	1	14	3	79	301	0.1092898	0	0
poi-20-1	2	1	14	3	159	644	0.247477	833	0.0364654
poi-20-1	2	1	28	1	79	365	0.1370051	709	0.01743
poi-20-1	2	1	28	1	159	806	0.2323319	12	0.0004509
poi-20-1	2	1	28	2	79	443	0.1727974	947	0.0280982
poi-20-1	2	1	28	2	159	884	0.2564517	631	0.0291597
poi-20-1	2	1	28	3	79	447	0.1619909	112	0.0035032
poi-20-1	2	1	28	3	159	884	0.2363913	4	0.0001717
poi-20-1	2	1.33	14	1	79	352	0.1072831	0	0
poi-20-1	2	1.33	14	1	159	727	0.2606798	1000	0.0421684
poi-20-1	2	1.33	14	2	79	352	0.1083658	0	0
poi-20-1	2	1.33	14	2	159	754	0.3249113	3677	0.1349416
poi-20-1	2	1.33	14	3	79	352	0.1116388	0	0
poi-20-1	2	1.33	14	3	159	762	0.2700061	2002	0.0761886
poi-20-1	2	1.33	28	1	79	438	0.2079349	3056	0.07924
poi-20-1	2	1.33	28	1	159	927	0.3715849	2636	0.1293044
poi-20-1	2	1.33	28	2	79	538	0.1747574	706	0.0214708
poi-20-1	2	1.33	28	2	159	1039	0.3535019	2352	0.1124937
poi-20-1	2	1.33	28	3	79	561	0.2143906	899	0.0331753
poi-20-1	2	1.33	28	3	159	1082	0.2739827	499	0.0251638
poi-20-2	1	0.67	13	1	80	291	0.0754042	0	0
poi-20-2	1	0.67	13	1	160	691	0.1314012	690	0.0149561
poi-20-2	1	0.67	13	2	80	291	0.0766662	0	0
poi-20-2	1	0.67	13	2	160	699	0.1484708	1330	0.0300239
poi-20-2	1	0.67	13	3	80	291	0.077666	0	0
poi-20-2	1	0.67	13	3	160	699	0.1426085	1062	0.0240917
poi-20-2	1	0.67	26	1	80	335	0.142227	1	3.02E-05
poi-20-2	1	0.67	26	1	160	735	0.2696917	889	0.0386863
poi-20-2	1	0.67	26	2	80	335	0.1544599	1	3.15E-05
poi-20-2	1	0.67	26	2	160	760	0.5603602	4864	0.2733748
poi-20-2	1	0.67	26	3	80	335	0.1673414	7	0.0002592
poi-20-2	1	0.67	26	3	160	760	0.3524808	709	0.0414339
poi-20-2	1	1	13	1	80	291	0.1109683	0	0
poi-20-2	1	1	13	1	160	701	0.1987958	80	0.0030882
poi-20-2	1	1	13	2	80	291	0.1132349	0	0
poi-20-2	1	1	13	2	160	713	0.1961501	13	0.0005653
poi-20-2	1	1	13	3	80	291	0.1153409	0	0
poi-20-2	1	1	13	3	160	713	0.1987245	8	0.0003578
poi-20-2	1	1	26	1	80	359	0.1692494	1001	0.0287504
poi-20-2	1	1	26	1	160	824	0.2452925	353	0.0162688
poi-20-2	1	1	26	2	80	359	0.1640544	0	0
poi-20-2	1	1	26	2	160	864	0.2353917	27	0.001274
poi-20-2	1	1	26	3	80	366	0.2912289	3126	0.1132447
poi-20-2	1	1	26	3	160	864	0.2416173	16	0.0007964
poi-20-2	1	1.33	13	1	80	306	0.1104468	0	0
poi-20-2	1	1.33	13	1	160	732	0.1974648	78	0.0030412
poi-20-2	1	1.33	13	2	80	306	0.1123965	0	0
poi-20-2	1	1.33	13	2	160	747	0.1965534	59	0.0021621
poi-20-2	1	1.33	13	3	80	306	0.1153906	0	0
poi-20-2	1	1.33	13	3	160	747	0.1993498	92	0.0034194
poi-20-2	1	1.33	26	1	80	438	0.3307715	5302	0.1680186
poi-20-2	1	1.33	26	1	160	972	0.3571132	2615	0.1244505
poi-20-2	1	1.33	26	2	80	441	0.3321498	4059	0.1530823
poi-20-2	1	1.33	26	2	160	1036	0.473781	4783	0.231886
poi-20-2	1	1.33	26	3	80	441	0.3612061	4095	0.1689348
poi-20-2	1	1.33	26	3	160	1040	0.3317783	1770	0.0872036
poi-20-2	2	0.67	13	1	80	291	0.0750613	0	0
poi-20-2	2	0.67	13	1	160	696	0.1203507	50	0.0010946
poi-20-2	2	0.67	13	2	80	291	0.076385	0	0
poi-20-2	2	0.67	13	2	160	699	0.1308564	439	0.0093754
poi-20-2	2	0.67	13	3	80	291	0.0779008	0	0
poi-20-2	2	0.67	13	3	160	699	0.1302757	329	0.0075563
poi-20-2	2	0.67	26	1	80	335	0.130707	5	0.0001432
poi-20-2	2	0.67	26	1	160	776	0.3850714	3272	0.1499122
poi-20-2	2	0.67	26	2	80	335	0.1488332	1	3.55E-05
poi-20-2	2	0.67	26	2	160	791	0.4086658	2598	0.140055
poi-20-2	2	0.67	26	3	80	335	0.1610065	3	0.0001113
poi-20-2	2	0.67	26	3	160	791	0.4813173	3301	0.1893763
poi-20-2	2	1	13	1	80	291	0.1100158	0	0
poi-20-2	2	1	13	1	160	716	0.1988329	8	0.0003375
poi-20-2	2	1	13	2	80	291	0.1125652	0	0
poi-20-2	2	1	13	2	160	716	0.2046723	86	0.003235
poi-20-2	2	1	13	3	80	291	0.1144864	0	0
poi-20-2	2	1	13	3	160	716	0.20967	135	0.0049784
poi-20-2	2	1	26	1	80	359	0.1474716	6	0.0001848
poi-20-2	2	1	26	1	160	902	0.239866	906	0.0369031
poi-20-2	2	1	26	2	80	359	0.1658961	1	2.88E-05
poi-20-2	2	1	26	2	160	927	0.2448496	630	0.0279508
poi-20-2	2	1	26	3	80	465	0.3460458	4539	0.1654239
poi-20-2	2	1	26	3	160	927	0.2377514	345	0.0154922
poi-20-2	2	1.33	13	1	80	306	0.1106816	0	0
poi-20-2	2	1.33	13	1	160	750	0.1976484	20	0.0008541
poi-20-2	2	1.33	13	2	80	306	0.1123322	0	0
poi-20-2	2	1.33	13	2	160	750	0.2092772	318	0.011906
poi-20-2	2	1.33	13	3	80	306	0.1153559	0	0
poi-20-2	2	1.33	13	3	160	750	0.2051675	92	0.0034454
poi-20-2	2	1.33	26	1	80	438	0.1625673	6	0.0002532
poi-20-2	2	1.33	26	1	160	1065	0.3125286	2569	0.1055912
poi-20-2	2	1.33	26	2	80	441	0.2285684	2110	0.0686482
poi-20-2	2	1.33	26	2	160	1099	0.2267868	30	0.0013366
poi-20-2	2	1.33	26	3	80	441	0.3014004	4080	0.1361237
poi-20-2	2	1.33	26	3	160	1101	0.4582233	4886	0.2264637
poi-20-3	1	0.67	15	1	85	336	0.0867616	0	0
poi-20-3	1	0.67	15	1	171	743	0.1272005	221	0.0046424
poi-20-3	1	0.67	15	2	85	336	0.0889347	0	0
poi-20-3	1	0.67	15	2	171	743	0.125922	60	0.0012586
poi-20-3	1	0.67	15	3	85	336	0.0902176	0	0
poi-20-3	1	0.67	15	3	171	743	0.1298122	172	0.003678
poi-20-3	1	0.67	31	1	85	336	0.1282547	0	0
poi-20-3	1	0.67	31	1	171	769	0.202176	21	0.0006687
poi-20-3	1	0.67	31	2	85	336	0.1427339	0	0
poi-20-3	1	0.67	31	2	171	769	0.2476928	57	0.0022836
poi-20-3	1	0.67	31	3	85	336	0.156139	0	0
poi-20-3	1	0.67	31	3	171	769	0.272441	21	0.0012427
poi-20-3	1	1	15	1	85	336	0.1171764	0	0
poi-20-3	1	1	15	1	171	773	0.2132379	53	0.0022134
poi-20-3	1	1	15	2	85	336	0.1273545	0	0
poi-20-3	1	1	15	2	171	773	0.2144546	76	0.003082
poi-20-3	1	1	15	3	85	336	0.1313347	0	0
poi-20-3	1	1	15	3	171	773	0.2174035	46	0.0020294
poi-20-3	1	1	31	1	85	336	0.1180166	0	0
poi-20-3	1	1	31	1	171	812	0.264153	207	0.0104246
poi-20-3	1	1	31	2	85	372	0.1354798	2	7.47E-05
poi-20-3	1	1	31	2	171	859	0.2638536	226	0.0113831
poi-20-3	1	1	31	3	85	431	0.1575101	49	0.0016931
poi-20-3	1	1	31	3	171	890	0.5086376	4453	0.2403811
poi-20-3	1	1.33	15	1	85	375	0.1225557	0	0
poi-20-3	1	1.33	15	1	171	832	0.2272714	319	0.0138059
poi-20-3	1	1.33	15	2	85	375	0.1257674	0	0
poi-20-3	1	1.33	15	2	171	840	0.2259279	294	0.0127689
poi-20-3	1	1.33	15	3	85	375	0.1308629	0	0
poi-20-3	1	1.33	15	3	171	840	0.2186021	11	0.0005509
poi-20-3	1	1.33	31	1	85	419	0.1394122	0	0
poi-20-3	1	1.33	31	1	171	948	0.3382486	1206	0.0649577
poi-20-3	1	1.33	31	2	85	441	0.1519214	177	0.0055156
poi-20-3	1	1.33	31	2	171	1038	0.4901324	4192	0.2241123
poi-20-3	1	1.33	31	3	85	540	0.1613473	178	0.0061856
poi-20-3	1	1.33	31	3	171	1115	0.3066727	471	0.0264106
poi-20-3	2	0.67	15	1	85	336	0.0867064	0	0
poi-20-3	2	0.67	15	1	171	755	0.1265321	59	0.0013144
poi-20-3	2	0.67	15	2	85	336	0.0886893	0	0
poi-20-3	2	0.67	15	2	171	755	0.1329396	222	0.0051732
poi-20-3	2	0.67	15	3	85	336	0.0904577	0	0
poi-20-3	2	0.67	15	3	171	755	0.1304662	21	0.000514
poi-20-3	2	0.67	31	1	85	336	0.127686	0	0
poi-20-3	2	0.67	31	1	171	769	0.2276732	32	0.0013608
poi-20-3	2	0.67	31	2	85	336	0.1384915	0	0
poi-20-3	2	0.67	31	2	171	769	0.2737984	35	0.0015701
poi-20-3	2	0.67	31	3	85	336	0.1541312	0	0
poi-20-3	2	0.67	31	3	171	798	0.3048687	215	0.0108442
poi-20-3	2	1	15	1	85	336	0.1126076	0	0
poi-20-3	2	1	15	1	171	773	0.208582	43	0.0016984
poi-20-3	2	1	15	2	85	336	0.1164416	0	0
poi-20-3	2	1	15	2	171	773	0.2078335	78	0.0029337
poi-20-3	2	1	15	3	85	336	0.1216152	0	0
poi-20-3	2	1	15	3	171	773	0.2094399	18	0.0007634
poi-20-3	2	1	31	1	85	372	0.111971	20	0.0004858
poi-20-3	2	1	31	1	171	859	0.3305791	2515	0.1097897
poi-20-3	2	1	31	2	85	475	0.1345015	13	0.0003696
poi-20-3	2	1	31	2	171	947	0.2390303	319	0.0143442
poi-20-3	2	1	31	3	85	483	0.1499167	1	3.19E-05
poi-20-3	2	1	31	3	171	999	0.2459491	188	0.0084764
poi-20-3	2	1.33	15	1	85	375	0.1213346	0	0
poi-20-3	2	1.33	15	1	171	833	0.3427692	3195	0.1326655
poi-20-3	2	1.33	15	2	85	375	0.1258379	0	0
poi-20-3	2	1.33	15	2	171	841	0.2191931	289	0.0119797
poi-20-3	2	1.33	15	3	85	375	0.1290763	0	0
poi-20-3	2	1.33	15	3	171	841	0.2151232	126	0.0052472
poi-20-3	2	1.33	31	1	85	441	0.12992	190	0.0050906
poi-20-3	2	1.33	31	1	171	1023	0.3248714	2163	0.0976778
poi-20-3	2	1.33	31	2	85	598	0.144592	6	0.0001998
poi-20-3	2	1.33	31	2	171	1178	0.2542992	478	0.0221128
poi-20-3	2	1.33	31	3	85	608	0.1631343	12	0.0004509
poi-20-3	2	1.33	31	3	171	1241	0.2830693	706	0.0353662
poi-20-4	1	0.67	13	1	78	412	0.089888	0	0
poi-20-4	1	0.67	13	1	157	797	0.1319953	16	0.00034
poi-20-4	1	0.67	13	2	78	412	0.0919206	0	0
poi-20-4	1	0.67	13	2	157	797	0.1334653	6	0.0001413
poi-20-4	1	0.67	13	3	78	412	0.0935547	0	0
poi-20-4	1	0.67	13	3	157	797	0.1362778	29	0.00072
poi-20-4	1	0.67	26	1	78	412	0.1369053	0	0
poi-20-4	1	0.67	26	1	157	797	0.2247836	44	0.0018924
poi-20-4	1	0.67	26	2	78	412	0.1508556	0	0
poi-20-4	1	0.67	26	2	157	819	0.4695891	3489	0.192578
poi-20-4	1	0.67	26	3	78	432	0.3212873	4672	0.1550794
poi-20-4	1	0.67	26	3	157	823	0.3468177	622	0.0372715
poi-20-4	1	1	13	1	78	412	0.1220666	0	0
poi-20-4	1	1	13	1	157	811	0.2355032	38	0.0015801
poi-20-4	1	1	13	2	78	412	0.1254846	0	0
poi-20-4	1	1	13	2	157	811	0.2406677	18	0.0007099
poi-20-4	1	1	13	3	78	412	0.1290749	0	0
poi-20-4	1	1	13	3	157	811	0.2406854	3	0.000117
poi-20-4	1	1	26	1	78	429	0.1461727	26	0.0008521
poi-20-4	1	1	26	1	157	841	0.2531057	5	0.0002922
poi-20-4	1	1	26	2	78	469	0.1669916	9	0.0004184
poi-20-4	1	1	26	2	157	898	0.2932274	798	0.0404976
poi-20-4	1	1	26	3	78	511	0.2087591	725	0.0278982
poi-20-4	1	1	26	3	157	917	0.290457	593	0.0302248
poi-20-4	1	1.33	13	1	78	466	0.1222779	0	0
poi-20-4	1	1.33	13	1	157	865	0.2326598	14	0.0006498
poi-20-4	1	1.33	13	2	78	479	0.1292441	6	0.000154
poi-20-4	1	1.33	13	2	157	892	0.2329391	68	0.0029915
poi-20-4	1	1.33	13	3	78	479	0.1336615	6	0.0001617
poi-20-4	1	1.33	13	3	157	892	0.2343241	25	0.001117
poi-20-4	1	1.33	26	1	78	510	0.204403	569	0.0223436
poi-20-4	1	1.33	26	1	157	1014	0.354493	1705	0.0897122
poi-20-4	1	1.33	26	2	78	538	0.1581192	17	0.0005672
poi-20-4	1	1.33	26	2	157	1045	0.2956192	465	0.0252872
poi-20-4	1	1.33	26	3	78	585	0.1814813	463	0.0159974
poi-20-4	1	1.33	26	3	157	1076	0.4317978	2806	0.1542905
poi-20-4	2	0.67	13	1	78	412	0.0896721	0	0
poi-20-4	2	0.67	13	1	157	797	0.1323669	11	0.0002966
poi-20-4	2	0.67	13	2	78	412	0.0917643	0	0
poi-20-4	2	0.67	13	2	157	797	0.1344175	18	0.0004037
poi-20-4	2	0.67	13	3	78	412	0.092903	0	0
poi-20-4	2	0.67	13	3	157	797	0.1363912	8	0.0002463
poi-20-4	2	0.67	26	1	78	412	0.1308071	0	0
poi-20-4	2	0.67	26	1	157	879	0.3633466	2768	0.1256679
poi-20-4	2	0.67	26	2	78	412	0.1467528	0	0
poi-20-4	2	0.67	26	2	157	903	0.4176097	2615	0.1413418
poi-20-4	2	0.67	26	3	78	412	0.1617057	0	0
poi-20-4	2	0.67	26	3	157	903	0.444614	2497	0.1447939
poi-20-4	2	1	13	1	78	412	0.1196892	0	0
poi-20-4	2	1	13	1	157	811	0.2268375	8	0.0003305
poi-20-4	2	1	13	2	78	412	0.1220324	0	0
poi-20-4	2	1	13	2	157	811	0.2305542	7	0.0003336
poi-20-4	2	1	13	3	78	412	0.1267293	0	0
poi-20-4	2	1	13	3	157	811	0.2323658	24	0.0009538
poi-20-4	2	1	26	1	78	478	0.1430177	216	0.0057031
poi-20-4	2	1	26	1	157	961	0.2344959	340	0.0147649
poi-20-4	2	1	26	2	78	520	0.1796971	23	0.0009151
poi-20-4	2	1	26	2	157	998	0.2428336	484	0.0210739
poi-20-4	2	1	26	3	78	520	0.2001944	57	0.0024892
poi-20-4	2	1	26	3	157	998	0.2383555	111	0.0053448
poi-20-4	2	1.33	13	1	78	466	0.1225893	0	0
poi-20-4	2	1.33	13	1	157	865	0.2267775	7	0.0003676
poi-20-4	2	1.33	13	2	78	479	0.1299971	2	5.05E-05
poi-20-4	2	1.33	13	2	157	892	0.2279326	4	0.0001401
poi-20-4	2	1.33	13	3	78	479	0.1329425	6	0.0001521
poi-20-4	2	1.33	13	3	157	892	0.2293898	3	0.0001344
poi-20-4	2	1.33	26	1	78	550	0.1754803	17	0.0006955
poi-20-4	2	1.33	26	1	157	1064	0.3237157	2249	0.0999587
poi-20-4	2	1.33	26	2	78	594	0.1633356	48	0.0016783
poi-20-4	2	1.33	26	2	157	1144	0.5567563	6974	0.3233566
poi-20-4	2	1.33	26	3	78	609	0.2730361	2284	0.0853348
poi-20-4	2	1.33	26	3	157	1178	0.6688349	8496	0.4190758
poi-20-5	1	0.67	13	1	74	303	0.1010254	24	0.0004736
poi-20-5	1	0.67	13	1	149	726	0.1390205	334	0.0080001
poi-20-5	1	0.67	13	2	74	303	0.1058474	59	0.0012988
poi-20-5	1	0.67	13	2	149	726	0.1415559	349	0.0083816
poi-20-5	1	0.67	13	3	74	303	0.1089551	66	0.0014619
poi-20-5	1	0.67	13	3	149	726	0.2013234	2429	0.0653776
poi-20-5	1	0.67	26	1	74	308	0.1411008	3	9.36E-05
poi-20-5	1	0.67	26	1	149	739	0.2933988	2516	0.095582
poi-20-5	1	0.67	26	2	74	334	0.158899	1	3.4E-05
poi-20-5	1	0.67	26	2	149	763	0.2272111	20	0.0007073
poi-20-5	1	0.67	26	3	74	334	0.167525	32	0.001071
poi-20-5	1	0.67	26	3	149	763	0.263387	369	0.0161657
poi-20-5	1	1	13	1	74	333	0.1013911	16	0.0003495
poi-20-5	1	1	13	1	149	739	0.2270874	117	0.0050841
poi-20-5	1	1	13	2	74	333	0.1101131	7	0.0001649
poi-20-5	1	1	13	2	149	762	0.2275003	120	0.0052524
poi-20-5	1	1	13	3	74	333	0.1133405	1	1.76E-05
poi-20-5	1	1	13	3	149	762	0.2265409	5	0.0002175
poi-20-5	1	1	26	1	74	341	0.129336	8	0.000204
poi-20-5	1	1	26	1	149	824	0.2434748	103	0.0045966
poi-20-5	1	1	26	2	74	380	0.1436968	20	0.0005467
poi-20-5	1	1	26	2	149	851	0.4069936	3379	0.1632962
poi-20-5	1	1	26	3	74	380	0.1537578	19	0.0006269
poi-20-5	1	1	26	3	149	843	0.3028953	957	0.0484272
poi-20-5	1	1.33	13	1	74	361	0.1134374	8	0.0001684
poi-20-5	1	1.33	13	1	149	799	0.4001959	4062	0.1790491
poi-20-5	1	1.33	13	2	74	361	0.1192733	12	0.0003405
poi-20-5	1	1.33	13	2	149	843	0.2266842	11	0.0005551
poi-20-5	1	1.33	13	3	74	361	0.1196369	4	7.86E-05
poi-20-5	1	1.33	13	3	149	855	0.2401159	246	0.0108723
poi-20-5	1	1.33	26	1	74	405	0.1981007	2271	0.0622713
poi-20-5	1	1.33	26	1	149	963	0.2754395	281	0.0149534
poi-20-5	1	1.33	26	2	74	456	0.1981949	1251	0.0387461
poi-20-5	1	1.33	26	2	149	995	0.314468	1116	0.0572397
poi-20-5	1	1.33	26	3	74	479	0.1761672	200	0.0070219
poi-20-5	1	1.33	26	3	149	997	0.6006351	6342	0.3369234
poi-20-5	2	0.67	13	1	74	303	0.0996264	54	0.0011308
poi-20-5	2	0.67	13	1	149	726	0.149026	778	0.0190078
poi-20-5	2	0.67	13	2	74	303	0.102515	11	0.0002136
poi-20-5	2	0.67	13	2	149	726	0.1531608	835	0.02126
poi-20-5	2	0.67	13	3	74	303	0.1082548	91	0.0019873
poi-20-5	2	0.67	13	3	149	726	0.1447449	381	0.009394
poi-20-5	2	0.67	26	1	74	341	0.1433012	8	0.0002318
poi-20-5	2	0.67	26	1	149	785	0.23897	219	0.007038
poi-20-5	2	0.67	26	2	74	387	0.1693609	17	0.0005589
poi-20-5	2	0.67	26	2	149	785	0.2736968	49	0.0018858
poi-20-5	2	0.67	26	3	74	425	0.1800746	6	0.0002423
poi-20-5	2	0.67	26	3	149	785	0.2918914	114	0.0046542
poi-20-5	2	1	13	1	74	333	0.1077674	4	8.03E-05
poi-20-5	2	1	13	1	149	762	0.2428947	506	0.0225563
poi-20-5	2	1	13	2	74	333	0.1136315	21	0.0005331
poi-20-5	2	1	13	2	149	762	0.2254473	16	0.0007351
poi-20-5	2	1	13	3	74	333	0.117893	8	0.0001882
poi-20-5	2	1	13	3	149	762	0.2291064	18	0.0008094
poi-20-5	2	1	26	1	74	390	0.1293725	4	9.01E-05
poi-20-5	2	1	26	1	149	868	0.2223549	488	0.0199314
poi-20-5	2	1	26	2	74	460	0.1541641	16	0.0005886
poi-20-5	2	1	26	2	149	902	0.2184887	171	0.0073732
poi-20-5	2	1	26	3	74	517	0.163242	11	0.0004524
poi-20-5	2	1	26	3	149	902	0.2278408	42	0.0019925
poi-20-5	2	1.33	13	1	74	361	0.1228194	63	0.0016147
poi-20-5	2	1.33	13	1	149	843	0.3390395	2725	0.1170419
poi-20-5	2	1.33	13	2	74	361	0.1325186	50	0.0014453
poi-20-5	2	1.33	13	2	149	855	0.2340883	181	0.0078354
poi-20-5	2	1.33	13	3	74	361	0.1377885	27	0.0008212
poi-20-5	2	1.33	13	3	149	855	0.2329194	66	0.0030949
poi-20-5	2	1.33	26	1	74	456	0.1379993	160	0.0045391
poi-20-5	2	1.33	26	1	149	1011	0.2951568	2147	0.0885909
poi-20-5	2	1.33	26	2	74	528	0.1611652	5	0.0001942
poi-20-5	2	1.33	26	2	149	1071	0.2471469	603	0.0263539
poi-20-5	2	1.33	26	3	74	603	0.1733891	1	4.07E-05
poi-20-5	2	1.33	26	3	149	1088	0.4956004	5280	0.2541242
poi-30-1	1	0.67	13	1	85	463	0.2574248	0	0
poi-30-1	1	0.67	13	1	171	1062	0.4043141	334	0.0182713
poi-30-1	1	0.67	13	2	85	463	0.2763762	0	0
poi-30-1	1	0.67	13	2	171	1062	0.4243185	223	0.0151123
poi-30-1	1	0.67	13	3	85	463	0.2921589	0	0
poi-30-1	1	0.67	13	3	171	1062	0.4731262	607	0.048325
poi-30-1	1	0.67	26	1	85	496	0.5627021	2169	0.1684835
poi-30-1	1	0.67	26	1	171	1084	0.6533566	458	0.0430869
poi-30-1	1	0.67	26	2	85	559	1.107551	6186	0.6097503
poi-30-1	1	0.67	26	2	171	1111	1.2208252	3364	0.4763924
poi-30-1	1	0.67	26	3	85	568	0.6384346	402	0.0444122
poi-30-1	1	0.67	26	3	171	1111	0.9147603	389	0.0591897
poi-30-1	1	1	13	1	85	494	0.3486198	533	0.0337228
poi-30-1	1	1	13	1	171	1110	0.8624416	3422	0.3471824
poi-30-1	1	1	13	2	85	500	0.3870944	1098	0.0700617
poi-30-1	1	1	13	2	171	1110	0.5587522	921	0.0821633
poi-30-1	1	1	13	3	85	509	0.4123871	1261	0.0841646
poi-30-1	1	1	13	3	171	1110	0.5149461	495	0.0426153
poi-30-1	1	1	26	1	85	557	0.4526531	619	0.0498935
poi-30-1	1	1	26	1	171	1191	1.2417154	4983	0.6317043
poi-30-1	1	1	26	2	85	673	0.698693	3443	0.2855359
poi-30-1	1	1	26	2	171	1273	1.1879518	5994	0.6473769
poi-30-1	1	1	26	3	85	677	0.482227	26	0.002451
poi-30-1	1	1	26	3	171	1277	0.7457948	1910	0.202866
poi-30-1	1	1.33	13	1	85	568	0.4131223	1051	0.073908
poi-30-1	1	1.33	13	1	171	1207	0.5556148	360	0.0320139
poi-30-1	1	1.33	13	2	85	585	0.6152282	3707	0.2643978
poi-30-1	1	1.33	13	2	171	1231	0.6487205	1644	0.1560438
poi-30-1	1	1.33	13	3	85	609	0.3744664	194	0.0147816
poi-30-1	1	1.33	13	3	171	1239	0.5070547	158	0.012718
poi-30-1	1	1.33	26	1	85	668	0.9948863	6035	0.5455522
poi-30-1	1	1.33	26	1	171	1370	0.6463329	77	0.0077518
poi-30-1	1	1.33	26	2	85	813	0.5079943	362	0.034537
poi-30-1	1	1.33	26	2	171	1466	0.930895	3384	0.3719474
poi-30-1	1	1.33	26	3	85	865	0.7631344	2616	0.2706633
poi-30-1	1	1.33	26	3	171	1566	1.284882	7281	0.7616419
poi-30-1	2	0.67	13	1	85	463	0.252571	0	0
poi-30-1	2	0.67	13	1	171	1071	0.7381336	4459	0.3409815
poi-30-1	2	0.67	13	2	85	463	0.2714665	0	0
poi-30-1	2	0.67	13	2	171	1073	0.4915252	1023	0.0736895
poi-30-1	2	0.67	13	3	85	463	0.2864896	0	0
poi-30-1	2	0.67	13	3	171	1073	0.5510575	1580	0.1278921
poi-30-1	2	0.67	26	1	85	590	0.4437909	420	0.0304058
poi-30-1	2	0.67	26	1	171	1194	1.1376305	4012	0.5004788
poi-30-1	2	0.67	26	2	85	597	0.5335257	187	0.0167432
poi-30-1	2	0.67	26	2	171	1231	1.3918484	4271	0.6364622
poi-30-1	2	0.67	26	3	85	619	0.7886419	1520	0.1820736
poi-30-1	2	0.67	26	3	171	1219	0.9486023	543	0.0855832
poi-30-1	2	1	13	1	85	557	0.3325586	676	0.040358
poi-30-1	2	1	13	1	171	1119	0.5208637	101	0.0081689
poi-30-1	2	1	13	2	85	557	0.3338282	748	0.0441044
poi-30-1	2	1	13	2	171	1123	0.5075022	162	0.01331
poi-30-1	2	1	13	3	85	561	0.3427195	672	0.0419993
poi-30-1	2	1	13	3	171	1123	0.4895813	37	0.0028272
poi-30-1	2	1	26	1	85	677	0.3548907	7	0.0004454
poi-30-1	2	1	26	1	171	1367	0.9306756	3952	0.4045445
poi-30-1	2	1	26	2	85	758	0.402523	37	0.0032357
poi-30-1	2	1	26	2	171	1417	0.5391934	546	0.0512217
poi-30-1	2	1	26	3	85	758	0.4635549	5	0.0004523
poi-30-1	2	1	26	3	171	1417	0.5040205	111	0.0097028
poi-30-1	2	1.33	13	1	85	634	0.3378112	250	0.0168324
poi-30-1	2	1.33	13	1	171	1251	0.7761196	2753	0.2712317
poi-30-1	2	1.33	13	2	85	647	0.6805141	4791	0.334102
poi-30-1	2	1.33	13	2	171	1276	0.9157131	4326	0.4216904
poi-30-1	2	1.33	13	3	85	680	0.4826741	1762	0.1277666
poi-30-1	2	1.33	13	3	171	1290	0.5742624	939	0.0864788
poi-30-1	2	1.33	26	1	85	836	0.7498746	5160	0.3808662
poi-30-1	2	1.33	26	1	171	1591	0.5677407	443	0.0419375
poi-30-1	2	1.33	26	2	85	910	0.5012691	962	0.0815448
poi-30-1	2	1.33	26	2	171	1661	0.8940622	4051	0.396733
poi-30-1	2	1.33	26	3	85	978	0.6340669	1352	0.135707
poi-30-1	2	1.33	26	3	171	1728	1.1089157	6006	0.6037795
poi-30-2	1	0.67	12	1	95	641	0.3049145	3393	0.1240578
poi-30-2	1	0.67	12	1	190	1164	0.4747727	2092	0.133333
poi-30-2	1	0.67	12	2	95	641	0.2075297	779	0.0281035
poi-30-2	1	0.67	12	2	190	1189	0.6577111	4925	0.3233676
poi-30-2	1	0.67	12	3	95	639	0.2020813	7	0.0002602
poi-30-2	1	0.67	12	3	190	1164	0.4143897	1178	0.0743368
poi-30-2	1	0.67	25	1	95	654	0.3410081	408	0.0262198
poi-30-2	1	0.67	25	1	190	1234	1.9480644	9587	1.2745394
poi-30-2	1	0.67	25	2	95	665	0.4114086	28	0.0024776
poi-30-2	1	0.67	25	2	190	1263	1.3075285	3668	0.5432249
poi-30-2	1	0.67	25	3	95	683	0.5773283	931	0.0899496
poi-30-2	1	0.67	25	3	190	1251	0.9549775	455	0.0653852
poi-30-2	1	1	12	1	95	657	0.229867	33	0.0015219
poi-30-2	1	1	12	1	190	1201	0.5747571	52	0.0040756
poi-30-2	1	1	12	2	95	680	0.2310616	8	0.0004689
poi-30-2	1	1	12	2	190	1255	0.606124	534	0.0451025
poi-30-2	1	1	12	3	95	680	0.2407162	67	0.0031839
poi-30-2	1	1	12	3	190	1255	0.6006523	410	0.0336015
poi-30-2	1	1	25	1	95	701	0.3849143	969	0.0621354
poi-30-2	1	1	25	1	190	1325	1.3200414	5100	0.6625737
poi-30-2	1	1	25	2	95	786	0.5721027	3542	0.2368797
poi-30-2	1	1	25	2	190	1387	1.2615833	7145	0.7394613
poi-30-2	1	1	25	3	95	840	0.6582179	3639	0.277583
poi-30-2	1	1	25	3	190	1410	0.6729856	1572	0.1579786
poi-30-2	1	1.33	12	1	95	755	0.2300515	45	0.0022864
poi-30-2	1	1.33	12	1	190	1311	0.592109	186	0.0151462
poi-30-2	1	1.33	12	2	95	778	0.2379312	16	0.0009647
poi-30-2	1	1.33	12	2	190	1356	0.5867687	320	0.0306681
poi-30-2	1	1.33	12	3	95	785	0.2734063	652	0.0316047
poi-30-2	1	1.33	12	3	190	1356	0.5901874	390	0.030949
poi-30-2	1	1.33	25	1	95	829	0.4565415	1368	0.1002817
poi-30-2	1	1.33	25	1	190	1502	0.730383	300	0.0351742
poi-30-2	1	1.33	25	2	95	935	0.5086097	2039	0.1489782
poi-30-2	1	1.33	25	2	190	1690	1.2104667	5935	0.6566184
poi-30-2	1	1.33	25	3	95	1030	0.5143853	1056	0.0889012
poi-30-2	1	1.33	25	3	190	1709	0.5951133	685	0.0677141
poi-30-2	2	0.67	12	1	95	654	0.188643	9	0.0003142
poi-30-2	2	0.67	12	1	190	1179	0.3512057	237	0.0121047
poi-30-2	2	0.67	12	2	95	654	0.1841334	26	0.0011126
poi-30-2	2	0.67	12	2	190	1209	0.4334388	1544	0.0984018
poi-30-2	2	0.67	12	3	95	654	0.1871459	35	0.0012574
poi-30-2	2	0.67	12	3	190	1179	0.3576682	264	0.0148351
poi-30-2	2	0.67	25	1	95	803	0.6320341	3498	0.2562386
poi-30-2	2	0.67	25	1	190	1281	0.8996244	1674	0.2167323
poi-30-2	2	0.67	25	2	95	890	0.4774824	79	0.0073056
poi-30-2	2	0.67	25	2	190	1281	1.1165728	2529	0.3707394
poi-30-2	2	0.67	25	3	95	902	0.5859983	22	0.0019933
poi-30-2	2	0.67	25	3	190	1275	0.9739946	1150	0.1729773
poi-30-2	2	1	12	1	95	680	0.2341499	45	0.0020839
poi-30-2	2	1	12	1	190	1268	0.6292986	518	0.0494561
poi-30-2	2	1	12	2	95	680	0.228342	10	0.0004918
poi-30-2	2	1	12	2	190	1268	0.5810281	272	0.0265377
poi-30-2	2	1	12	3	95	680	0.2328502	6	0.000249
poi-30-2	2	1	12	3	190	1268	0.5746045	152	0.0107657
poi-30-2	2	1	25	1	95	920	0.4912654	3079	0.1866167
poi-30-2	2	1	25	1	190	1410	0.6618657	983	0.1037632
poi-30-2	2	1	25	2	95	1067	0.3750074	815	0.0523519
poi-30-2	2	1	25	2	190	1410	0.4828285	16	0.0013352
poi-30-2	2	1	25	3	95	1067	0.3503387	385	0.024881
poi-30-2	2	1	25	3	190	1410	0.4883599	22	0.0017075
poi-30-2	2	1.33	12	1	95	785	0.2583851	409	0.0197487
poi-30-2	2	1.33	12	1	190	1355	0.6494527	643	0.0632665
poi-30-2	2	1.33	12	2	95	785	0.2465483	233	0.0115459
poi-30-2	2	1.33	12	2	190	1366	0.6354852	697	0.0677443
poi-30-2	2	1.33	12	3	95	785	0.2619752	429	0.0212535
poi-30-2	2	1.33	12	3	190	1366	0.7248851	1478	0.1572051
poi-30-2	2	1.33	25	1	95	1078	0.6045475	4644	0.2899154
poi-30-2	2	1.33	25	1	190	1687	1.2401396	6021	0.6713672
poi-30-2	2	1.33	25	2	95	1300	0.6651942	4941	0.3314724
poi-30-2	2	1.33	25	2	190	1746	0.9624066	4972	0.4848815
poi-30-2	2	1.33	25	3	95	1301	0.6380514	4242	0.293956
poi-30-2	2	1.33	25	3	190	1778	0.599991	1012	0.0917619
poi-30-3	1	0.67	12	1	86	441	0.2855742	2389	0.0925236
poi-30-3	1	0.67	12	1	172	1140	0.6588933	4279	0.3010359
poi-30-3	1	0.67	12	2	86	460	0.26551	1582	0.0632671
poi-30-3	1	0.67	12	2	172	1152	0.5301394	2279	0.1564331
poi-30-3	1	0.67	12	3	86	466	0.2985985	2199	0.0907733
poi-30-3	1	0.67	12	3	172	1152	0.4103461	508	0.0315792
poi-30-3	1	0.67	24	1	86	531	0.3030658	431	0.023811
poi-30-3	1	0.67	24	1	172	1277	0.9180342	2353	0.2875593
poi-30-3	1	0.67	24	2	86	540	0.3464736	45	0.003086
poi-30-3	1	0.67	24	2	172	1298	0.9588155	737	0.1186756
poi-30-3	1	0.67	24	3	86	545	0.4168534	261	0.020855
poi-30-3	1	0.67	24	3	172	1298	1.1102607	882	0.1564355
poi-30-3	1	1	12	1	86	487	0.3023714	1260	0.0620897
poi-30-3	1	1	12	1	172	1176	0.5845628	719	0.0686782
poi-30-3	1	1	12	2	86	487	0.2550024	321	0.0156524
poi-30-3	1	1	12	2	172	1215	0.685809	1878	0.1783791
poi-30-3	1	1	12	3	86	487	0.2579577	122	0.0063174
poi-30-3	1	1	12	3	172	1221	1.4060642	9011	0.8999816
poi-30-3	1	1	24	1	86	613	0.3093532	3	0.0003114
poi-30-3	1	1	24	1	172	1395	1.1158851	4448	0.5206285
poi-30-3	1	1	24	2	86	627	0.3589423	697	0.0438327
poi-30-3	1	1	24	2	172	1437	0.6456257	1412	0.1384678
poi-30-3	1	1	24	3	86	627	0.3587363	19	0.0013912
poi-30-3	1	1	24	3	172	1449	0.5122058	232	0.0217129
poi-30-3	1	1.33	12	1	86	519	0.2672884	74	0.0041108
poi-30-3	1	1.33	12	1	172	1295	0.5966748	1108	0.0964022
poi-30-3	1	1.33	12	2	86	521	0.3186511	1028	0.0555089
poi-30-3	1	1.33	12	2	172	1331	0.5778809	849	0.0736737
poi-30-3	1	1.33	12	3	86	521	0.2777795	83	0.0046129
poi-30-3	1	1.33	12	3	172	1333	0.5361702	476	0.0394582
poi-30-3	1	1.33	24	1	86	718	0.4512391	1396	0.0992995
poi-30-3	1	1.33	24	1	172	1571	0.7686503	1576	0.1733509
poi-30-3	1	1.33	24	2	86	772	0.5423995	2775	0.1930705
poi-30-3	1	1.33	24	2	172	1757	0.5162207	102	0.0095424
poi-30-3	1	1.33	24	3	86	802	0.4550096	1010	0.0757
poi-30-3	1	1.33	24	3	172	1802	0.631988	1396	0.1338085
poi-30-3	2	0.67	12	1	86	460	0.2712142	2099	0.0802424
poi-30-3	2	0.67	12	1	172	1157	0.5865904	3137	0.2242486
poi-30-3	2	0.67	12	2	86	466	0.2709723	1763	0.0706468
poi-30-3	2	0.67	12	2	172	1163	0.3911707	223	0.0129789
poi-30-3	2	0.67	12	3	86	466	0.3685115	4001	0.163852
poi-30-3	2	0.67	12	3	172	1165	0.7806803	5331	0.4003264
poi-30-3	2	0.67	24	1	86	582	0.3245336	147	0.0094136
poi-30-3	2	0.67	24	1	172	1310	0.9172862	876	0.1273448
poi-30-3	2	0.67	24	2	86	607	0.5002397	1248	0.0986516
poi-30-3	2	0.67	24	2	172	1317	1.0558786	970	0.1646812
poi-30-3	2	0.67	24	3	86	607	0.4721986	210	0.0182341
poi-30-3	2	0.67	24	3	172	1330	2.1366548	6492	1.1979677
poi-30-3	2	1	12	1	86	487	0.2170164	2	7.32E-05
poi-30-3	2	1	12	1	172	1225	0.5203984	116	0.0081025
poi-30-3	2	1	12	2	86	506	0.2931404	1621	0.0722828
poi-30-3	2	1	12	2	172	1225	0.5142502	145	0.0115498
poi-30-3	2	1	12	3	86	506	0.3156324	1883	0.0860278
poi-30-3	2	1	12	3	172	1225	0.5076231	89	0.0064755
poi-30-3	2	1	24	1	86	711	0.4237162	2457	0.1379686
poi-30-3	2	1	24	1	172	1449	0.5110282	101	0.0076172
poi-30-3	2	1	24	2	86	720	0.338165	472	0.0288861
poi-30-3	2	1	24	2	172	1449	0.4395234	1	9.34E-05
poi-30-3	2	1	24	3	86	720	0.3279631	97	0.0060091
poi-30-3	2	1	24	3	172	1449	0.4588872	2	0.0001959
poi-30-3	2	1.33	12	1	86	519	0.2391801	70	0.0034347
poi-30-3	2	1.33	12	1	172	1341	0.5440939	646	0.0565331
poi-30-3	2	1.33	12	2	86	586	0.3534661	2162	0.1082285
poi-30-3	2	1.33	12	2	172	1341	0.5406669	479	0.0447376
poi-30-3	2	1.33	12	3	86	586	0.3510864	1993	0.1014446
poi-30-3	2	1.33	12	3	172	1345	0.7022748	2369	0.2192318
poi-30-3	2	1.33	24	1	86	852	0.5407877	4019	0.2406571
poi-30-3	2	1.33	24	1	172	1724	0.5354357	501	0.043436
poi-30-3	2	1.33	24	2	86	889	0.4038746	1077	0.071539
poi-30-3	2	1.33	24	2	172	1793	0.660764	2346	0.2082545
poi-30-3	2	1.33	24	3	86	902	0.3619391	302	0.0209779
poi-30-3	2	1.33	24	3	172	1831	1.2333458	7942	0.7557239
poi-30-4	1	0.67	11	1	91	798	0.313462	893	0.0464683
poi-30-4	1	0.67	11	1	183	1211	0.7268936	5284	0.3670092
poi-30-4	1	0.67	11	2	91	783	0.2903228	176	0.0093406
poi-30-4	1	0.67	11	2	183	1211	0.3849244	409	0.0206354
poi-30-4	1	0.67	11	3	91	798	0.3457625	961	0.0533852
poi-30-4	1	0.67	11	3	183	1211	0.4406667	1041	0.0668136
poi-30-4	1	0.67	23	1	91	852	0.5240888	691	0.0574137
poi-30-4	1	0.67	23	1	183	1215	0.9079644	2847	0.3222598
poi-30-4	1	0.67	23	2	91	869	0.6325396	213	0.0231067
poi-30-4	1	0.67	23	2	183	1215	0.7461884	56	0.0046828
poi-30-4	1	0.67	23	3	91	887	0.9587974	1501	0.2195043
poi-30-4	1	0.67	23	3	183	1215	0.8265039	17	0.0021883
poi-30-4	1	1	11	1	91	842	0.3968037	2223	0.1216315
poi-30-4	1	1	11	1	183	1226	0.55402	49	0.0037993
poi-30-4	1	1	11	2	91	842	0.3231841	908	0.0488237
poi-30-4	1	1	11	2	183	1226	0.5100818	18	0.0013978
poi-30-4	1	1	11	3	91	842	0.2823843	85	0.0048603
poi-30-4	1	1	11	3	183	1226	0.5028282	12	0.0009776
poi-30-4	1	1	23	1	91	842	0.4267507	642	0.0494812
poi-30-4	1	1	23	1	183	1226	0.6798855	58	0.0070867
poi-30-4	1	1	23	2	91	932	0.4630247	680	0.0554672
poi-30-4	1	1	23	2	183	1249	0.9131156	2351	0.291585
poi-30-4	1	1	23	3	91	1007	0.9184974	4707	0.444681
poi-30-4	1	1	23	3	183	1257	0.7183056	1308	0.1507965
poi-30-4	1	1.33	11	1	91	909	0.5958858	5747	0.3196529
poi-30-4	1	1.33	11	1	183	1395	0.5764915	208	0.0168232
poi-30-4	1	1.33	11	2	91	916	0.3593309	1265	0.0726365
poi-30-4	1	1.33	11	2	183	1425	0.6340973	1066	0.1053684
poi-30-4	1	1.33	11	3	91	916	0.3116367	324	0.0188108
poi-30-4	1	1.33	11	3	183	1427	0.7633026	2468	0.2499717
poi-30-4	1	1.33	23	1	91	978	0.5008795	1340	0.1046713
poi-30-4	1	1.33	23	1	183	1472	1.0344307	2582	0.3500644
poi-30-4	1	1.33	23	2	91	1108	0.5912522	1729	0.1520012
poi-30-4	1	1.33	23	2	183	1532	0.8280451	1599	0.1962036
poi-30-4	1	1.33	23	3	91	1227	1.1092822	5900	0.60044
poi-30-4	1	1.33	23	3	183	1562	1.293149	5640	0.6809277
poi-30-4	2	0.67	11	1	91	801	0.3411905	1539	0.0781332
poi-30-4	2	0.67	11	1	183	1215	0.3703213	268	0.0112309
poi-30-4	2	0.67	11	2	91	813	0.3412612	1292	0.0670423
poi-30-4	2	0.67	11	2	183	1215	0.3940061	496	0.0285654
poi-30-4	2	0.67	11	3	91	813	0.5306988	4562	0.2532895
poi-30-4	2	0.67	11	3	183	1215	0.4821084	1550	0.1096975
poi-30-4	2	0.67	23	1	91	977	0.8817327	2763	0.3060025
poi-30-4	2	0.67	23	1	183	1215	0.599892	113	0.0082881
poi-30-4	2	0.67	23	2	91	978	0.7499055	45	0.0054477
poi-30-4	2	0.67	23	2	183	1215	0.6835539	67	0.0063837
poi-30-4	2	0.67	23	3	91	978	0.825953	26	0.0035935
poi-30-4	2	0.67	23	3	183	1217	1.5890436	4938	0.7817732
poi-30-4	2	1	11	1	91	863	0.7581054	9551	0.4967142
poi-30-4	2	1	11	1	183	1226	0.5539286	6	0.0006881
poi-30-4	2	1	11	2	91	863	0.4309125	3073	0.1648093
poi-30-4	2	1	11	2	183	1226	0.5330104	5	0.0005815
poi-30-4	2	1	11	3	91	863	0.461843	3336	0.1853382
poi-30-4	2	1	11	3	183	1226	0.5195849	1	0.0005353
poi-30-4	2	1	23	1	91	1017	0.3878942	168	0.0126165
poi-30-4	2	1	23	1	183	1239	0.6329154	126	0.0129229
poi-30-4	2	1	23	2	91	1092	0.4177106	161	0.0132102
poi-30-4	2	1	23	2	183	1298	0.5811291	40	0.0036063
poi-30-4	2	1	23	3	91	1092	0.4534606	23	0.0022118
poi-30-4	2	1	23	3	183	1298	0.5784095	39	0.0038668
poi-30-4	2	1.33	11	1	91	946	0.3879264	2212	0.1196773
poi-30-4	2	1.33	11	1	183	1401	0.838323	2736	0.2940301
poi-30-4	2	1.33	11	2	91	952	0.4127031	2382	0.1335113
poi-30-4	2	1.33	11	2	183	1431	0.7135759	1984	0.1919496
poi-30-4	2	1.33	11	3	91	958	0.5378626	4315	0.2486098
poi-30-4	2	1.33	11	3	183	1431	0.5530077	336	0.0317927
poi-30-4	2	1.33	23	1	91	1245	0.6035062	2300	0.1902531
poi-30-4	2	1.33	23	1	183	1495	0.9860152	3065	0.3726595
poi-30-4	2	1.33	23	2	91	1357	0.920113	5477	0.4787205
poi-30-4	2	1.33	23	2	183	1587	1.1525984	5371	0.605735
poi-30-4	2	1.33	23	3	91	1396	1.6009819	11957	1.130126
poi-30-4	2	1.33	23	3	183	1605	0.8076252	2053	0.2330742
poi-30-5	1	0.67	13	1	82	422	0.1650176	144	0.0045482
poi-30-5	1	0.67	13	1	164	1199	0.3808553	156	0.0076094
poi-30-5	1	0.67	13	2	82	441	0.1739201	26	0.0008516
poi-30-5	1	0.67	13	2	164	1199	0.4103424	479	0.02646
poi-30-5	1	0.67	13	3	82	441	0.1839657	35	0.0010696
poi-30-5	1	0.67	13	3	164	1199	0.4074277	300	0.0157561
poi-30-5	1	0.67	26	1	82	454	0.2266798	70	0.0033995
poi-30-5	1	0.67	26	1	164	1222	0.6439124	239	0.024432
poi-30-5	1	0.67	26	2	82	496	0.2726088	61	0.0034781
poi-30-5	1	0.67	26	2	164	1266	0.9744995	1775	0.2477975
poi-30-5	1	0.67	26	3	82	529	0.3113653	29	0.00183
poi-30-5	1	0.67	26	3	164	1288	1.3902281	3358	0.5489537
poi-30-5	1	1	13	1	82	457	0.3682994	4297	0.1706238
poi-30-5	1	1	13	1	164	1254	0.8481591	3556	0.3503377
poi-30-5	1	1	13	2	82	494	0.2140032	3	0.0001336
poi-30-5	1	1	13	2	164	1254	0.6568852	1790	0.1683433
poi-30-5	1	1	13	3	82	494	0.2219015	36	0.001567
poi-30-5	1	1	13	3	164	1254	0.7555425	2638	0.2565612
poi-30-5	1	1	26	1	82	499	0.2891133	1733	0.0743784
poi-30-5	1	1	26	1	164	1318	0.6590489	848	0.0892759
poi-30-5	1	1	26	2	82	562	0.2509969	162	0.0078278
poi-30-5	1	1	26	2	164	1397	0.851633	3398	0.3435197
poi-30-5	1	1	26	3	82	612	0.2657723	46	0.0024925
poi-30-5	1	1	26	3	164	1419	0.51998	153	0.0150225
poi-30-5	1	1.33	13	1	82	506	0.4694969	4995	0.2358954
poi-30-5	1	1.33	13	1	164	1408	0.9216769	4473	0.4321841
poi-30-5	1	1.33	13	2	82	563	0.2363081	39	0.0022778
poi-30-5	1	1.33	13	2	164	1443	1.0745305	6200	0.5909274
poi-30-5	1	1.33	13	3	82	564	0.2457629	6	0.0002884
poi-30-5	1	1.33	13	3	164	1437	1.2190585	7540	0.7275899
poi-30-5	1	1.33	26	1	82	589	0.2588299	71	0.0037022
poi-30-5	1	1.33	26	1	164	1508	0.6071963	587	0.0564847
poi-30-5	1	1.33	26	2	82	649	0.268185	56	0.003405
poi-30-5	1	1.33	26	2	164	1658	0.6086522	1190	0.1141179
poi-30-5	1	1.33	26	3	82	715	0.2806625	11	0.0006895
poi-30-5	1	1.33	26	3	164	1729	0.4929161	61	0.00591
poi-30-5	2	0.67	13	1	82	472	0.1775067	27	0.0008153
poi-30-5	2	0.67	13	1	164	1211	0.5648362	2631	0.1932775
poi-30-5	2	0.67	13	2	82	487	0.1907642	48	0.0018449
poi-30-5	2	0.67	13	2	164	1211	0.5867929	2708	0.2023414
poi-30-5	2	0.67	13	3	82	487	0.1985789	10	0.0003254
poi-30-5	2	0.67	13	3	164	1211	0.5281749	1756	0.1344892
poi-30-5	2	0.67	26	1	82	500	0.2614794	25	0.0012756
poi-30-5	2	0.67	26	1	164	1328	0.8530078	1483	0.1869708
poi-30-5	2	0.67	26	2	82	529	0.4023162	1031	0.0690635
poi-30-5	2	0.67	26	2	164	1357	0.7911685	81	0.010082
poi-30-5	2	0.67	26	3	82	529	0.420503	591	0.0443244
poi-30-5	2	0.67	26	3	164	1371	0.8492065	136	0.0157646
poi-30-5	2	1	13	1	82	525	0.1955977	121	0.0046035
poi-30-5	2	1	13	1	164	1268	0.5012947	15	0.0009744
poi-30-5	2	1	13	2	82	562	0.1985811	35	0.0012095
poi-30-5	2	1	13	2	164	1268	0.4973145	45	0.0032075
poi-30-5	2	1	13	3	82	562	0.2027001	56	0.0024222
poi-30-5	2	1	13	3	164	1268	0.5026509	50	0.0033796
poi-30-5	2	1	26	1	82	575	0.224759	5	0.0002231
poi-30-5	2	1	26	1	164	1447	0.5200647	76	0.0060644
poi-30-5	2	1	26	2	82	612	0.2564222	1	0.000191
poi-30-5	2	1	26	2	164	1495	0.9273606	5259	0.4752312
poi-30-5	2	1	26	3	82	633	0.2820985	3	0.0001657
poi-30-5	2	1	26	3	164	1527	0.5655422	1463	0.128431
poi-30-5	2	1.33	13	1	82	594	0.2225884	90	0.00412
poi-30-5	2	1.33	13	1	164	1409	0.5633813	977	0.0860199
poi-30-5	2	1.33	13	2	82	633	0.2239835	30	0.0013769
poi-30-5	2	1.33	13	2	164	1455	0.960434	5201	0.4895587
poi-30-5	2	1.33	13	3	82	633	0.230719	48	0.0023681
poi-30-5	2	1.33	13	3	164	1439	0.6182186	1471	0.1401289
poi-30-5	2	1.33	26	1	82	672	0.2441253	40	0.0019528
poi-30-5	2	1.33	26	1	164	1691	0.918133	4541	0.4288695
poi-30-5	2	1.33	26	2	82	741	0.2716425	84	0.0048876
poi-30-5	2	1.33	26	2	164	1781	0.4836237	318	0.0249843
poi-30-5	2	1.33	26	3	82	761	0.3839766	706	0.0469162
poi-30-5	2	1.33	26	3	164	1812	1.3565091	9713	0.8935774
poi-40-1	1	0.67	12	1	101	1042	0.5044389	0	0
poi-40-1	1	0.67	12	1	202	1600	2.0773496	7428	1.2344725
poi-40-1	1	0.67	12	2	101	1042	0.5383493	0	0
poi-40-1	1	0.67	12	2	202	1606	1.4004802	3163	0.5332793
poi-40-1	1	0.67	12	3	101	1042	0.5562072	0	0
poi-40-1	1	0.67	12	3	202	1606	1.1016616	1334	0.216893
poi-40-1	1	0.67	24	1	101	1083	0.7908469	4	0.0004569
poi-40-1	1	0.67	24	1	202	1678	1.6814816	1525	0.3722557
poi-40-1	1	0.67	24	2	101	1113	1.0445601	14	0.0023182
poi-40-1	1	0.67	24	2	202	1688	1.8484446	871	0.2312834
poi-40-1	1	0.67	24	3	101	1154	1.2646581	407	0.0835336
poi-40-1	1	0.67	24	3	202	1727	2.9507307	3197	1.0996623
poi-40-1	1	1	12	1	101	1079	0.6943071	1151	0.1295035
poi-40-1	1	1	12	1	202	1621	1.2913672	530	0.094569
poi-40-1	1	1	12	2	101	1084	0.5091328	72	0.0070082
poi-40-1	1	1	12	2	202	1659	1.3905271	1510	0.3065291
poi-40-1	1	1	12	3	101	1084	0.4976926	12	0.0011732
poi-40-1	1	1	12	3	202	1665	1.4587241	1922	0.3874817
poi-40-1	1	1	24	1	101	1154	1.3927207	5271	0.7100438
poi-40-1	1	1	24	1	202	1739	2.5715718	5353	1.3220141
poi-40-1	1	1	24	2	101	1218	0.6374485	81	0.0108496
poi-40-1	1	1	24	2	202	1824	1.3473696	1634	0.3208059
poi-40-1	1	1	24	3	101	1287	0.9930842	2306	0.3158672
poi-40-1	1	1	24	3	202	1865	1.5876909	3104	0.5988198
poi-40-1	1	1.34	12	1	101	1250	0.5518932	12	0.0012078
poi-40-1	1	1.34	12	1	202	1858	1.5451238	1880	0.3990407
poi-40-1	1	1.34	12	2	101	1279	0.5725192	573	0.0595077
poi-40-1	1	1.34	12	2	202	1927	1.6696589	2917	0.6041591
poi-40-1	1	1.34	12	3	101	1296	0.7540375	2250	0.2380744
poi-40-1	1	1.34	12	3	202	1949	2.1425903	5364	1.0959338
poi-40-1	1	1.34	24	1	101	1321	0.9540463	1814	0.2538199
poi-40-1	1	1.34	24	1	202	2015	2.0625997	3249	0.8014722
poi-40-1	1	1.34	24	2	101	1507	1.0906835	3467	0.4443407
poi-40-1	1	1.34	24	2	202	2197	1.4419779	2133	0.4153154
poi-40-1	1	1.34	24	3	101	1558	1.1390997	3170	0.4431659
poi-40-1	1	1.34	24	3	202	2286	2.3822296	7034	1.3882064
poi-40-1	2	0.67	12	1	101	1054	0.5042958	50	0.0040031
poi-40-1	2	0.67	12	1	202	1622	1.3921225	3233	0.5308103
poi-40-1	2	0.67	12	2	101	1054	0.521541	82	0.0071452
poi-40-1	2	0.67	12	2	202	1634	1.0253623	1079	0.1514309
poi-40-1	2	0.67	12	3	101	1054	0.5493795	195	0.0186313
poi-40-1	2	0.67	12	3	202	1633	1.6602047	4562	0.7742663
poi-40-1	2	0.67	24	1	101	1170	0.8865663	35	0.0048837
poi-40-1	2	0.67	24	1	202	1730	2.6626864	5063	1.3081325
poi-40-1	2	0.67	24	2	101	1201	1.7240836	2781	0.6142118
poi-40-1	2	0.67	24	2	202	1751	1.6018801	148	0.0269427
poi-40-1	2	0.67	24	3	101	1199	1.225462	5	0.0012467
poi-40-1	2	0.67	24	3	202	1766	1.9586211	768	0.2407724
poi-40-1	2	1	12	1	101	1167	0.5877064	656	0.0663298
poi-40-1	2	1	12	1	202	1706	1.2455378	210	0.0350633
poi-40-1	2	1	12	2	101	1167	0.4849848	55	0.0050539
poi-40-1	2	1	12	2	202	1719	1.370526	1334	0.2695881
poi-40-1	2	1	12	3	101	1167	0.4927807	46	0.0044237
poi-40-1	2	1	12	3	202	1719	1.1779475	335	0.0553099
poi-40-1	2	1	24	1	101	1326	0.872821	2109	0.254787
poi-40-1	2	1	24	1	202	1865	1.6489884	2535	0.5508424
poi-40-1	2	1	24	2	101	1370	0.7245086	1310	0.1494654
poi-40-1	2	1	24	2	202	1893	1.0240272	266	0.0425624
poi-40-1	2	1	24	3	101	1416	0.7294835	930	0.1150722
poi-40-1	2	1	24	3	202	1893	0.9705074	48	0.0069168
poi-40-1	2	1.34	12	1	101	1370	0.6412562	1025	0.1071005
poi-40-1	2	1.34	12	1	202	1941	1.4600769	1611	0.329202
poi-40-1	2	1.34	12	2	101	1399	0.6007057	1191	0.1129427
poi-40-1	2	1.34	12	2	202	1997	1.144321	541	0.0994547
poi-40-1	2	1.34	12	3	101	1399	0.8049896	3115	0.3084264
poi-40-1	2	1.34	12	3	202	2008	1.1368888	547	0.0925037
poi-40-1	2	1.34	24	1	101	1572	1.2944722	5341	0.6640877
poi-40-1	2	1.34	24	1	202	2177	1.1390538	265	0.0376125
poi-40-1	2	1.34	24	2	101	1693	0.7652239	1510	0.176906
poi-40-1	2	1.34	24	2	202	2330	1.7542572	3945	0.7684339
poi-40-1	2	1.34	24	3	101	1769	0.9255687	2299	0.2900919
poi-40-1	2	1.34	24	3	202	2368	1.3122466	1866	0.3459179
poi-40-2	1	0.67	12	1	97	838	0.7213612	3203	0.2771227
poi-40-2	1	0.67	12	1	194	1660	1.347353	3694	0.5579361
poi-40-2	1	0.67	12	2	97	846	0.4919609	219	0.0172742
poi-40-2	1	0.67	12	2	194	1651	0.8509233	245	0.0261107
poi-40-2	1	0.67	12	3	97	846	0.4927236	18	0.0014823
poi-40-2	1	0.67	12	3	194	1638	0.8696168	256	0.0308695
poi-40-2	1	0.67	24	1	97	894	0.7357263	466	0.0556371
poi-40-2	1	0.67	24	1	194	1705	2.2804681	3444	0.9100126
poi-40-2	1	0.67	24	2	97	918	0.8744712	156	0.0214299
poi-40-2	1	0.67	24	2	194	1698	1.6434759	52	0.0105152
poi-40-2	1	0.67	24	3	97	918	0.9721629	52	0.0086095
poi-40-2	1	0.67	24	3	194	1698	1.8712307	95	0.0169383
poi-40-2	1	1	12	1	97	886	0.5763845	876	0.0843668
poi-40-2	1	1	12	1	194	1699	1.1762431	607	0.1102398
poi-40-2	1	1	12	2	97	898	0.4897989	318	0.0290988
poi-40-2	1	1	12	2	194	1699	0.9870078	202	0.0265306
poi-40-2	1	1	12	3	97	903	0.6551464	1950	0.1835455
poi-40-2	1	1	12	3	194	1728	1.5907827	3463	0.6458337
poi-40-2	1	1	24	1	97	951	1.2411469	5488	0.647098
poi-40-2	1	1	24	1	194	1765	1.5394864	945	0.2278792
poi-40-2	1	1	24	2	97	1032	0.8031382	2154	0.2394002
poi-40-2	1	1	24	2	194	1830	1.2770386	1310	0.2528448
poi-40-2	1	1	24	3	97	1032	0.7001808	858	0.1049864
poi-40-2	1	1	24	3	194	1843	1.4742966	2770	0.5092322
poi-40-2	1	1.34	12	1	97	983	0.6910211	2071	0.2018531
poi-40-2	1	1.34	12	1	194	1939	2.3342403	6513	1.2975513
poi-40-2	1	1.34	12	2	97	1050	0.5741596	1172	0.1090266
poi-40-2	1	1.34	12	2	194	1989	1.6038731	3489	0.650598
poi-40-2	1	1.34	12	3	97	1090	0.9143481	4671	0.4428037
poi-40-2	1	1.34	12	3	194	2006	1.1141049	924	0.165286
poi-40-2	1	1.34	24	1	97	1079	0.9925884	2997	0.3651096
poi-40-2	1	1.34	24	1	194	2105	1.6691768	1229	0.3089166
poi-40-2	1	1.34	24	2	97	1234	0.6190319	284	0.0321885
poi-40-2	1	1.34	24	2	194	2221	2.303973	6084	1.2657156
poi-40-2	1	1.34	24	3	97	1276	1.3867837	6200	0.7684778
poi-40-2	1	1.34	24	3	194	2265	0.9765541	101	0.016247
poi-40-2	2	0.67	12	1	97	846	0.4923137	501	0.0433411
poi-40-2	2	0.67	12	1	194	1668	0.8240758	339	0.0352635
poi-40-2	2	0.67	12	2	97	846	0.5324563	813	0.0700095
poi-40-2	2	0.67	12	2	194	1668	0.8218281	216	0.0180242
poi-40-2	2	0.67	12	3	97	846	0.4788085	110	0.0086198
poi-40-2	2	0.67	12	3	194	1668	1.1471625	2176	0.3259561
poi-40-2	2	0.67	24	1	97	956	0.862115	651	0.0894094
poi-40-2	2	0.67	24	1	194	1737	1.5422603	1179	0.2789324
poi-40-2	2	0.67	24	2	97	978	1.516694	3376	0.6092727
poi-40-2	2	0.67	24	2	194	1739	1.8038713	1322	0.3454068
poi-40-2	2	0.67	24	3	97	978	1.1792243	1083	0.1911178
poi-40-2	2	0.67	24	3	194	1739	2.3805765	2573	0.7878151
poi-40-2	2	1	12	1	97	946	0.4969786	377	0.0339988
poi-40-2	2	1	12	1	194	1736	1.0172272	186	0.023082
poi-40-2	2	1	12	2	97	953	0.4543104	445	0.0365913
poi-40-2	2	1	12	2	194	1736	0.9541507	94	0.0103096
poi-40-2	2	1	12	3	97	953	0.4834402	706	0.05888
poi-40-2	2	1	12	3	194	1736	0.942836	3	0.0004404
poi-40-2	2	1	24	1	97	1140	0.6791281	1001	0.1129083
poi-40-2	2	1	24	1	194	1871	1.9475633	4162	0.8724354
poi-40-2	2	1	24	2	97	1288	1.2051175	6469	0.6785252
poi-40-2	2	1	24	2	194	1950	1.0184261	483	0.0769892
poi-40-2	2	1	24	3	97	1412	0.8509807	2810	0.3067552
poi-40-2	2	1	24	3	194	1950	0.9629976	257	0.0384248
poi-40-2	2	1.34	12	1	97	1146	0.4652818	135	0.0117524
poi-40-2	2	1.34	12	1	194	1985	0.9971414	215	0.0233866
poi-40-2	2	1.34	12	2	97	1177	0.4233966	40	0.0035942
poi-40-2	2	1.34	12	2	194	2014	1.4561494	2926	0.5230255
poi-40-2	2	1.34	12	3	97	1183	0.5906721	1925	0.1635022
poi-40-2	2	1.34	12	3	194	2047	1.967101	5652	1.0344022
poi-40-2	2	1.34	24	1	97	1379	0.7344947	1349	0.1539219
poi-40-2	2	1.34	24	1	194	2222	2.3114135	5976	1.2362632
poi-40-2	2	1.34	24	2	97	1535	0.6090555	587	0.0652577
poi-40-2	2	1.34	24	2	194	2381	1.6782139	3933	0.7182606
poi-40-2	2	1.34	24	3	97	1764	0.685792	973	0.1117099
poi-40-2	2	1.34	24	3	194	2435	1.8055929	4570	0.8572717
poi-40-3	1	0.67	13	1	97	684	0.466342	2532	0.1543434
poi-40-3	1	0.67	13	1	195	1469	0.9513086	1286	0.1764196
poi-40-3	1	0.67	13	2	97	684	0.3553387	277	0.0177068
poi-40-3	1	0.67	13	2	195	1470	0.9290014	916	0.1332977
poi-40-3	1	0.67	13	3	97	684	0.3868001	668	0.0445806
poi-40-3	1	0.67	13	3	195	1469	0.8214373	169	0.0192448
poi-40-3	1	0.67	27	1	97	782	0.5092438	81	0.0080922
poi-40-3	1	0.67	27	1	195	1523	2.6190157	5102	1.3108665
poi-40-3	1	0.67	27	2	97	818	0.6527226	134	0.0167435
poi-40-3	1	0.67	27	2	195	1584	3.2125881	4607	1.5322055
poi-40-3	1	0.67	27	3	97	849	0.7981023	523	0.074911
poi-40-3	1	0.67	27	3	195	1616	3.3380823	3629	1.3913353
poi-40-3	1	1	13	1	97	723	0.3656307	46	0.0034423
poi-40-3	1	1	13	1	195	1506	1.2526845	1233	0.2350857
poi-40-3	1	1	13	2	97	723	0.4075422	484	0.0362748
poi-40-3	1	1	13	2	195	1532	2.1406141	6273	1.1822173
poi-40-3	1	1	13	3	97	727	0.399149	232	0.0177229
poi-40-3	1	1	13	3	195	1532	1.0654581	700	0.1156583
poi-40-3	1	1	27	1	97	851	0.5283209	821	0.0744565
poi-40-3	1	1	27	1	195	1611	2.0996127	4736	0.9968236
poi-40-3	1	1	27	2	97	904	0.5361871	671	0.0631376
poi-40-3	1	1	27	2	195	1721	1.3552054	2818	0.4766889
poi-40-3	1	1	27	3	97	971	0.5237308	86	0.0094578
poi-40-3	1	1	27	3	195	1788	0.8681281	124	0.0186562
poi-40-3	1	1.34	13	1	97	796	0.4582996	1153	0.0872612
poi-40-3	1	1.34	13	1	195	1686	1.8207347	4286	0.8178501
poi-40-3	1	1.34	13	2	97	804	0.4784082	1327	0.1004739
poi-40-3	1	1.34	13	2	195	1740	1.2939947	2032	0.3583684
poi-40-3	1	1.34	13	3	97	819	0.5667997	2332	0.1801709
poi-40-3	1	1.34	13	3	195	1778	1.592642	3651	0.6548092
poi-40-3	1	1.34	27	1	97	981	0.5285709	364	0.0366457
poi-40-3	1	1.34	27	1	195	1826	2.6421263	6873	1.5265764
poi-40-3	1	1.34	27	2	97	1078	0.5998875	963	0.0967171
poi-40-3	1	1.34	27	2	195	2048	1.0847848	1235	0.205426
poi-40-3	1	1.34	27	3	97	1232	0.6195685	686	0.074311
poi-40-3	1	1.34	27	3	195	2202	1.4234114	3288	0.5624605
poi-40-3	2	0.67	13	1	97	714	0.4004904	922	0.0609411
poi-40-3	2	0.67	13	1	195	1499	0.7970658	237	0.0277716
poi-40-3	2	0.67	13	2	97	714	0.3578502	87	0.0059275
poi-40-3	2	0.67	13	2	195	1499	0.8262901	325	0.0377781
poi-40-3	2	0.67	13	3	97	714	0.3635352	19	0.0013893
poi-40-3	2	0.67	13	3	195	1499	0.8121575	156	0.015342
poi-40-3	2	0.67	27	1	97	909	0.7168462	617	0.076244
poi-40-3	2	0.67	27	1	195	1670	1.4288534	459	0.0976164
poi-40-3	2	0.67	27	2	97	1013	1.4458472	4209	0.6553838
poi-40-3	2	0.67	27	2	195	1695	2.0722374	1720	0.5014545
poi-40-3	2	0.67	27	3	97	1067	2.0436884	7258	1.2053636
poi-40-3	2	0.67	27	3	195	1695	2.4037214	2141	0.6961263
poi-40-3	2	1	13	1	97	802	0.3670481	303	0.0211797
poi-40-3	2	1	13	1	195	1578	1.2216617	1374	0.2544555
poi-40-3	2	1	13	2	97	812	0.3611646	190	0.0158903
poi-40-3	2	1	13	2	195	1583	1.0274985	630	0.0901143
poi-40-3	2	1	13	3	97	812	0.3678808	144	0.0111816
poi-40-3	2	1	13	3	195	1614	0.9850232	376	0.0520425
poi-40-3	2	1	27	1	97	1071	0.8920145	5154	0.4529604
poi-40-3	2	1	27	1	195	1840	1.1373024	887	0.1462312
poi-40-3	2	1	27	2	97	1240	0.6047829	1650	0.1507737
poi-40-3	2	1	27	2	195	1899	1.4556364	3620	0.6091424
poi-40-3	2	1	27	3	97	1324	0.7336035	2558	0.2488742
poi-40-3	2	1	27	3	195	1899	0.9275356	685	0.1069761
poi-40-3	2	1.34	13	1	97	880	0.4406762	1117	0.0805682
poi-40-3	2	1.34	13	1	195	1817	2.014276	5754	1.058706
poi-40-3	2	1.34	13	2	97	923	0.4249995	741	0.0561089
poi-40-3	2	1.34	13	2	195	1833	1.0257727	641	0.1112423
poi-40-3	2	1.34	13	3	97	923	0.3987834	240	0.0182622
poi-40-3	2	1.34	13	3	195	1857	0.9471653	197	0.0290493
poi-40-3	2	1.34	27	1	97	1242	0.788959	3824	0.3420594
poi-40-3	2	1.34	27	1	195	2129	1.9116162	4709	0.9059306
poi-40-3	2	1.34	27	2	97	1478	1.0009391	5877	0.5414704
poi-40-3	2	1.34	27	2	195	2292	1.3122624	2806	0.4605608
poi-40-3	2	1.34	27	3	97	1632	0.540738	415	0.0412494
poi-40-3	2	1.34	27	3	195	2356	1.9662559	6822	1.1301445
poi-40-4	1	0.67	13	1	103	600	0.4078473	438	0.0316348
poi-40-4	1	0.67	13	1	207	1549	0.8719857	350	0.0425574
poi-40-4	1	0.67	13	2	103	600	0.397027	17	0.0012957
poi-40-4	1	0.67	13	2	207	1577	1.4966472	4095	0.6494924
poi-40-4	1	0.67	13	3	103	600	0.4199345	210	0.0164966
poi-40-4	1	0.67	13	3	207	1586	1.4805233	3727	0.6127919
poi-40-4	1	0.67	27	1	103	634	0.960178	5150	0.4853383
poi-40-4	1	0.67	27	1	207	1604	1.3558568	161	0.0267217
poi-40-4	1	0.67	27	2	103	699	0.7319957	1484	0.1655464
poi-40-4	1	0.67	27	2	207	1653	1.7926566	436	0.1227214
poi-40-4	1	0.67	27	3	103	714	0.6710078	357	0.0418608
poi-40-4	1	0.67	27	3	207	1673	2.5887242	1911	0.6893824
poi-40-4	1	1	13	1	103	635	0.9297183	6525	0.5291866
poi-40-4	1	1	13	1	207	1633	1.3395555	1427	0.2857532
poi-40-4	1	1	13	2	103	635	0.4311428	76	0.0062582
poi-40-4	1	1	13	2	207	1644	1.0665449	781	0.1299862
poi-40-4	1	1	13	3	103	635	0.4485182	157	0.0134878
poi-40-4	1	1	13	3	207	1648	1.0532739	731	0.1155625
poi-40-4	1	1	27	1	103	714	0.8397245	4167	0.3810715
poi-40-4	1	1	27	1	207	1685	4.3538985	12369	3.0952911
poi-40-4	1	1	27	2	103	830	0.6038196	1271	0.1247871
poi-40-4	1	1	27	2	207	1824	1.443946	2377	0.4556439
poi-40-4	1	1	27	3	103	876	0.7682774	2494	0.2541526
poi-40-4	1	1	27	3	207	1915	1.7522802	4537	0.8174371
poi-40-4	1	1.34	13	1	103	691	0.427016	81	0.0067812
poi-40-4	1	1.34	13	1	207	1863	1.4459517	1714	0.3522616
poi-40-4	1	1.34	13	2	103	736	0.5577623	1336	0.1177343
poi-40-4	1	1.34	13	2	207	1961	0.9688692	51	0.0063782
poi-40-4	1	1.34	13	3	103	736	0.4993417	575	0.0516933
poi-40-4	1	1.34	13	3	207	1990	1.5478205	3273	0.6029196
poi-40-4	1	1.34	27	1	103	830	0.5800438	992	0.0968148
poi-40-4	1	1.34	27	1	207	1929	1.5428313	1148	0.274042
poi-40-4	1	1.34	27	2	103	983	0.7883513	2725	0.2784937
poi-40-4	1	1.34	27	2	207	2203	1.2071212	1101	0.2015466
poi-40-4	1	1.34	27	3	103	1067	1.3755533	7596	0.827458
poi-40-4	1	1.34	27	3	207	2322	0.9916481	183	0.0278206
poi-40-4	2	0.67	13	1	103	623	0.6868393	4179	0.3123029
poi-40-4	2	0.67	13	1	207	1593	0.8105628	188	0.0201058
poi-40-4	2	0.67	13	2	103	641	0.4717754	1050	0.0817314
poi-40-4	2	0.67	13	2	207	1597	0.8911199	431	0.056415
poi-40-4	2	0.67	13	3	103	641	0.5144461	1470	0.110367
poi-40-4	2	0.67	13	3	207	1597	0.887214	362	0.0457974
poi-40-4	2	0.67	27	1	103	727	1.1894512	5730	0.637022
poi-40-4	2	0.67	27	1	207	1709	2.0317489	2116	0.5748074
poi-40-4	2	0.67	27	2	103	818	0.9886909	2948	0.3707611
poi-40-4	2	0.67	27	2	207	1738	2.6196212	2744	0.9010917
poi-40-4	2	0.67	27	3	103	820	0.9246136	1974	0.2576123
poi-40-4	2	0.67	27	3	207	1724	1.9080827	202	0.0639175
poi-40-4	2	1	13	1	103	682	0.4147544	449	0.0343857
poi-40-4	2	1	13	1	207	1648	1.0155968	98	0.0138386
poi-40-4	2	1	13	2	103	709	0.3993315	206	0.0155554
poi-40-4	2	1	13	2	207	1648	0.9933404	356	0.0539094
poi-40-4	2	1	13	3	103	709	0.4065554	160	0.0128043
poi-40-4	2	1	13	3	207	1684	1.6546778	3819	0.7125031
poi-40-4	2	1	27	1	103	864	1.018867	6700	0.586576
poi-40-4	2	1	27	1	207	1875	1.1777753	969	0.1670414
poi-40-4	2	1	27	2	103	1025	0.4718371	154	0.0139736
poi-40-4	2	1	27	2	207	1948	1.0282251	707	0.117441
poi-40-4	2	1	27	3	103	1033	0.7497326	2855	0.2718547
poi-40-4	2	1	27	3	207	1948	0.8946483	7	0.0008046
poi-40-4	2	1.34	13	1	103	738	0.6032223	2349	0.1932109
poi-40-4	2	1.34	13	1	207	1939	2.2148595	6520	1.2406185
poi-40-4	2	1.34	13	2	103	798	0.5333567	1355	0.113365
poi-40-4	2	1.34	13	2	207	1977	1.2869266	2225	0.3805766
poi-40-4	2	1.34	13	3	103	806	0.4549662	226	0.0208928
poi-40-4	2	1.34	13	3	207	1992	1.0786069	1002	0.1626097
poi-40-4	2	1.34	27	1	103	1004	0.8962083	4923	0.4459655
poi-40-4	2	1.34	27	1	207	2178	1.0913715	500	0.0814179
poi-40-4	2	1.34	27	2	103	1276	0.4925086	135	0.0131629
poi-40-4	2	1.34	27	2	207	2404	1.1704393	1415	0.2457449
poi-40-4	2	1.34	27	3	103	1282	0.8848193	3547	0.3665498
poi-40-4	2	1.34	27	3	207	2479	1.148544	1389	0.2304575
poi-40-5	1	0.67	12	1	105	842	0.8319253	4576	0.4000436
poi-40-5	1	0.67	12	1	211	1636	1.2421129	3861	0.5424276
poi-40-5	1	0.67	12	2	105	812	0.9359109	5047	0.4660102
poi-40-5	1	0.67	12	2	211	1642	0.7265428	114	0.0095412
poi-40-5	1	0.67	12	3	105	869	0.6107092	1379	0.1300611
poi-40-5	1	0.67	12	3	211	1642	1.2558512	3804	0.5375514
poi-40-5	1	0.67	25	1	105	939	0.7164775	388	0.0498685
poi-40-5	1	0.67	25	1	211	1673	3.8923437	8666	2.4506673
poi-40-5	1	0.67	25	2	105	995	1.4347453	3974	0.6242479
poi-40-5	1	0.67	25	2	211	1676	1.657423	46	0.0081144
poi-40-5	1	0.67	25	3	105	965	3.2780656	12522	2.3497873
poi-40-5	1	0.67	25	3	211	1714	4.6946754	8066	2.8771165
poi-40-5	1	1	12	1	105	779	0.3732882	535	0.0366707
poi-40-5	1	1	12	1	211	1665	1.0432488	3105	0.4130624
poi-40-5	1	1	12	2	105	882	0.6001029	2995	0.2246266
poi-40-5	1	1	12	2	211	1667	0.648166	77	0.0091885
poi-40-5	1	1	12	3	105	882	0.4194275	544	0.042893
poi-40-5	1	1	12	3	211	1685	0.807499	1448	0.1843246
poi-40-5	1	1	25	1	105	950	0.6791899	2209	0.2082547
poi-40-5	1	1	25	1	211	1711	1.1810737	1290	0.2368322
poi-40-5	1	1	25	2	105	1096	0.8306649	2458	0.2732817
poi-40-5	1	1	25	2	211	1839	1.5347963	4284	0.7047952
poi-40-5	1	1	25	3	105	1152	2.2742104	15495	1.7181253
poi-40-5	1	1	25	3	211	1897	0.9461417	602	0.0988184
poi-40-5	1	1.34	12	1	105	899	0.403199	980	0.0680592
poi-40-5	1	1.34	12	1	211	1810	0.7231913	922	0.1121332
poi-40-5	1	1.34	12	2	105	1060	0.7228867	4054	0.3246273
poi-40-5	1	1.34	12	2	211	1905	0.6933177	180	0.0228059
poi-40-5	1	1.34	12	3	105	1070	0.6857004	3475	0.2808205
poi-40-5	1	1.34	12	3	211	1887	0.7237023	599	0.0745334
poi-40-5	1	1.34	25	1	105	1133	1.0541488	6126	0.5745922
poi-40-5	1	1.34	25	1	211	2010	2.1452883	5926	1.1654671
poi-40-5	1	1.34	25	2	105	1314	0.6336354	425	0.0492858
poi-40-5	1	1.34	25	2	211	2241	0.9218171	398	0.0614503
poi-40-5	1	1.34	25	3	105	1400	1.0384927	3990	0.4623596
poi-40-5	1	1.34	25	3	211	2329	1.1881293	1915	0.3183353
poi-40-5	2	0.67	12	1	105	915	0.503674	759	0.0639027
poi-40-5	2	0.67	12	1	211	1624	0.714742	92	0.0074606
poi-40-5	2	0.67	12	2	105	947	0.9033742	4883	0.4429693
poi-40-5	2	0.67	12	2	211	1650	1.3223607	4363	0.6072743
poi-40-5	2	0.67	12	3	105	915	0.5484786	828	0.0777444
poi-40-5	2	0.67	12	3	211	1650	0.7275076	71	0.0062089
poi-40-5	2	0.67	25	1	105	1079	1.417689	3308	0.5543813
poi-40-5	2	0.67	25	1	211	1721	1.4988959	407	0.0708448
poi-40-5	2	0.67	25	2	105	1166	1.3539805	1700	0.3374546
poi-40-5	2	0.67	25	2	211	1741	2.660641	3659	1.0899178
poi-40-5	2	0.67	25	3	105	1186	2.4381769	6153	1.3294869
poi-40-5	2	0.67	25	3	211	1751	1.7298311	208	0.048956
poi-40-5	2	1	12	1	105	999	0.3449643	19	0.001129
poi-40-5	2	1	12	1	211	1691	0.7211379	973	0.1202838
poi-40-5	2	1	12	2	105	999	0.3594167	159	0.0110596
poi-40-5	2	1	12	2	211	1691	0.7498762	1155	0.1384329
poi-40-5	2	1	12	3	105	999	0.4351803	1119	0.0808884
poi-40-5	2	1	12	3	211	1685	0.6753345	318	0.0379952
poi-40-5	2	1	25	1	105	1246	0.6318192	1882	0.1741461
poi-40-5	2	1	25	1	211	1874	1.2419534	2678	0.4185702
poi-40-5	2	1	25	2	105	1412	0.7764225	2825	0.2778143
poi-40-5	2	1	25	2	211	1897	0.8495421	247	0.0346259
poi-40-5	2	1	25	3	105	1430	0.5390563	75	0.0081889
poi-40-5	2	1	25	3	211	1897	0.8421521	5	0.0009957
poi-40-5	2	1.34	12	1	105	1123	0.3681085	153	0.0119714
poi-40-5	2	1.34	12	1	211	1893	0.6684781	256	0.0300348
poi-40-5	2	1.34	12	2	105	1161	0.4252412	667	0.0528247
poi-40-5	2	1.34	12	2	211	1925	0.6407533	47	0.0061474
poi-40-5	2	1.34	12	3	105	1189	0.4884339	1430	0.109619
poi-40-5	2	1.34	12	3	211	1936	0.727269	661	0.0826898
poi-40-5	2	1.34	25	1	105	1437	0.4980464	349	0.0322655
poi-40-5	2	1.34	25	1	211	2198	1.3093311	3298	0.5191002
poi-40-5	2	1.34	25	2	105	1729	1.0500247	5327	0.5427155
poi-40-5	2	1.34	25	2	211	2348	1.0554551	1394	0.228204
poi-40-5	2	1.34	25	3	105	1860	0.8105727	2505	0.2713207
poi-40-5	2	1.34	25	3	211	2352	0.926827	402	0.0622892
poi-50-1	1	0.67	12	1	108	972	0.6718809	61	0.0070017
poi-50-1	1	0.67	12	1	217	1918	1.6329811	406	0.1005714
poi-50-1	1	0.67	12	2	108	991	0.7572531	305	0.0388871
poi-50-1	1	0.67	12	2	217	1938	1.8158112	688	0.2054796
poi-50-1	1	0.67	12	3	108	991	0.7573905	339	0.0473909
poi-50-1	1	0.67	12	3	217	1949	2.2015415	1926	0.5919641
poi-50-1	1	0.67	25	1	108	1033	0.9238913	53	0.0088613
poi-50-1	1	0.67	25	1	217	2043	4.301999	3696	1.8064632
poi-50-1	1	0.67	25	2	108	1052	1.4175317	1446	0.3026242
poi-50-1	1	0.67	25	2	217	2112	5.2544815	3324	2.0731944
poi-50-1	1	0.67	25	3	108	1074	1.9323051	2770	0.6840432
poi-50-1	1	0.67	25	3	217	2108	3.7628112	191	0.0908189
poi-50-1	1	1	12	1	108	997	0.6594834	129	0.0157093
poi-50-1	1	1	12	1	217	2006	3.2010345	4460	1.5004829
poi-50-1	1	1	12	2	108	1026	0.6412934	152	0.0181867
poi-50-1	1	1	12	2	217	2044	1.8244435	784	0.2138669
poi-50-1	1	1	12	3	108	1026	0.6752705	519	0.0645874
poi-50-1	1	1	12	3	217	2081	3.0400201	4743	1.4632793
poi-50-1	1	1	25	1	108	1097	1.1169954	2628	0.3784059
poi-50-1	1	1	25	1	217	2115	6.0460503	8475	3.80583
poi-50-1	1	1	25	2	108	1136	1.2117162	3619	0.5077926
poi-50-1	1	1	25	2	217	2265	1.7128097	308	0.0835326
poi-50-1	1	1	25	3	108	1164	0.8778157	854	0.1273476
poi-50-1	1	1	25	3	217	2407	1.9532228	1529	0.4454013
poi-50-1	1	1.34	12	1	108	1148	0.9351059	2154	0.2788508
poi-50-1	1	1.34	12	1	217	2289	1.7595842	90	0.0191607
poi-50-1	1	1.34	12	2	108	1181	0.6954388	458	0.056808
poi-50-1	1	1.34	12	2	217	2417	2.7727863	3937	1.2032787
poi-50-1	1	1.34	12	3	108	1182	0.9518301	2692	0.3352549
poi-50-1	1	1.34	12	3	217	2463	1.6999804	589	0.1449136
poi-50-1	1	1.34	25	1	108	1225	0.8031111	317	0.0485379
poi-50-1	1	1.34	25	1	217	2416	2.6809552	1314	0.5064199
poi-50-1	1	1.34	25	2	108	1359	0.765554	291	0.042377
poi-50-1	1	1.34	25	2	217	2837	3.2804752	5028	1.6142785
poi-50-1	1	1.34	25	3	108	1448	1.0840318	2002	0.3132481
poi-50-1	1	1.34	25	3	217	2969	2.4447009	3179	0.9102914
poi-50-1	2	0.67	12	1	108	1016	0.7995381	709	0.0924049
poi-50-1	2	0.67	12	1	217	2024	1.9995126	1625	0.4589405
poi-50-1	2	0.67	12	2	108	1016	0.7617042	353	0.0485965
poi-50-1	2	0.67	12	2	217	2017	1.6391015	336	0.0732351
poi-50-1	2	0.67	12	3	108	1016	0.7332748	125	0.0168132
poi-50-1	2	0.67	12	3	217	2019	1.8920863	1162	0.3197855
poi-50-1	2	0.67	25	1	108	1156	1.3075058	329	0.0597799
poi-50-1	2	0.67	25	1	217	2196	4.8279419	3707	2.0199057
poi-50-1	2	0.67	25	2	108	1245	1.7905044	1066	0.299124
poi-50-1	2	0.67	25	2	217	2203	6.1379355	5357	3.1397192
poi-50-1	2	0.67	25	3	108	1246	3.9931375	7120	2.3321929
poi-50-1	2	0.67	25	3	217	2209	3.3616516	338	0.1733644
poi-50-1	2	1	12	1	108	1074	0.6689858	139	0.0172569
poi-50-1	2	1	12	1	217	2234	2.5214624	2747	0.8574136
poi-50-1	2	1	12	2	108	1074	0.6283528	40	0.0043813
poi-50-1	2	1	12	2	217	2235	2.9476572	4432	1.3641957
poi-50-1	2	1	12	3	108	1074	0.6363681	167	0.0226337
poi-50-1	2	1	12	3	217	2208	2.2498706	2261	0.6766663
poi-50-1	2	1	25	1	108	1366	1.3500631	4110	0.6019492
poi-50-1	2	1	25	1	217	2430	2.1535024	1129	0.345543
poi-50-1	2	1	25	2	108	1566	1.1576391	3216	0.4523687
poi-50-1	2	1	25	2	217	2431	1.542903	26	0.0053618
poi-50-1	2	1	25	3	108	1570	0.7233825	73	0.0102705
poi-50-1	2	1	25	3	217	2431	1.472031	2	0.0006128
poi-50-1	2	1.34	12	1	108	1249	1.2686766	4652	0.6102103
poi-50-1	2	1.34	12	1	217	2595	2.3944379	2423	0.7680693
poi-50-1	2	1.34	12	2	108	1270	0.7733556	1148	0.141849
poi-50-1	2	1.34	12	2	217	2641	3.7997305	7617	2.2687146
poi-50-1	2	1.34	12	3	108	1277	1.2732121	5331	0.6653366
poi-50-1	2	1.34	12	3	217	2653	1.8269321	1239	0.3118593
poi-50-1	2	1.34	25	1	108	1606	1.1361976	2563	0.3857981
poi-50-1	2	1.34	25	1	217	2895	3.3571948	4268	1.5410112
poi-50-1	2	1.34	25	2	108	1917	0.8503408	950	0.1310353
poi-50-1	2	1.34	25	2	217	3030	5.7787608	13597	4.2207865
poi-50-1	2	1.34	25	3	108	1993	0.9044751	1325	0.1877593
poi-50-1	2	1.34	25	3	217	3092	3.2760045	5859	1.7550919
poi-50-2	1	0.67	12	1	112	1443	1.1818567	829	0.156111
poi-50-2	1	0.67	12	1	225	2070	1.7788771	997	0.2413422
poi-50-2	1	0.67	12	2	112	1459	1.1454162	105	0.0167224
poi-50-2	1	0.67	12	2	225	2073	2.3519956	2524	0.7710299
poi-50-2	1	0.67	12	3	112	1479	1.2120942	113	0.0181364
poi-50-2	1	0.67	12	3	225	2078	2.1799688	1612	0.5073959
poi-50-2	1	0.67	24	1	112	1479	2.2656193	3242	0.8850711
poi-50-2	1	0.67	24	1	225	2098	5.0827077	4578	2.423561
poi-50-2	1	0.67	24	2	112	1517	2.9389931	3211	1.1359979
poi-50-2	1	0.67	24	2	225	2155	4.2918756	1593	1.0013338
poi-50-2	1	0.67	24	3	112	1533	2.2074589	367	0.1119893
poi-50-2	1	0.67	24	3	225	2185	4.688272	1372	0.9699325
poi-50-2	1	1	12	1	112	1529	0.9679805	109	0.0175314
poi-50-2	1	1	12	1	225	2113	3.6814271	3480	1.4797892
poi-50-2	1	1	12	2	112	1529	0.8251636	1	0.0001954
poi-50-2	1	1	12	2	225	2184	2.281244	1394	0.4293387
poi-50-2	1	1	12	3	112	1564	1.0148036	1444	0.2296995
poi-50-2	1	1	12	3	225	2184	2.3934226	1878	0.6068529
poi-50-2	1	1	24	1	112	1529	1.186209	182	0.0381392
poi-50-2	1	1	24	1	225	2180	3.8605994	3315	1.4935219
poi-50-2	1	1	24	2	112	1623	1.5095086	2864	0.5505002
poi-50-2	1	1	24	2	225	2281	2.1688617	1112	0.379895
poi-50-2	1	1	24	3	112	1666	1.2146109	1219	0.2399596
poi-50-2	1	1	24	3	225	2304	1.7103035	65	0.0162922
poi-50-2	1	1.34	12	1	112	1787	1.0088347	385	0.0618591
poi-50-2	1	1.34	12	1	225	2518	5.6849982	8365	3.5165539
poi-50-2	1	1.34	12	2	112	1876	1.812091	5992	0.9950969
poi-50-2	1	1.34	12	2	225	2530	2.0236378	603	0.1933257
poi-50-2	1	1.34	12	3	112	1896	1.6877548	5563	0.8879196
poi-50-2	1	1.34	12	3	225	2572	1.8279124	35	0.0064056
poi-50-2	1	1.34	24	1	112	1814	1.5346263	1594	0.3613996
poi-50-2	1	1.34	24	1	225	2524	3.3494469	2068	0.929115
poi-50-2	1	1.34	24	2	112	1972	1.701182	3597	0.7141155
poi-50-2	1	1.34	24	2	225	2756	2.9063281	3040	1.0768762
poi-50-2	1	1.34	24	3	112	2072	1.4106893	2056	0.4155264
poi-50-2	1	1.34	24	3	225	2845	2.5622078	2576	0.8557606
poi-50-2	2	0.67	12	1	112	1458	1.6831376	3631	0.7035053
poi-50-2	2	0.67	12	1	225	2112	1.5678891	60	0.0097227
poi-50-2	2	0.67	12	2	112	1480	1.8818876	3982	0.8255307
poi-50-2	2	0.67	12	2	225	2087	1.8379646	878	0.2513593
poi-50-2	2	0.67	12	3	112	1480	1.6579195	2808	0.5974631
poi-50-2	2	0.67	12	3	225	2126	1.6436418	142	0.0251859
poi-50-2	2	0.67	24	1	112	1612	1.7708284	29	0.0094465
poi-50-2	2	0.67	24	1	225	2223	5.691257	6708	3.2343246
poi-50-2	2	0.67	24	2	112	1676	3.4475628	3065	1.2733232
poi-50-2	2	0.67	24	2	225	2224	2.8374952	158	0.053099
poi-50-2	2	0.67	24	3	112	1707	2.8026208	845	0.3852677
poi-50-2	2	0.67	24	3	225	2229	3.2792167	389	0.1937215
poi-50-2	2	1	12	1	112	1564	0.9348875	129	0.0186838
poi-50-2	2	1	12	1	225	2202	2.8699818	1739	0.6948451
poi-50-2	2	1	12	2	112	1617	0.8631135	252	0.0345879
poi-50-2	2	1	12	2	225	2255	1.9135588	137	0.0232291
poi-50-2	2	1	12	3	112	1631	0.7710174	8	0.0010805
poi-50-2	2	1	12	3	225	2255	1.8932088	161	0.0295698
poi-50-2	2	1	24	1	112	1775	2.262155	5597	1.187473
poi-50-2	2	1	24	1	225	2342	2.058157	257	0.0763911
poi-50-2	2	1	24	2	112	1985	1.8089499	4687	0.8686032
poi-50-2	2	1	24	2	225	2390	1.7505077	153	0.036139
poi-50-2	2	1	24	3	112	2057	1.5104579	3138	0.5807791
poi-50-2	2	1	24	3	225	2390	1.8829678	743	0.2236963
poi-50-2	2	1.34	12	1	112	1864	1.1338291	1375	0.2336599
poi-50-2	2	1.34	12	1	225	2597	3.7561044	4377	1.7184832
poi-50-2	2	1.34	12	2	112	1964	1.9467818	6610	1.1051038
poi-50-2	2	1.34	12	2	225	2673	1.9159121	240	0.0448315
poi-50-2	2	1.34	12	3	112	1964	1.751791	5671	0.9201741
poi-50-2	2	1.34	12	3	225	2680	2.5411769	1723	0.6306328
poi-50-2	2	1.34	24	1	112	2068	1.2535	802	0.1592515
poi-50-2	2	1.34	24	1	225	2739	2.1218696	436	0.13183
poi-50-2	2	1.34	24	2	112	2420	1.2134953	1414	0.2616904
poi-50-2	2	1.34	24	2	225	2891	1.8129034	212	0.0497271
poi-50-2	2	1.34	24	3	112	2502	1.6556186	3864	0.7162299
poi-50-2	2	1.34	24	3	225	2989	3.5392451	5238	1.8013416
poi-50-3	1	0.67	13	1	109	1070	0.8584828	3	0.0006831
poi-50-3	1	0.67	13	1	218	1929	2.1168323	1410	0.4400374
poi-50-3	1	0.67	13	2	109	1095	1.282394	1979	0.3557606
poi-50-3	1	0.67	13	2	218	1997	4.5881348	8292	2.8652672
poi-50-3	1	0.67	13	3	109	1095	1.3929112	2486	0.4543884
poi-50-3	1	0.67	13	3	218	1993	2.5564986	2200	0.7570998
poi-50-3	1	0.67	26	1	109	1109	1.9150069	3278	0.7495527
poi-50-3	1	0.67	26	1	218	2058	3.1789589	1349	0.6204541
poi-50-3	1	0.67	26	2	109	1157	2.2179281	2747	0.765649
poi-50-3	1	0.67	26	2	218	2078	5.2026922	3320	2.0322303
poi-50-3	1	0.67	26	3	109	1210	3.0212533	3914	1.299673
poi-50-3	1	0.67	26	3	218	2114	8.2943815	6640	4.6800678
poi-50-3	1	1	13	1	109	1088	0.8113721	11	0.0019306
poi-50-3	1	1	13	1	218	2047	2.3323341	1250	0.4298677
poi-50-3	1	1	13	2	109	1088	0.7372613	47	0.0063164
poi-50-3	1	1	13	2	218	2076	2.9665287	4136	1.3301186
poi-50-3	1	1	13	3	109	1151	0.7764358	438	0.0614518
poi-50-3	1	1	13	3	218	2111	3.4014279	6120	1.8463773
poi-50-3	1	1	26	1	109	1166	1.1857315	987	0.1902262
poi-50-3	1	1	26	1	218	2159	5.887235	8048	3.588034
poi-50-3	1	1	26	2	109	1240	1.845577	5651	0.9811373
poi-50-3	1	1	26	2	218	2210	1.7924521	283	0.0750005
poi-50-3	1	1	26	3	109	1342	2.2069972	7446	1.3137245
poi-50-3	1	1	26	3	218	2343	2.4788469	3076	0.9181333
poi-50-3	1	1.34	13	1	109	1275	0.979771	816	0.1348588
poi-50-3	1	1.34	13	1	218	2329	3.2584608	3390	1.2940024
poi-50-3	1	1.34	13	2	109	1307	1.3155376	3879	0.5745701
poi-50-3	1	1.34	13	2	218	2418	3.2111184	4901	1.5977271
poi-50-3	1	1.34	13	3	109	1333	1.4446893	4993	0.7208164
poi-50-3	1	1.34	13	3	218	2460	1.9953924	1457	0.4182217
poi-50-3	1	1.34	26	1	109	1306	3.3960715	11382	2.3605805
poi-50-3	1	1.34	26	1	218	2391	3.2853582	2117	0.9114708
poi-50-3	1	1.34	26	2	109	1479	1.2046829	1738	0.3109253
poi-50-3	1	1.34	26	2	218	2709	5.4325149	10533	3.6720925
poi-50-3	1	1.34	26	3	109	1567	0.9447752	250	0.0474606
poi-50-3	1	1.34	26	3	218	2833	2.9404145	4269	1.3293018
poi-50-3	2	0.67	13	1	109	1095	1.0094417	929	0.1472474
poi-50-3	2	0.67	13	1	218	1993	1.9619306	1172	0.3301825
poi-50-3	2	0.67	13	2	109	1120	0.9459633	257	0.037329
poi-50-3	2	0.67	13	2	218	2047	1.811508	383	0.1007641
poi-50-3	2	0.67	13	3	109	1120	1.6554635	3950	0.7317066
poi-50-3	2	0.67	13	3	218	2070	1.7968345	224	0.0451433
poi-50-3	2	0.67	26	1	109	1215	1.8229044	1576	0.4082163
poi-50-3	2	0.67	26	1	218	2167	3.0602757	649	0.2854634
poi-50-3	2	0.67	26	2	109	1348	3.251183	3558	1.34367
poi-50-3	2	0.67	26	2	218	2216	3.5987014	800	0.4570052
poi-50-3	2	0.67	26	3	109	1429	2.8016015	1495	0.6072616
poi-50-3	2	0.67	26	3	218	2223	4.0181453	962	0.6090046
poi-50-3	2	1	13	1	109	1188	1.3860088	3803	0.5806878
poi-50-3	2	1	13	1	218	2185	1.8279913	95	0.0182044
poi-50-3	2	1	13	2	109	1212	0.7864062	455	0.0608219
poi-50-3	2	1	13	2	218	2244	2.5160644	2936	0.9005589
poi-50-3	2	1	13	3	109	1381	1.0462711	2191	0.319946
poi-50-3	2	1	13	3	218	2223	2.1552299	1967	0.5542465
poi-50-3	2	1	26	1	109	1368	1.7126089	4216	0.7778271
poi-50-3	2	1	26	1	218	2414	4.5036708	7097	2.6208295
poi-50-3	2	1	26	2	109	1655	1.926379	6283	1.074132
poi-50-3	2	1	26	2	218	2449	1.6327175	212	0.0447016
poi-50-3	2	1	26	3	109	1823	1.3422548	2937	0.4951665
poi-50-3	2	1	26	3	218	2449	1.5050121	42	0.0111968
poi-50-3	2	1.34	13	1	109	1367	1.1022917	1962	0.304244
poi-50-3	2	1.34	13	1	218	2564	4.3137846	7040	2.5097813
poi-50-3	2	1.34	13	2	109	1460	1.2723628	3645	0.5320951
poi-50-3	2	1.34	13	2	218	2612	2.6621282	3455	1.0871152
poi-50-3	2	1.34	13	3	109	1549	0.8432172	848	0.1130297
poi-50-3	2	1.34	13	3	218	2662	2.0751501	1717	0.5011233
poi-50-3	2	1.34	26	1	109	1646	2.8435606	9899	1.879887
poi-50-3	2	1.34	26	1	218	2887	4.6679059	7277	2.7530445
poi-50-3	2	1.34	26	2	109	2051	1.0729544	1281	0.2189232
poi-50-3	2	1.34	26	2	218	3035	2.7971993	3693	1.1598233
poi-50-3	2	1.34	26	3	109	2343	1.3871088	3082	0.5254681
poi-50-3	2	1.34	26	3	218	3102	4.739288	10049	3.1421637
poi-50-4	1	0.67	13	1	108	805	0.5640744	42	0.0045958
poi-50-4	1	0.67	13	1	216	1709	1.7393961	788	0.2106371
poi-50-4	1	0.67	13	2	108	815	0.5851397	6	0.0006489
poi-50-4	1	0.67	13	2	216	1712	1.7320105	418	0.094733
poi-50-4	1	0.67	13	3	108	815	0.6118251	22	0.0024321
poi-50-4	1	0.67	13	3	216	1763	1.7670529	645	0.1593199
poi-50-4	1	0.67	27	1	108	857	0.8770415	461	0.0721431
poi-50-4	1	0.67	27	1	216	1883	2.580471	375	0.1376523
poi-50-4	1	0.67	27	2	108	886	2.5309118	6981	1.4739072
poi-50-4	1	0.67	27	2	216	1972	3.217292	340	0.1161091
poi-50-4	1	0.67	27	3	108	912	1.4166085	754	0.1776301
poi-50-4	1	0.67	27	3	216	2000	3.7177434	304	0.1388347
poi-50-4	1	1	13	1	108	838	0.5649839	13	0.0017092
poi-50-4	1	1	13	1	216	1705	2.0523892	1229	0.3839231
poi-50-4	1	1	13	2	108	838	0.5690599	0	0
poi-50-4	1	1	13	2	216	1796	3.3530422	6126	1.8378349
poi-50-4	1	1	13	3	108	866	0.614012	300	0.0358312
poi-50-4	1	1	13	3	216	1866	3.2655679	5982	1.7666381
poi-50-4	1	1	27	1	108	905	1.2019592	3730	0.5130042
poi-50-4	1	1	27	1	216	1900	3.7169798	5036	1.8415921
poi-50-4	1	1	27	2	108	1010	0.7829013	734	0.0987161
poi-50-4	1	1	27	2	216	2143	2.5165204	3422	1.0148748
poi-50-4	1	1	27	3	108	1079	1.8386943	7355	1.1057371
poi-50-4	1	1	27	3	216	2332	6.2572307	17495	4.8596536
poi-50-4	1	1.34	13	1	108	965	0.8039152	2043	0.2344936
poi-50-4	1	1.34	13	1	216	1972	3.0872851	4120	1.3897698
poi-50-4	1	1.34	13	2	108	1008	1.1361717	4796	0.5578916
poi-50-4	1	1.34	13	2	216	2087	1.8055014	954	0.2662367
poi-50-4	1	1.34	13	3	108	1008	0.7616174	1362	0.1641097
poi-50-4	1	1.34	13	3	216	2114	2.5083526	3338	0.9801425
poi-50-4	1	1.34	27	1	108	1042	1.5809963	5881	0.8565808
poi-50-4	1	1.34	27	1	216	2237	2.0752401	447	0.1452208
poi-50-4	1	1.34	27	2	108	1234	0.7116859	42	0.0074923
poi-50-4	1	1.34	27	2	216	2581	2.3125589	2872	0.8125905
poi-50-4	1	1.34	27	3	108	1331	0.8469294	598	0.091502
poi-50-4	1	1.34	27	3	216	2736	1.4661052	175	0.0394106
poi-50-4	2	0.67	13	1	108	823	0.5710333	0	0
poi-50-4	2	0.67	13	1	216	1838	2.8628047	4764	1.3792829
poi-50-4	2	0.67	13	2	108	823	0.5935253	0	0
poi-50-4	2	0.67	13	2	216	1833	2.0060408	1765	0.4823458
poi-50-4	2	0.67	13	3	108	823	0.6015114	0	0
poi-50-4	2	0.67	13	3	216	1821	2.0644022	1912	0.5291481
poi-50-4	2	0.67	27	1	108	944	1.2169895	828	0.163859
poi-50-4	2	0.67	27	1	216	2052	3.1319292	1262	0.5445445
poi-50-4	2	0.67	27	2	108	1054	3.0218822	5725	1.594128
poi-50-4	2	0.67	27	2	216	2114	6.1078081	5188	3.0760581
poi-50-4	2	0.67	27	3	108	1100	2.179439	2001	0.6036075
poi-50-4	2	0.67	27	3	216	2111	3.6661814	618	0.3701081
poi-50-4	2	1	13	1	108	907	0.8374426	2370	0.2715172
poi-50-4	2	1	13	1	216	1872	2.5944172	2925	0.9350089
poi-50-4	2	1	13	2	108	912	0.8046666	2243	0.2483461
poi-50-4	2	1	13	2	216	1923	1.5970536	222	0.0429953
poi-50-4	2	1	13	3	108	912	0.8366606	2528	0.2852913
poi-50-4	2	1	13	3	216	1988	3.2114239	5536	1.6596756
poi-50-4	2	1	27	1	108	1118	0.8387974	1156	0.1562447
poi-50-4	2	1	27	1	216	2310	3.5382958	6059	1.9156766
poi-50-4	2	1	27	2	108	1329	0.9596046	2178	0.2897357
poi-50-4	2	1	27	2	216	2408	1.6246468	817	0.1877689
poi-50-4	2	1	27	3	108	1435	1.0122793	2198	0.3123519
poi-50-4	2	1	27	3	216	2408	1.4803292	269	0.0564864
poi-50-4	2	1.34	13	1	108	1038	1.2580879	5977	0.688768
poi-50-4	2	1.34	13	1	216	2133	4.4038157	8544	2.7720693
poi-50-4	2	1.34	13	2	108	1074	1.1243138	4912	0.5572274
poi-50-4	2	1.34	13	2	216	2328	3.5263809	6776	2.0420303
poi-50-4	2	1.34	13	3	108	1081	1.7237317	9939	1.1457308
poi-50-4	2	1.34	13	3	216	2382	2.3157454	2817	0.7846111
poi-50-4	2	1.34	27	1	108	1313	1.6228319	6823	0.9316595
poi-50-4	2	1.34	27	1	216	2722	2.0604555	1393	0.4270847
poi-50-4	2	1.34	27	2	108	1615	0.9982913	2385	0.32058
poi-50-4	2	1.34	27	2	216	2952	3.3825834	6511	1.9040919
poi-50-4	2	1.34	27	3	108	1827	1.8743866	8228	1.1636877
poi-50-4	2	1.34	27	3	216	3017	1.5310997	410	0.0924488
poi-50-5	1	0.67	11	1	111	1255	0.9771091	320	0.0483844
poi-50-5	1	0.67	11	1	222	2094	3.2636543	5077	1.6242748
poi-50-5	1	0.67	11	2	111	1255	1.2651781	1400	0.267282
poi-50-5	1	0.67	11	2	222	2091	5.64266	12001	3.9930642
poi-50-5	1	0.67	11	3	111	1255	1.2099148	1100	0.2084069
poi-50-5	1	0.67	11	3	222	2091	1.8022002	418	0.1034332
poi-50-5	1	0.67	23	1	111	1340	2.0437551	1718	0.4975388
poi-50-5	1	0.67	23	1	222	2143	4.0766462	2470	1.2847725
poi-50-5	1	0.67	23	2	111	1369	2.399121	815	0.3126613
poi-50-5	1	0.67	23	2	222	2150	4.4815829	1518	1.0255955
poi-50-5	1	0.67	23	3	111	1428	2.4246018	35	0.0115341
poi-50-5	1	0.67	23	3	222	2155	4.0822655	122	0.0529685
poi-50-5	1	1	11	1	111	1329	1.0821053	1554	0.2579222
poi-50-5	1	1	11	1	222	2071	2.2719891	854	0.307592
poi-50-5	1	1	11	2	111	1329	0.850266	669	0.0966882
poi-50-5	1	1	11	2	222	2144	2.258563	1568	0.5069878
poi-50-5	1	1	11	3	111	1360	1.1215227	2525	0.3726365
poi-50-5	1	1	11	3	222	2141	3.2366061	4733	1.5616858
poi-50-5	1	1	23	1	111	1403	2.0133237	3836	0.8726948
poi-50-5	1	1	23	1	222	2202	6.8484619	9553	4.473094
poi-50-5	1	1	23	2	111	1522	2.1139379	5929	1.1433053
poi-50-5	1	1	23	2	222	2332	2.2474278	1391	0.4511571
poi-50-5	1	1	23	3	111	1564	1.3272829	1901	0.3666998
poi-50-5	1	1	23	3	222	2440	1.9509708	938	0.2760776
poi-50-5	1	1.34	11	1	111	1524	0.9162221	486	0.0780548
poi-50-5	1	1.34	11	1	222	2421	2.9070768	2549	0.964576
poi-50-5	1	1.34	11	2	111	1599	1.3107554	3591	0.5449318
poi-50-5	1	1.34	11	2	222	2487	2.6580445	2801	0.9184743
poi-50-5	1	1.34	11	3	111	1601	0.9240786	1100	0.1638078
poi-50-5	1	1.34	11	3	222	2507	2.5815603	2764	0.8877051
poi-50-5	1	1.34	23	1	111	1576	1.8996862	3106	0.7108796
poi-50-5	1	1.34	23	1	222	2531	5.1370968	5639	2.6762135
poi-50-5	1	1.34	23	2	111	1816	1.1816311	962	0.1912638
poi-50-5	1	1.34	23	2	222	2830	3.6072367	5120	1.7889903
poi-50-5	1	1.34	23	3	111	1901	1.2421714	1317	0.2567454
poi-50-5	1	1.34	23	3	222	2984	4.3182837	7661	2.6130867
poi-50-5	2	0.67	11	1	111	1356	0.9391517	57	0.0082186
poi-50-5	2	0.67	11	1	222	2116	3.3352004	5395	1.7041347
poi-50-5	2	0.67	11	2	111	1356	0.9634512	11	0.0019902
poi-50-5	2	0.67	11	2	222	2118	4.0975737	7569	2.44842
poi-50-5	2	0.67	11	3	111	1356	0.9822392	34	0.0051599
poi-50-5	2	0.67	11	3	222	2116	2.2484387	1770	0.5601986
poi-50-5	2	0.67	23	1	111	1508	3.3773628	4008	1.4900583
poi-50-5	2	0.67	23	1	222	2207	5.2191602	4427	2.4168682
poi-50-5	2	0.67	23	2	111	1581	3.6293977	2920	1.3074464
poi-50-5	2	0.67	23	2	222	2224	3.2244688	123	0.0430351
poi-50-5	2	0.67	23	3	111	1589	6.3068293	7379	3.7412557
poi-50-5	2	0.67	23	3	222	2216	3.4817248	194	0.0745022
poi-50-5	2	1	11	1	111	1462	0.9741481	1194	0.1815548
poi-50-5	2	1	11	1	222	2202	2.2350753	1045	0.3164985
poi-50-5	2	1	11	2	111	1486	0.7656777	266	0.0324305
poi-50-5	2	1	11	2	222	2252	3.5520565	5380	1.824717
poi-50-5	2	1	11	3	111	1486	1.1776717	3078	0.4374941
poi-50-5	2	1	11	3	222	2268	2.3913324	2058	0.6565781
poi-50-5	2	1	23	1	111	1720	2.1240621	5201	1.0798367
poi-50-5	2	1	23	1	222	2441	2.5565476	1639	0.6095804
poi-50-5	2	1	23	2	111	1896	1.17572	1328	0.2416773
poi-50-5	2	1	23	2	222	2467	1.6953345	134	0.0273356
poi-50-5	2	1	23	3	111	1924	1.8360866	5078	0.9278905
poi-50-5	2	1	23	3	222	2467	1.617923	147	0.0316286
poi-50-5	2	1.34	11	1	111	1688	2.3606652	10009	1.5712375
poi-50-5	2	1.34	11	1	222	2479	2.692767	2341	0.8242041
poi-50-5	2	1.34	11	2	111	1698	0.8000162	497	0.067033
poi-50-5	2	1.34	11	2	222	2537	1.8143265	472	0.1336288
poi-50-5	2	1.34	11	3	111	1714	0.7230886	31	0.0038607
poi-50-5	2	1.34	11	3	222	2568	3.4719468	5669	1.843295
poi-50-5	2	1.34	23	1	111	2025	1.1237318	275	0.0536013
poi-50-5	2	1.34	23	1	222	2915	2.0925924	383	0.1137053
poi-50-5	2	1.34	23	2	111	2312	1.8426072	4716	0.8948018
poi-50-5	2	1.34	23	2	222	3043	3.3622554	4998	1.6538797
poi-50-5	2	1.34	23	3	111	2378	2.1062337	6505	1.1876565
poi-50-5	2	1.34	23	3	222	3092	2.3573335	2274	0.7236817
AverageObj: 1019.49, IterToBest: 1361.23, TimeToBest: 0.25
