InstanceName	alpha	beta	L	m	Tmax	ObjValue	CpuTime	IterToBest	TimeToBest
poi-10-1	1	0.67	15	1	59	201	0.1150285	0	0
poi-10-1	1	0.67	15	1	118	295	0.1658221	0	0
poi-10-1	1	0.67	15	2	59	201	0.1145085	0	0
poi-10-1	1	0.67	15	2	118	295	0.1674718	0	0
poi-10-1	1	0.67	15	3	59	201	0.0430355	0	0
poi-10-1	1	0.67	15	3	118	295	0.049051	0	0
poi-10-1	1	0.67	30	1	59	201	0.0250456	0	0
poi-10-1	1	0.67	30	1	118	295	0.0525799	0	0
poi-10-1	1	0.67	30	2	59	201	0.0261812	0	0
poi-10-1	1	0.67	30	2	118	295	0.05561	0	0
poi-10-1	1	0.67	30	3	59	201	0.0270905	0	0
poi-10-1	1	0.67	30	3	118	295	0.0586725	0	0
poi-10-1	1	1	15	1	59	201	0.0370834	0	0
poi-10-1	1	1	15	1	118	295	0.0732978	0	0
poi-10-1	1	1	15	2	59	201	0.0377193	0	0
poi-10-1	1	1	15	2	118	295	0.075276	0	0
poi-10-1	1	1	15	3	59	201	0.0394291	0	0
poi-10-1	1	1	15	3	118	295	0.0756356	0	0
poi-10-1	1	1	30	1	59	201	0.0356696	0	0
poi-10-1	1	1	30	1	118	295	0.0704277	0	0
poi-10-1	1	1	30	2	59	201	0.0392921	0	0
poi-10-1	1	1	30	2	118	295	0.076235	0	0
poi-10-1	1	1	30	3	59	201	0.0425063	0	0
poi-10-1	1	1	30	3	118	295	0.0822101	0	0
poi-10-1	1	1.33	15	1	59	233	0.0303467	0	0
poi-10-1	1	1.33	15	1	118	327	0.0624745	0	0
poi-10-1	1	1.33	15	2	59	233	0.0314726	0	0
poi-10-1	1	1.33	15	2	118	327	0.0639416	0	0
poi-10-1	1	1.33	15	3	59	233	0.0327249	0	0
poi-10-1	1	1.33	15	3	118	327	0.0653252	0	0
poi-10-1	1	1.33	30	1	59	233	0.0347669	0	0
poi-10-1	1	1.33	30	1	118	347	0.0648887	4	7.07E-05
poi-10-1	1	1.33	30	2	59	233	0.0383456	0	0
poi-10-1	1	1.33	30	2	118	347	0.0693595	2	3.59E-05
poi-10-1	1	1.33	30	3	59	233	0.0419229	0	0
poi-10-1	1	1.33	30	3	118	347	0.074772	2	3.84E-05
poi-10-1	2	0.67	15	1	59	201	0.0229806	0	0
poi-10-1	2	0.67	15	1	118	295	0.0398431	0	0
poi-10-1	2	0.67	15	2	59	201	0.0275931	0	0
poi-10-1	2	0.67	15	2	118	295	0.040777	0	0
poi-10-1	2	0.67	15	3	59	201	0.0243458	0	0
poi-10-1	2	0.67	15	3	118	295	0.0416448	0	0
poi-10-1	2	0.67	30	1	59	201	0.0249943	0	0
poi-10-1	2	0.67	30	1	118	295	0.0519867	0	0
poi-10-1	2	0.67	30	2	59	201	0.0260911	0	0
poi-10-1	2	0.67	30	2	118	295	0.0552343	0	0
poi-10-1	2	0.67	30	3	59	201	0.0268646	0	0
poi-10-1	2	0.67	30	3	118	295	0.0582145	0	0
poi-10-1	2	1	15	1	59	201	0.0306743	0	0
poi-10-1	2	1	15	1	118	295	0.066636	0	0
poi-10-1	2	1	15	2	59	201	0.0318694	0	0
poi-10-1	2	1	15	2	118	295	0.0683924	0	0
poi-10-1	2	1	15	3	59	201	0.0328323	0	0
poi-10-1	2	1	15	3	118	295	0.0699499	0	0
poi-10-1	2	1	30	1	59	201	0.035188	0	0
poi-10-1	2	1	30	1	118	295	0.0696415	0	0
poi-10-1	2	1	30	2	59	201	0.038962	0	0
poi-10-1	2	1	30	2	118	295	0.0762979	0	0
poi-10-1	2	1	30	3	59	201	0.0424461	0	0
poi-10-1	2	1	30	3	118	295	0.081848	0	0
poi-10-1	2	1.33	15	1	59	233	0.0301661	0	0
poi-10-1	2	1.33	15	1	118	327	0.0622017	0	0
poi-10-1	2	1.33	15	2	59	233	0.0315304	0	0
poi-10-1	2	1.33	15	2	118	327	0.0639246	0	0
poi-10-1	2	1.33	15	3	59	233	0.0329135	0	0
poi-10-1	2	1.33	15	3	118	327	0.0654176	0	0
poi-10-1	2	1.33	30	1	59	233	0.0348991	0	0
poi-10-1	2	1.33	30	1	118	347	0.0648471	7	0.000106
poi-10-1	2	1.33	30	2	59	233	0.0383144	0	0
poi-10-1	2	1.33	30	2	118	347	0.0693161	1	1.62E-05
poi-10-1	2	1.33	30	3	59	233	0.0413339	0	0
poi-10-1	2	1.33	30	3	118	347	0.0741866	2	3.39E-05
poi-10-2	1	0.67	13	1	58	76	0.0226357	0	0
poi-10-2	1	0.67	13	1	116	296	0.0357575	11	8.82E-05
poi-10-2	1	0.67	13	2	58	76	0.0230165	0	0
poi-10-2	1	0.67	13	2	116	296	0.0361345	1	8E-06
poi-10-2	1	0.67	13	3	58	76	0.0236688	0	0
poi-10-2	1	0.67	13	3	116	296	0.0366663	1	8.6E-06
poi-10-2	1	0.67	27	1	58	76	0.0273125	0	0
poi-10-2	1	0.67	27	1	116	296	0.0476401	31	0.0003852
poi-10-2	1	0.67	27	2	58	76	0.0286836	0	0
poi-10-2	1	0.67	27	2	116	296	0.0492977	7	0.0001024
poi-10-2	1	0.67	27	3	58	76	0.0297228	0	0
poi-10-2	1	0.67	27	3	116	296	0.0513593	38	0.0003716
poi-10-2	1	1	13	1	58	76	0.0225534	0	0
poi-10-2	1	1	13	1	116	296	0.0599722	12	0.0001492
poi-10-2	1	1	13	2	58	76	0.0231713	0	0
poi-10-2	1	1	13	2	116	296	0.0609026	22	0.000261
poi-10-2	1	1	13	3	58	76	0.0237537	0	0
poi-10-2	1	1	13	3	116	296	0.0619504	10	0.0001241
poi-10-2	1	1	27	1	58	76	0.0274367	0	0
poi-10-2	1	1	27	1	116	296	0.0711994	6	0.0001035
poi-10-2	1	1	27	2	58	76	0.0287879	0	0
poi-10-2	1	1	27	2	116	296	0.0793406	1	2.17E-05
poi-10-2	1	1	27	3	58	76	0.0296844	0	0
poi-10-2	1	1	27	3	116	296	0.0843162	1	2.68E-05
poi-10-2	1	1.33	13	1	58	76	0.0227512	0	0
poi-10-2	1	1.33	13	1	116	313	0.0600703	5	6.78E-05
poi-10-2	1	1.33	13	2	58	76	0.0232096	0	0
poi-10-2	1	1.33	13	2	116	313	0.061108	14	0.0001711
poi-10-2	1	1.33	13	3	58	76	0.0236626	0	0
poi-10-2	1	1.33	13	3	116	313	0.0619932	11	0.0001273
poi-10-2	1	1.33	27	1	58	76	0.0274724	0	0
poi-10-2	1	1.33	27	1	116	343	0.0723458	17	0.0002559
poi-10-2	1	1.33	27	2	58	76	0.0285019	0	0
poi-10-2	1	1.33	27	2	116	345	0.0817997	1	2.4E-05
poi-10-2	1	1.33	27	3	58	76	0.029809	0	0
poi-10-2	1	1.33	27	3	116	345	0.0861079	2	4.2E-05
poi-10-2	2	0.67	13	1	58	76	0.0223285	0	0
poi-10-2	2	0.67	13	1	116	296	0.035718	18	0.0001283
poi-10-2	2	0.67	13	2	58	76	0.0231497	0	0
poi-10-2	2	0.67	13	2	116	296	0.0363206	12	8.64E-05
poi-10-2	2	0.67	13	3	58	76	0.0237384	0	0
poi-10-2	2	0.67	13	3	116	296	0.0368181	2	1.53E-05
poi-10-2	2	0.67	27	1	58	76	0.027602	0	0
poi-10-2	2	0.67	27	1	116	296	0.0474789	1	9E-06
poi-10-2	2	0.67	27	2	58	76	0.0285493	0	0
poi-10-2	2	0.67	27	2	116	296	0.0498589	4	4.55E-05
poi-10-2	2	0.67	27	3	58	76	0.029699	0	0
poi-10-2	2	0.67	27	3	116	296	0.0515944	7	8.56E-05
poi-10-2	2	1	13	1	58	76	0.0223895	0	0
poi-10-2	2	1	13	1	116	296	0.0597959	2	3.06E-05
poi-10-2	2	1	13	2	58	76	0.0232069	0	0
poi-10-2	2	1	13	2	116	296	0.0610535	6	0.0001332
poi-10-2	2	1	13	3	58	76	0.0235977	0	0
poi-10-2	2	1	13	3	116	296	0.0622121	11	0.000137
poi-10-2	2	1	27	1	58	76	0.0273856	0	0
poi-10-2	2	1	27	1	116	296	0.0674192	3	5.01E-05
poi-10-2	2	1	27	2	58	76	0.0285933	0	0
poi-10-2	2	1	27	2	116	296	0.0742563	1	2.4E-05
poi-10-2	2	1	27	3	58	76	0.0294119	0	0
poi-10-2	2	1	27	3	116	296	0.078655	6	0.0001847
poi-10-2	2	1.33	13	1	58	76	0.022524	0	0
poi-10-2	2	1.33	13	1	116	313	0.0598426	3	4.25E-05
poi-10-2	2	1.33	13	2	58	76	0.0229455	0	0
poi-10-2	2	1.33	13	2	116	313	0.0609791	12	0.000209
poi-10-2	2	1.33	13	3	58	76	0.0235362	0	0
poi-10-2	2	1.33	13	3	116	313	0.0621428	6	7.95E-05
poi-10-2	2	1.33	27	1	58	76	0.0272933	0	0
poi-10-2	2	1.33	27	1	116	355	0.0708574	8	0.0001807
poi-10-2	2	1.33	27	2	58	76	0.0284903	0	0
poi-10-2	2	1.33	27	2	116	355	0.0797441	3	5.81E-05
poi-10-2	2	1.33	27	3	58	76	0.0297054	0	0
poi-10-2	2	1.33	27	3	116	355	0.0829609	2	3.94E-05
poi-10-3	1	0.67	14	1	59	0	0.0215896	0	0
poi-10-3	1	0.67	14	1	119	243	0.0410233	0	0
poi-10-3	1	0.67	14	2	59	0	0.0220847	0	0
poi-10-3	1	0.67	14	2	119	243	0.043257	0	0
poi-10-3	1	0.67	14	3	59	0	0.0229405	0	0
poi-10-3	1	0.67	14	3	119	243	0.044996	0	0
poi-10-3	1	0.67	28	1	59	0	0.0219501	0	0
poi-10-3	1	0.67	28	1	119	243	0.0501702	0	0
poi-10-3	1	0.67	28	2	59	0	0.0229423	0	0
poi-10-3	1	0.67	28	2	119	243	0.0597871	0	0
poi-10-3	1	0.67	28	3	59	0	0.0238362	0	0
poi-10-3	1	0.67	28	3	119	243	0.0647815	0	0
poi-10-3	1	1	14	1	59	0	0.0214679	0	0
poi-10-3	1	1	14	1	119	243	0.0645008	0	0
poi-10-3	1	1	14	2	59	0	0.0222657	0	0
poi-10-3	1	1	14	2	119	243	0.0744056	0	0
poi-10-3	1	1	14	3	59	0	0.0229456	0	0
poi-10-3	1	1	14	3	119	243	0.0780548	0	0
poi-10-3	1	1	28	1	59	0	0.0219621	0	0
poi-10-3	1	1	28	1	119	243	0.0760535	0	0
poi-10-3	1	1	28	2	59	0	0.0228923	0	0
poi-10-3	1	1	28	2	119	243	0.0870145	0	0
poi-10-3	1	1	28	3	59	0	0.0239128	0	0
poi-10-3	1	1	28	3	119	243	0.0910821	0	0
poi-10-3	1	1.33	14	1	59	0	0.0214515	0	0
poi-10-3	1	1.33	14	1	119	275	0.0649025	0	0
poi-10-3	1	1.33	14	2	59	0	0.0220786	0	0
poi-10-3	1	1.33	14	2	119	295	0.0769036	7	0.0001213
poi-10-3	1	1.33	14	3	59	0	0.0230188	0	0
poi-10-3	1	1.33	14	3	119	295	0.0808243	6	0.0001095
poi-10-3	1	1.33	28	1	59	0	0.0221604	0	0
poi-10-3	1	1.33	28	1	119	295	0.0737316	0	0
poi-10-3	1	1.33	28	2	59	0	0.0230589	0	0
poi-10-3	1	1.33	28	2	119	301	0.0815907	48	0.000826
poi-10-3	1	1.33	28	3	59	0	0.023976	0	0
poi-10-3	1	1.33	28	3	119	301	0.0858498	11	0.0002173
poi-10-3	2	0.67	14	1	59	0	0.0215297	0	0
poi-10-3	2	0.67	14	1	119	243	0.0409505	0	0
poi-10-3	2	0.67	14	2	59	0	0.0221089	0	0
poi-10-3	2	0.67	14	2	119	243	0.0435309	0	0
poi-10-3	2	0.67	14	3	59	0	0.0229812	0	0
poi-10-3	2	0.67	14	3	119	243	0.0448692	0	0
poi-10-3	2	0.67	28	1	59	0	0.021993	0	0
poi-10-3	2	0.67	28	1	119	243	0.0508371	0	0
poi-10-3	2	0.67	28	2	59	0	0.0228328	0	0
poi-10-3	2	0.67	28	2	119	243	0.0593501	0	0
poi-10-3	2	0.67	28	3	59	0	0.0238728	0	0
poi-10-3	2	0.67	28	3	119	243	0.065389	0	0
poi-10-3	2	1	14	1	59	0	0.021466	0	0
poi-10-3	2	1	14	1	119	243	0.0649246	0	0
poi-10-3	2	1	14	2	59	0	0.0220441	0	0
poi-10-3	2	1	14	2	119	243	0.0735702	0	0
poi-10-3	2	1	14	3	59	0	0.0230914	0	0
poi-10-3	2	1	14	3	119	243	0.0777566	0	0
poi-10-3	2	1	28	1	59	0	0.0221419	0	0
poi-10-3	2	1	28	1	119	243	0.0767883	0	0
poi-10-3	2	1	28	2	59	0	0.0228806	0	0
poi-10-3	2	1	28	2	119	243	0.0845382	0	0
poi-10-3	2	1	28	3	59	0	0.0238583	0	0
poi-10-3	2	1	28	3	119	243	0.08731	0	0
poi-10-3	2	1.33	14	1	59	0	0.0215021	0	0
poi-10-3	2	1.33	14	1	119	295	0.0660266	8	0.0001211
poi-10-3	2	1.33	14	2	59	0	0.0223921	0	0
poi-10-3	2	1.33	14	2	119	295	0.0808444	0	0
poi-10-3	2	1.33	14	3	59	0	0.022982	0	0
poi-10-3	2	1.33	14	3	119	295	0.0852962	0	0
poi-10-3	2	1.33	28	1	59	0	0.0217894	0	0
poi-10-3	2	1.33	28	1	119	295	0.0708596	0	0
poi-10-3	2	1.33	28	2	59	0	0.0226826	0	0
poi-10-3	2	1.33	28	2	119	301	0.082191	1	2.46E-05
poi-10-3	2	1.33	28	3	59	0	0.0236492	0	0
poi-10-3	2	1.33	28	3	119	301	0.0873599	41	0.0008432
poi-10-4	1	0.67	13	1	59	163	0.0209624	0	0
poi-10-4	1	0.67	13	1	118	324	0.0366681	0	0
poi-10-4	1	0.67	13	2	59	163	0.021359	0	0
poi-10-4	1	0.67	13	2	118	324	0.0370198	0	0
poi-10-4	1	0.67	13	3	59	163	0.0219698	0	0
poi-10-4	1	0.67	13	3	118	324	0.0377348	0	0
poi-10-4	1	0.67	26	1	59	173	0.03174	0	0
poi-10-4	1	0.67	26	1	118	340	0.0512385	2	3.18E-05
poi-10-4	1	0.67	26	2	59	173	0.0336364	0	0
poi-10-4	1	0.67	26	2	118	340	0.0546941	73	0.0008701
poi-10-4	1	0.67	26	3	59	173	0.0352531	0	0
poi-10-4	1	0.67	26	3	118	340	0.0564659	14	0.0001638
poi-10-4	1	1	13	1	59	163	0.0229615	0	0
poi-10-4	1	1	13	1	118	324	0.0615277	0	0
poi-10-4	1	1	13	2	59	163	0.0236981	0	0
poi-10-4	1	1	13	2	118	324	0.0625592	0	0
poi-10-4	1	1	13	3	59	163	0.0241915	0	0
poi-10-4	1	1	13	3	118	324	0.0637387	0	0
poi-10-4	1	1	26	1	59	179	0.0297565	0	0
poi-10-4	1	1	26	1	118	358	0.0662771	15	0.0001992
poi-10-4	1	1	26	2	59	179	0.0317681	0	0
poi-10-4	1	1	26	2	118	358	0.0714456	17	0.0002521
poi-10-4	1	1	26	3	59	179	0.0343247	0	0
poi-10-4	1	1	26	3	118	358	0.077109	10	0.0001679
poi-10-4	1	1.33	13	1	59	163	0.0226947	0	0
poi-10-4	1	1.33	13	1	118	324	0.0615967	0	0
poi-10-4	1	1.33	13	2	59	163	0.0236835	0	0
poi-10-4	1	1.33	13	2	118	324	0.062424	0	0
poi-10-4	1	1.33	13	3	59	163	0.0243166	0	0
poi-10-4	1	1.33	13	3	118	324	0.0638742	0	0
poi-10-4	1	1.33	26	1	59	184	0.0288584	0	0
poi-10-4	1	1.33	26	1	118	399	0.0929859	0	0
poi-10-4	1	1.33	26	2	59	184	0.0312117	0	0
poi-10-4	1	1.33	26	2	118	399	0.0937043	0	0
poi-10-4	1	1.33	26	3	59	184	0.0332764	0	0
poi-10-4	1	1.33	26	3	118	399	0.1000169	0	0
poi-10-4	2	0.67	13	1	59	163	0.0209396	0	0
poi-10-4	2	0.67	13	1	118	324	0.0365826	0	0
poi-10-4	2	0.67	13	2	59	163	0.0212978	0	0
poi-10-4	2	0.67	13	2	118	324	0.0371948	0	0
poi-10-4	2	0.67	13	3	59	163	0.0218611	0	0
poi-10-4	2	0.67	13	3	118	324	0.038233	0	0
poi-10-4	2	0.67	26	1	59	173	0.0323909	0	0
poi-10-4	2	0.67	26	1	118	340	0.0518695	12	0.0001418
poi-10-4	2	0.67	26	2	59	173	0.0341817	0	0
poi-10-4	2	0.67	26	2	118	340	0.0548931	29	0.0003232
poi-10-4	2	0.67	26	3	59	173	0.0361388	0	0
poi-10-4	2	0.67	26	3	118	340	0.057944	39	0.0004575
poi-10-4	2	1	13	1	59	163	0.0231187	0	0
poi-10-4	2	1	13	1	118	324	0.0622294	0	0
poi-10-4	2	1	13	2	59	163	0.023869	0	0
poi-10-4	2	1	13	2	118	324	0.0632073	0	0
poi-10-4	2	1	13	3	59	163	0.0243841	0	0
poi-10-4	2	1	13	3	118	324	0.0636669	0	0
poi-10-4	2	1	26	1	59	179	0.0301893	0	0
poi-10-4	2	1	26	1	118	358	0.0653037	3	5.22E-05
poi-10-4	2	1	26	2	59	179	0.0325218	0	0
poi-10-4	2	1	26	2	118	358	0.0708908	1	2.37E-05
poi-10-4	2	1	26	3	59	179	0.0352843	0	0
poi-10-4	2	1	26	3	118	358	0.0767284	2	3.16E-05
poi-10-4	2	1.33	13	1	59	163	0.0232935	0	0
poi-10-4	2	1.33	13	1	118	324	0.0621257	0	0
poi-10-4	2	1.33	13	2	59	163	0.0239054	0	0
poi-10-4	2	1.33	13	2	118	324	0.0630638	0	0
poi-10-4	2	1.33	13	3	59	163	0.0244085	0	0
poi-10-4	2	1.33	13	3	118	324	0.0641277	0	0
poi-10-4	2	1.33	26	1	59	184	0.0295361	0	0
poi-10-4	2	1.33	26	1	118	399	0.0831002	0	0
poi-10-4	2	1.33	26	2	59	184	0.0318593	0	0
poi-10-4	2	1.33	26	2	118	399	0.094295	0	0
poi-10-4	2	1.33	26	3	59	184	0.0343316	0	0
poi-10-4	2	1.33	26	3	118	399	0.1004046	0	0
poi-10-5	1	0.67	14	1	52	109	0.028916	6	3.93E-05
poi-10-5	1	0.67	14	1	104	215	0.0362835	0	0
poi-10-5	1	0.67	14	2	52	109	0.0289752	1	6.6E-06
poi-10-5	1	0.67	14	2	104	215	0.0369359	0	0
poi-10-5	1	0.67	14	3	52	109	0.0295716	2	1.33E-05
poi-10-5	1	0.67	14	3	104	215	0.0374278	0	0
poi-10-5	1	0.67	28	1	52	109	0.0312084	5	3.42E-05
poi-10-5	1	0.67	28	1	104	215	0.0479608	0	0
poi-10-5	1	0.67	28	2	52	109	0.0320588	5	9.76E-05
poi-10-5	1	0.67	28	2	104	215	0.0534263	0	0
poi-10-5	1	0.67	28	3	52	109	0.0327436	2	1.49E-05
poi-10-5	1	0.67	28	3	104	215	0.0569102	0	0
poi-10-5	1	1	14	1	52	109	0.0352239	7	5.69E-05
poi-10-5	1	1	14	1	104	215	0.0625044	0	0
poi-10-5	1	1	14	2	52	109	0.0360896	1	6.8E-06
poi-10-5	1	1	14	2	104	215	0.0642005	0	0
poi-10-5	1	1	14	3	52	109	0.0370367	1	6.7E-06
poi-10-5	1	1	14	3	104	215	0.0655601	0	0
poi-10-5	1	1	28	1	52	109	0.0383933	1	7.1E-06
poi-10-5	1	1	28	1	104	215	0.065095	0	0
poi-10-5	1	1	28	2	52	109	0.0408742	1	7.4E-06
poi-10-5	1	1	28	2	104	222	0.0775516	10	0.0001711
poi-10-5	1	1	28	3	52	109	0.0435367	4	4.08E-05
poi-10-5	1	1	28	3	104	222	0.0808168	6	0.0001201
poi-10-5	1	1.33	14	1	52	126	0.0342338	0	0
poi-10-5	1	1.33	14	1	104	235	0.0622746	0	0
poi-10-5	1	1.33	14	2	52	126	0.035163	0	0
poi-10-5	1	1.33	14	2	104	235	0.063428	0	0
poi-10-5	1	1.33	14	3	52	126	0.0360207	0	0
poi-10-5	1	1.33	14	3	104	235	0.0648876	0	0
poi-10-5	1	1.33	28	1	52	126	0.0384628	0	0
poi-10-5	1	1.33	28	1	104	256	0.0652452	0	0
poi-10-5	1	1.33	28	2	52	126	0.0409533	0	0
poi-10-5	1	1.33	28	2	104	264	0.0707788	13	0.0001952
poi-10-5	1	1.33	28	3	52	126	0.0432654	0	0
poi-10-5	1	1.33	28	3	104	264	0.0763177	28	0.0003829
poi-10-5	2	0.67	14	1	52	109	0.0286056	1	6.6E-06
poi-10-5	2	0.67	14	1	104	215	0.0361653	0	0
poi-10-5	2	0.67	14	2	52	109	0.0290907	1	6.6E-06
poi-10-5	2	0.67	14	2	104	215	0.0371202	0	0
poi-10-5	2	0.67	14	3	52	109	0.0297354	5	3.25E-05
poi-10-5	2	0.67	14	3	104	215	0.0375266	0	0
poi-10-5	2	0.67	28	1	52	109	0.0309882	4	2.74E-05
poi-10-5	2	0.67	28	1	104	215	0.0479713	0	0
poi-10-5	2	0.67	28	2	52	109	0.032008	3	2.25E-05
poi-10-5	2	0.67	28	2	104	215	0.053738	0	0
poi-10-5	2	0.67	28	3	52	109	0.0327693	1	7.4E-06
poi-10-5	2	0.67	28	3	104	215	0.0571934	0	0
poi-10-5	2	1	14	1	52	109	0.0349499	4	3.37E-05
poi-10-5	2	1	14	1	104	215	0.0628363	0	0
poi-10-5	2	1	14	2	52	109	0.0357927	1	6.9E-06
poi-10-5	2	1	14	2	104	215	0.0642354	0	0
poi-10-5	2	1	14	3	52	109	0.036962	3	2.58E-05
poi-10-5	2	1	14	3	104	215	0.0657649	0	0
poi-10-5	2	1	28	1	52	109	0.0386759	2	1.96E-05
poi-10-5	2	1	28	1	104	215	0.0681859	0	0
poi-10-5	2	1	28	2	52	109	0.0410888	1	7.1E-06
poi-10-5	2	1	28	2	104	222	0.0729466	2	3.2E-05
poi-10-5	2	1	28	3	52	109	0.0437902	8	8.28E-05
poi-10-5	2	1	28	3	104	222	0.0786391	32	0.0006127
poi-10-5	2	1.33	14	1	52	126	0.0341149	0	0
poi-10-5	2	1.33	14	1	104	235	0.0618992	0	0
poi-10-5	2	1.33	14	2	52	126	0.0350572	0	0
poi-10-5	2	1.33	14	2	104	235	0.0635456	0	0
poi-10-5	2	1.33	14	3	52	126	0.0361705	0	0
poi-10-5	2	1.33	14	3	104	235	0.0650113	0	0
poi-10-5	2	1.33	28	1	52	126	0.0383856	0	0
poi-10-5	2	1.33	28	1	104	256	0.0699275	0	0
poi-10-5	2	1.33	28	2	52	126	0.0412582	0	0
poi-10-5	2	1.33	28	2	104	264	0.0784761	125	0.0019787
poi-10-5	2	1.33	28	3	52	126	0.04348	0	0
poi-10-5	2	1.33	28	3	104	264	0.0813961	33	0.0004639
poi-20-1	1	0.67	14	1	79	301	0.084484	0	0
poi-20-1	1	0.67	14	1	159	634	0.1234255	0	0
poi-20-1	1	0.67	14	2	79	301	0.0862682	0	0
poi-20-1	1	0.67	14	2	159	634	0.1267385	0	0
poi-20-1	1	0.67	14	3	79	301	0.0881311	0	0
poi-20-1	1	0.67	14	3	159	634	0.1286174	0	0
poi-20-1	1	0.67	28	1	79	301	0.1297931	0	0
poi-20-1	1	0.67	28	1	159	659	0.4794496	6388	0.2681961
poi-20-1	1	0.67	28	2	79	353	0.1622846	370	0.0113682
poi-20-1	1	0.67	28	2	159	683	0.4009856	2957	0.1461015
poi-20-1	1	0.67	28	3	79	363	0.1724819	26	0.0009704
poi-20-1	1	0.67	28	3	159	721	0.3678215	1529	0.0812552
poi-20-1	1	1	14	1	79	301	0.1070714	0	0
poi-20-1	1	1	14	1	159	644	0.3816142	3320	0.151496
poi-20-1	1	1	14	2	79	301	0.1091312	0	0
poi-20-1	1	1	14	2	159	644	0.3207854	2415	0.1043127
poi-20-1	1	1	14	3	79	301	0.1117363	0	0
poi-20-1	1	1	14	3	159	644	0.3618254	3354	0.145576
poi-20-1	1	1	28	1	79	336	0.1181455	77	0.0019352
poi-20-1	1	1	28	1	159	724	0.3133344	911	0.0486662
poi-20-1	1	1	28	2	79	406	0.1343753	20	0.0005915
poi-20-1	1	1	28	2	159	765	0.2727681	110	0.0060065
poi-20-1	1	1	28	3	79	427	0.1442589	47	0.0014517
poi-20-1	1	1	28	3	159	822	0.5781967	5283	0.297106
poi-20-1	1	1.33	14	1	79	352	0.1103131	0	0
poi-20-1	1	1.33	14	1	159	713	0.4616878	5265	0.234351
poi-20-1	1	1.33	14	2	79	352	0.1123817	0	0
poi-20-1	1	1.33	14	2	159	742	0.2019308	116	0.0046793
poi-20-1	1	1.33	14	3	79	352	0.1156142	0	0
poi-20-1	1	1.33	14	3	159	742	0.2050156	198	0.0076937
poi-20-1	1	1.33	28	1	79	372	0.1195802	2	5.19E-05
poi-20-1	1	1.33	28	1	159	847	0.572126	5170	0.2909018
poi-20-1	1	1.33	28	2	79	457	0.130887	7	0.0001909
poi-20-1	1	1.33	28	2	159	917	0.6319377	6541	0.3578929
poi-20-1	1	1.33	28	3	79	525	0.1480234	191	0.0054969
poi-20-1	1	1.33	28	3	159	983	0.6215854	5781	0.3327636
poi-20-1	2	0.67	14	1	79	301	0.0858268	0	0
poi-20-1	2	0.67	14	1	159	634	0.1236379	0	0
poi-20-1	2	0.67	14	2	79	301	0.085887	0	0
poi-20-1	2	0.67	14	2	159	634	0.1253466	0	0
poi-20-1	2	0.67	14	3	79	301	0.088087	0	0
poi-20-1	2	0.67	14	3	159	634	0.127577	0	0
poi-20-1	2	0.67	28	1	79	317	0.1263293	6	0.0001637
poi-20-1	2	0.67	28	1	159	685	0.2696819	811	0.0340189
poi-20-1	2	0.67	28	2	79	363	0.1578045	35	0.0011452
poi-20-1	2	0.67	28	2	159	735	0.6394046	5462	0.3301723
poi-20-1	2	0.67	28	3	79	363	0.1881452	28	0.0009554
poi-20-1	2	0.67	28	3	159	735	0.342092	195	0.0093833
poi-20-1	2	1	14	1	79	301	0.1058792	0	0
poi-20-1	2	1	14	1	159	647	0.410339	4093	0.1840154
poi-20-1	2	1	14	2	79	301	0.1078375	0	0
poi-20-1	2	1	14	2	159	684	0.2270655	254	0.0107029
poi-20-1	2	1	14	3	79	301	0.110921	0	0
poi-20-1	2	1	14	3	159	684	0.3641417	3392	0.1468268
poi-20-1	2	1	28	1	79	365	0.1484969	1047	0.0261758
poi-20-1	2	1	28	1	159	814	0.5907533	7213	0.3480928
poi-20-1	2	1	28	2	79	443	0.2341876	2923	0.086812
poi-20-1	2	1	28	2	159	884	0.2624588	611	0.0288671
poi-20-1	2	1	28	3	79	447	0.1690514	205	0.006911
poi-20-1	2	1	28	3	159	884	0.3082152	1127	0.0554118
poi-20-1	2	1.33	14	1	79	352	0.1106195	0	0
poi-20-1	2	1.33	14	1	159	727	0.3354597	2677	0.1162225
poi-20-1	2	1.33	14	2	79	352	0.1094028	0	0
poi-20-1	2	1.33	14	2	159	754	0.3163387	3217	0.1221865
poi-20-1	2	1.33	14	3	79	352	0.1144233	0	0
poi-20-1	2	1.33	14	3	159	762	0.4079071	5284	0.2098735
poi-20-1	2	1.33	28	1	79	438	0.1714685	1474	0.039242
poi-20-1	2	1.33	28	1	159	964	0.3776378	2517	0.1272161
poi-20-1	2	1.33	28	2	79	538	0.1687401	300	0.0100096
poi-20-1	2	1.33	28	2	159	1039	0.3083162	1217	0.0604376
poi-20-1	2	1.33	28	3	79	561	0.2722666	2307	0.0859998
poi-20-1	2	1.33	28	3	159	1082	0.3710288	2312	0.1180914
poi-20-2	1	0.67	13	1	80	291	0.0752879	0	0
poi-20-2	1	0.67	13	1	160	691	0.1442273	1083	0.0239901
poi-20-2	1	0.67	13	2	80	291	0.0772312	0	0
poi-20-2	1	0.67	13	2	160	699	0.1252453	157	0.003294
poi-20-2	1	0.67	13	3	80	291	0.078655	0	0
poi-20-2	1	0.67	13	3	160	699	0.1398921	718	0.0163307
poi-20-2	1	0.67	26	1	80	335	0.1452021	2	8.08E-05
poi-20-2	1	0.67	26	1	160	744	0.4375129	4139	0.20001
poi-20-2	1	0.67	26	2	80	335	0.1593246	1	3.62E-05
poi-20-2	1	0.67	26	2	160	760	0.7237401	7321	0.4303328
poi-20-2	1	0.67	26	3	80	335	0.1725566	2	7.71E-05
poi-20-2	1	0.67	26	3	160	760	0.3521752	508	0.0312554
poi-20-2	1	1	13	1	80	291	0.1134777	0	0
poi-20-2	1	1	13	1	160	701	0.2032882	58	0.0023267
poi-20-2	1	1	13	2	80	291	0.115566	0	0
poi-20-2	1	1	13	2	160	713	0.2010764	30	0.0012019
poi-20-2	1	1	13	3	80	291	0.1174045	0	0
poi-20-2	1	1	13	3	160	713	0.2064145	43	0.0016852
poi-20-2	1	1	26	1	80	359	0.1722205	1002	0.0291646
poi-20-2	1	1	26	1	160	824	0.2928162	1204	0.0571052
poi-20-2	1	1	26	2	80	359	0.1699221	0	0
poi-20-2	1	1	26	2	160	864	0.2677007	489	0.0235365
poi-20-2	1	1	26	3	80	366	0.3076393	3287	0.1228679
poi-20-2	1	1	26	3	160	864	0.2528351	59	0.0030506
poi-20-2	1	1.33	13	1	80	306	0.1135394	0	0
poi-20-2	1	1.33	13	1	160	732	0.2011335	59	0.0022994
poi-20-2	1	1.33	13	2	80	306	0.1145657	0	0
poi-20-2	1	1.33	13	2	160	747	0.1997597	54	0.0020595
poi-20-2	1	1.33	13	3	80	306	0.1163763	0	0
poi-20-2	1	1.33	13	3	160	747	0.2056464	95	0.0036066
poi-20-2	1	1.33	26	1	80	438	0.3668893	6377	0.2032044
poi-20-2	1	1.33	26	1	160	981	0.276496	665	0.032745
poi-20-2	1	1.33	26	2	80	441	0.4185306	6104	0.2379881
poi-20-2	1	1.33	26	2	160	1040	0.2607931	240	0.0118476
poi-20-2	1	1.33	26	3	80	441	0.3714762	4046	0.1715478
poi-20-2	1	1.33	26	3	160	1040	0.3334535	1578	0.0813363
poi-20-2	2	0.67	13	1	80	291	0.0770673	0	0
poi-20-2	2	0.67	13	1	160	696	0.1232332	6	0.0001522
poi-20-2	2	0.67	13	2	80	291	0.0779732	0	0
poi-20-2	2	0.67	13	2	160	699	0.1317225	303	0.0067415
poi-20-2	2	0.67	13	3	80	291	0.0794622	0	0
poi-20-2	2	0.67	13	3	160	699	0.1363592	436	0.0098796
poi-20-2	2	0.67	26	1	80	335	0.1347259	4	0.0001129
poi-20-2	2	0.67	26	1	160	782	0.6794669	9154	0.4371229
poi-20-2	2	0.67	26	2	80	335	0.1533109	2	8.71E-05
poi-20-2	2	0.67	26	2	160	791	0.7580208	8590	0.4791445
poi-20-2	2	0.67	26	3	80	335	0.1672422	3	0.0001113
poi-20-2	2	0.67	26	3	160	791	0.5496516	4189	0.2479535
poi-20-2	2	1	13	1	80	291	0.1125355	0	0
poi-20-2	2	1	13	1	160	716	0.2083084	50	0.0018925
poi-20-2	2	1	13	2	80	291	0.1151072	0	0
poi-20-2	2	1	13	2	160	716	0.208573	3	0.0001141
poi-20-2	2	1	13	3	80	291	0.1180829	0	0
poi-20-2	2	1	13	3	160	716	0.2122643	26	0.0010661
poi-20-2	2	1	26	1	80	359	0.1510864	2	5.9E-05
poi-20-2	2	1	26	1	160	902	0.2497451	845	0.0359889
poi-20-2	2	1	26	2	80	465	0.2942807	3423	0.1217225
poi-20-2	2	1	26	2	160	927	0.2747392	1135	0.0509025
poi-20-2	2	1	26	3	80	465	0.3048012	3112	0.1192659
poi-20-2	2	1	26	3	160	927	0.2389222	123	0.0058378
poi-20-2	2	1.33	13	1	80	306	0.1137236	0	0
poi-20-2	2	1.33	13	1	160	750	0.2140229	324	0.0129216
poi-20-2	2	1.33	13	2	80	306	0.1145218	0	0
poi-20-2	2	1.33	13	2	160	750	0.2072947	29	0.0011776
poi-20-2	2	1.33	13	3	80	306	0.1166639	0	0
poi-20-2	2	1.33	13	3	160	750	0.2210514	370	0.0145824
poi-20-2	2	1.33	26	1	80	438	0.1649914	9	0.0003353
poi-20-2	2	1.33	26	1	160	1065	0.3308047	2764	0.1172658
poi-20-2	2	1.33	26	2	80	547	0.3978596	7252	0.2358248
poi-20-2	2	1.33	26	2	160	1112	0.2644063	702	0.0323059
poi-20-2	2	1.33	26	3	80	562	0.4641577	8553	0.2927481
poi-20-2	2	1.33	26	3	160	1112	0.621671	8273	0.3875462
poi-20-3	1	0.67	15	1	85	336	0.087498	0	0
poi-20-3	1	0.67	15	1	171	743	0.122548	24	0.0005807
poi-20-3	1	0.67	15	2	85	336	0.088194	0	0
poi-20-3	1	0.67	15	2	171	743	0.1268659	100	0.0021983
poi-20-3	1	0.67	15	3	85	336	0.0903638	0	0
poi-20-3	1	0.67	15	3	171	743	0.1257706	11	0.0002203
poi-20-3	1	0.67	31	1	85	336	0.128209	0	0
poi-20-3	1	0.67	31	1	171	769	0.2026418	84	0.0033406
poi-20-3	1	0.67	31	2	85	336	0.1442006	0	0
poi-20-3	1	0.67	31	2	171	769	0.2457716	19	0.0007848
poi-20-3	1	0.67	31	3	85	336	0.1564755	0	0
poi-20-3	1	0.67	31	3	171	769	0.2736524	3	0.0001614
poi-20-3	1	1	15	1	85	336	0.1187867	0	0
poi-20-3	1	1	15	1	171	773	0.2103019	19	0.0008273
poi-20-3	1	1	15	2	85	336	0.1255855	0	0
poi-20-3	1	1	15	2	171	773	0.2144741	8	0.0004189
poi-20-3	1	1	15	3	85	336	0.1297715	0	0
poi-20-3	1	1	15	3	171	773	0.2165208	50	0.0022078
poi-20-3	1	1	31	1	85	336	0.1182815	0	0
poi-20-3	1	1	31	1	171	812	0.2618413	144	0.0074403
poi-20-3	1	1	31	2	85	372	0.1383961	13	0.0004148
poi-20-3	1	1	31	2	171	859	0.2931635	819	0.041111
poi-20-3	1	1	31	3	85	431	0.1608057	135	0.0045549
poi-20-3	1	1	31	3	171	906	0.2717445	52	0.0029125
poi-20-3	1	1.33	15	1	85	375	0.1255617	0	0
poi-20-3	1	1.33	15	1	171	832	0.2258304	303	0.0129753
poi-20-3	1	1.33	15	2	85	375	0.1268988	0	0
poi-20-3	1	1.33	15	2	171	840	0.2313427	449	0.0190261
poi-20-3	1	1.33	15	3	85	375	0.1313068	0	0
poi-20-3	1	1.33	15	3	171	840	0.2265746	259	0.0114125
poi-20-3	1	1.33	31	1	85	419	0.1376536	0	0
poi-20-3	1	1.33	31	1	171	960	0.5815291	5559	0.3058652
poi-20-3	1	1.33	31	2	85	441	0.1520858	156	0.0049013
poi-20-3	1	1.33	31	2	171	1038	0.4000815	2570	0.1356312
poi-20-3	1	1.33	31	3	85	540	0.1813477	714	0.0239589
poi-20-3	1	1.33	31	3	171	1143	0.4808372	3571	0.2006384
poi-20-3	2	0.67	15	1	85	336	0.0880796	0	0
poi-20-3	2	0.67	15	1	171	755	0.1304819	257	0.0055715
poi-20-3	2	0.67	15	2	85	336	0.0879806	0	0
poi-20-3	2	0.67	15	2	171	755	0.1272721	61	0.0013461
poi-20-3	2	0.67	15	3	85	336	0.0901769	0	0
poi-20-3	2	0.67	15	3	171	755	0.1319838	142	0.0032705
poi-20-3	2	0.67	31	1	85	336	0.1262817	0	0
poi-20-3	2	0.67	31	1	171	769	0.2296248	61	0.0024208
poi-20-3	2	0.67	31	2	85	336	0.1432872	0	0
poi-20-3	2	0.67	31	2	171	769	0.2804388	131	0.0058204
poi-20-3	2	0.67	31	3	85	336	0.1562839	0	0
poi-20-3	2	0.67	31	3	171	801	0.3981568	1824	0.1042403
poi-20-3	2	1	15	1	85	336	0.1165707	0	0
poi-20-3	2	1	15	1	171	773	0.2148248	216	0.0081931
poi-20-3	2	1	15	2	85	336	0.1166657	0	0
poi-20-3	2	1	15	2	171	773	0.2067416	35	0.0013388
poi-20-3	2	1	15	3	85	336	0.121615	0	0
poi-20-3	2	1	15	3	171	773	0.2104776	12	0.0004557
poi-20-3	2	1	31	1	85	372	0.1139707	30	0.0007352
poi-20-3	2	1	31	1	171	859	0.2508241	644	0.0293247
poi-20-3	2	1	31	2	85	475	0.1385215	4	9.19E-05
poi-20-3	2	1	31	2	171	975	0.2963369	1470	0.0672318
poi-20-3	2	1	31	3	85	483	0.153076	3	9.57E-05
poi-20-3	2	1	31	3	171	999	0.2434021	15	0.0007836
poi-20-3	2	1.33	15	1	85	375	0.1256351	0	0
poi-20-3	2	1.33	15	1	171	833	0.261369	1178	0.0492118
poi-20-3	2	1.33	15	2	85	375	0.1265681	0	0
poi-20-3	2	1.33	15	2	171	841	0.210565	25	0.0011286
poi-20-3	2	1.33	15	3	85	375	0.1299546	0	0
poi-20-3	2	1.33	15	3	171	841	0.218689	167	0.0072197
poi-20-3	2	1.33	31	1	85	441	0.1292696	166	0.0045646
poi-20-3	2	1.33	31	1	171	1026	0.3582346	2862	0.1308498
poi-20-3	2	1.33	31	2	85	598	0.1493734	106	0.0034922
poi-20-3	2	1.33	31	2	171	1178	0.2532966	341	0.0165964
poi-20-3	2	1.33	31	3	85	608	0.1703099	141	0.0050313
poi-20-3	2	1.33	31	3	171	1246	0.6583009	8062	0.4063867
poi-20-4	1	0.67	13	1	78	412	0.0918301	0	0
poi-20-4	1	0.67	13	1	157	797	0.1325344	20	0.0005163
poi-20-4	1	0.67	13	2	78	412	0.0926518	0	0
poi-20-4	1	0.67	13	2	157	797	0.1355551	17	0.0005096
poi-20-4	1	0.67	13	3	78	412	0.0944953	0	0
poi-20-4	1	0.67	13	3	157	797	0.1367172	13	0.0003732
poi-20-4	1	0.67	26	1	78	412	0.1380821	0	0
poi-20-4	1	0.67	26	1	157	797	0.2242423	2	0.0001015
poi-20-4	1	0.67	26	2	78	412	0.1547071	0	0
poi-20-4	1	0.67	26	2	157	819	0.3608872	1383	0.0767249
poi-20-4	1	0.67	26	3	78	452	0.232195	1863	0.0633096
poi-20-4	1	0.67	26	3	157	827	0.3666628	768	0.048194
poi-20-4	1	1	13	1	78	412	0.1235504	0	0
poi-20-4	1	1	13	1	157	811	0.237642	7	0.0002757
poi-20-4	1	1	13	2	78	412	0.1267674	0	0
poi-20-4	1	1	13	2	157	811	0.2413109	9	0.0004944
poi-20-4	1	1	13	3	78	412	0.129513	0	0
poi-20-4	1	1	13	3	157	811	0.2448707	7	0.0003874
poi-20-4	1	1	26	1	78	429	0.1493315	146	0.0045078
poi-20-4	1	1	26	1	157	848	0.3840533	2337	0.1213042
poi-20-4	1	1	26	2	78	469	0.1701208	24	0.0008844
poi-20-4	1	1	26	2	157	905	0.4461803	3776	0.1916748
poi-20-4	1	1	26	3	78	511	0.2172001	836	0.0325493
poi-20-4	1	1	26	3	157	917	0.2861963	402	0.0212174
poi-20-4	1	1.33	13	1	78	466	0.1254799	0	0
poi-20-4	1	1.33	13	1	157	865	0.2343239	16	0.0007831
poi-20-4	1	1.33	13	2	78	479	0.1307395	6	0.0001747
poi-20-4	1	1.33	13	2	157	892	0.2343976	4	0.000238
poi-20-4	1	1.33	13	3	78	479	0.1345718	1	2.67E-05
poi-20-4	1	1.33	13	3	157	892	0.2376625	9	0.0003694
poi-20-4	1	1.33	26	1	78	510	0.4791671	7729	0.29218
poi-20-4	1	1.33	26	1	157	1014	0.3976408	2349	0.1276642
poi-20-4	1	1.33	26	2	78	538	0.162158	10	0.0003442
poi-20-4	1	1.33	26	2	157	1046	0.4900612	3713	0.2068036
poi-20-4	1	1.33	26	3	78	585	0.1872318	669	0.0232335
poi-20-4	1	1.33	26	3	157	1085	1.1001396	14335	0.8151374
poi-20-4	2	0.67	13	1	78	412	0.0915753	0	0
poi-20-4	2	0.67	13	1	157	797	0.1326638	13	0.0002814
poi-20-4	2	0.67	13	2	78	412	0.0929134	0	0
poi-20-4	2	0.67	13	2	157	797	0.1343236	2	5.81E-05
poi-20-4	2	0.67	13	3	78	412	0.0943361	0	0
poi-20-4	2	0.67	13	3	157	797	0.1377743	12	0.0002857
poi-20-4	2	0.67	26	1	78	412	0.1323042	0	0
poi-20-4	2	0.67	26	1	157	879	0.2879952	935	0.0423848
poi-20-4	2	0.67	26	2	78	412	0.1494808	0	0
poi-20-4	2	0.67	26	2	157	903	0.3477571	1312	0.0689024
poi-20-4	2	0.67	26	3	78	412	0.1661367	0	0
poi-20-4	2	0.67	26	3	157	903	0.3195176	277	0.0151953
poi-20-4	2	1	13	1	78	412	0.1216723	0	0
poi-20-4	2	1	13	1	157	811	0.2280494	4	0.0001778
poi-20-4	2	1	13	2	78	412	0.1239928	0	0
poi-20-4	2	1	13	2	157	811	0.2323185	1	7.58E-05
poi-20-4	2	1	13	3	78	412	0.1267899	0	0
poi-20-4	2	1	13	3	157	811	0.2350584	3	0.0001153
poi-20-4	2	1	26	1	78	478	0.1410433	52	0.0014444
poi-20-4	2	1	26	1	157	961	0.2961194	1593	0.0710551
poi-20-4	2	1	26	2	78	520	0.1845107	45	0.0018925
poi-20-4	2	1	26	2	157	998	0.2952402	1516	0.0683782
poi-20-4	2	1	26	3	78	520	0.2052652	26	0.0011598
poi-20-4	2	1	26	3	157	998	0.2569405	376	0.0177325
poi-20-4	2	1.33	13	1	78	466	0.1245859	0	0
poi-20-4	2	1.33	13	1	157	865	0.2304795	4	0.0001955
poi-20-4	2	1.33	13	2	78	479	0.1316921	1	2.54E-05
poi-20-4	2	1.33	13	2	157	892	0.2294489	7	0.0003116
poi-20-4	2	1.33	13	3	78	479	0.1352251	2	5.22E-05
poi-20-4	2	1.33	13	3	157	892	0.2313388	6	0.0002293
poi-20-4	2	1.33	26	1	78	550	0.1783647	3	0.0001427
poi-20-4	2	1.33	26	1	157	1078	0.3796967	3298	0.1500625
poi-20-4	2	1.33	26	2	78	594	0.1655142	9	0.0002909
poi-20-4	2	1.33	26	2	157	1144	0.4853568	5155	0.246355
poi-20-4	2	1.33	26	3	78	609	0.2330832	1039	0.0399913
poi-20-4	2	1.33	26	3	157	1178	0.5101906	5132	0.2577139
poi-20-5	1	0.67	13	1	74	303	0.1037078	34	0.0008465
poi-20-5	1	0.67	13	1	149	726	0.1603774	1154	0.0291542
poi-20-5	1	0.67	13	2	74	303	0.1048827	4	7.82E-05
poi-20-5	1	0.67	13	2	149	726	0.1429129	336	0.0084629
poi-20-5	1	0.67	13	3	74	303	0.1090266	8	0.0002395
poi-20-5	1	0.67	13	3	149	726	0.1558387	721	0.0186577
poi-20-5	1	0.67	26	1	74	308	0.143456	32	0.0009672
poi-20-5	1	0.67	26	1	149	739	0.2095979	254	0.0081577
poi-20-5	1	0.67	26	2	74	334	0.1611548	6	0.0003075
poi-20-5	1	0.67	26	2	149	763	0.2311336	73	0.0025703
poi-20-5	1	0.67	26	3	74	334	0.1700056	37	0.0013449
poi-20-5	1	0.67	26	3	149	763	0.2623053	310	0.0125717
poi-20-5	1	1	13	1	74	333	0.1040334	8	0.0001682
poi-20-5	1	1	13	1	149	739	0.2334353	187	0.00785
poi-20-5	1	1	13	2	74	333	0.1123407	5	0.0001024
poi-20-5	1	1	13	2	149	762	0.225175	11	0.0005165
poi-20-5	1	1	13	3	74	333	0.1137433	8	0.0001744
poi-20-5	1	1	13	3	149	762	0.2454777	357	0.0161336
poi-20-5	1	1	26	1	74	341	0.1299444	9	0.0002516
poi-20-5	1	1	26	1	149	824	0.251595	227	0.0107898
poi-20-5	1	1	26	2	74	380	0.1454582	2	5.16E-05
poi-20-5	1	1	26	2	149	851	0.4438915	4028	0.1982824
poi-20-5	1	1	26	3	74	380	0.1541781	15	0.0006003
poi-20-5	1	1	26	3	149	851	0.4848708	4566	0.2315805
poi-20-5	1	1.33	13	1	74	361	0.1148308	21	0.0004625
poi-20-5	1	1.33	13	1	149	799	0.2356389	275	0.0115383
poi-20-5	1	1.33	13	2	74	361	0.1205656	18	0.0004594
poi-20-5	1	1.33	13	2	149	843	0.2277828	4	0.0002104
poi-20-5	1	1.33	13	3	74	361	0.1210161	11	0.0002735
poi-20-5	1	1.33	13	3	149	855	0.2330259	73	0.0032811
poi-20-5	1	1.33	26	1	74	405	0.2065732	2600	0.071175
poi-20-5	1	1.33	26	1	149	963	0.2827908	342	0.0186264
poi-20-5	1	1.33	26	2	74	456	0.1983086	1261	0.0394469
poi-20-5	1	1.33	26	2	149	1006	0.6523389	7546	0.3923928
poi-20-5	1	1.33	26	3	74	479	0.1714161	27	0.0010834
poi-20-5	1	1.33	26	3	149	1003	0.5676472	5802	0.3054975
poi-20-5	2	0.67	13	1	74	303	0.0997813	15	0.0003191
poi-20-5	2	0.67	13	1	149	726	0.1548555	954	0.0242815
poi-20-5	2	0.67	13	2	74	303	0.1040864	63	0.0013746
poi-20-5	2	0.67	13	2	149	726	0.1510469	679	0.0173373
poi-20-5	2	0.67	13	3	74	303	0.1072436	25	0.0005157
poi-20-5	2	0.67	13	3	149	726	0.225075	3309	0.0886855
poi-20-5	2	0.67	26	1	74	341	0.1444269	39	0.0012004
poi-20-5	2	0.67	26	1	149	785	0.2395168	154	0.005472
poi-20-5	2	0.67	26	2	74	387	0.1715215	34	0.0012303
poi-20-5	2	0.67	26	2	149	785	0.2739773	116	0.0042782
poi-20-5	2	0.67	26	3	74	425	0.1836351	4	0.0001536
poi-20-5	2	0.67	26	3	149	785	0.2991607	233	0.0091361
poi-20-5	2	1	13	1	74	333	0.1103644	9	0.0002376
poi-20-5	2	1	13	1	149	762	0.3629422	3027	0.1356205
poi-20-5	2	1	13	2	74	333	0.1154678	15	0.0005455
poi-20-5	2	1	13	2	149	762	0.2284163	54	0.0021254
poi-20-5	2	1	13	3	74	333	0.1193892	4	9.34E-05
poi-20-5	2	1	13	3	149	762	0.2344947	11	0.0004284
poi-20-5	2	1	26	1	74	390	0.1315846	11	0.0003974
poi-20-5	2	1	26	1	149	868	0.2121878	75	0.0030583
poi-20-5	2	1	26	2	74	460	0.1547751	7	0.000204
poi-20-5	2	1	26	2	149	902	0.2502098	783	0.0339986
poi-20-5	2	1	26	3	74	517	0.1655504	26	0.000882
poi-20-5	2	1	26	3	149	902	0.2649796	776	0.0361736
poi-20-5	2	1.33	13	1	74	361	0.1258951	71	0.0019348
poi-20-5	2	1.33	13	1	149	843	0.285869	1348	0.0598664
poi-20-5	2	1.33	13	2	74	361	0.1356923	5	0.0003017
poi-20-5	2	1.33	13	2	149	855	0.2361198	91	0.0041969
poi-20-5	2	1.33	13	3	74	361	0.1405084	14	0.0004913
poi-20-5	2	1.33	13	3	149	855	0.2455264	140	0.0069176
poi-20-5	2	1.33	26	1	74	456	0.1381208	31	0.0010028
poi-20-5	2	1.33	26	1	149	1014	0.4915089	6529	0.278458
poi-20-5	2	1.33	26	2	74	528	0.1697258	3	8.03E-05
poi-20-5	2	1.33	26	2	149	1077	0.3949437	3988	0.1760451
poi-20-5	2	1.33	26	3	74	603	0.1824905	62	0.0023039
poi-20-5	2	1.33	26	3	149	1088	0.3032714	1090	0.0544511
poi-30-1	1	0.67	13	1	85	463	0.2642914	0	0
poi-30-1	1	0.67	13	1	171	1062	0.3969283	63	0.0030398
poi-30-1	1	0.67	13	2	85	463	0.2831425	0	0
poi-30-1	1	0.67	13	2	171	1062	0.4434866	357	0.0235118
poi-30-1	1	0.67	13	3	85	463	0.3017294	0	0
poi-30-1	1	0.67	13	3	171	1062	0.4354968	115	0.006624
poi-30-1	1	0.67	26	1	85	496	0.4259012	365	0.0278299
poi-30-1	1	0.67	26	1	171	1107	1.4492054	7030	0.8360002
poi-30-1	1	0.67	26	2	85	559	0.7678112	2971	0.2813702
poi-30-1	1	0.67	26	2	171	1117	2.0049138	9141	1.2986931
poi-30-1	1	0.67	26	3	85	568	1.1216242	4452	0.5244783
poi-30-1	1	0.67	26	3	171	1122	1.733623	5945	0.9368895
poi-30-1	1	1	13	1	85	494	0.340715	306	0.0203214
poi-30-1	1	1	13	1	171	1110	0.9469764	4118	0.4263901
poi-30-1	1	1	13	2	85	500	0.4161984	1367	0.0908727
poi-30-1	1	1	13	2	171	1110	0.5986083	1132	0.1090016
poi-30-1	1	1	13	3	85	540	0.612487	4388	0.2893683
poi-30-1	1	1	13	3	171	1110	0.6747481	2061	0.1938911
poi-30-1	1	1	26	1	85	572	0.4502787	641	0.0516474
poi-30-1	1	1	26	1	171	1191	0.9828977	3275	0.380588
poi-30-1	1	1	26	2	85	673	0.5176798	1177	0.0987651
poi-30-1	1	1	26	2	171	1282	1.1898652	6627	0.6760918
poi-30-1	1	1	26	3	85	677	0.5455967	622	0.0595216
poi-30-1	1	1	26	3	171	1286	0.5650157	583	0.0597433
poi-30-1	1	1.33	13	1	85	568	0.3505554	112	0.0079161
poi-30-1	1	1.33	13	1	171	1220	0.6641039	1307	0.1312684
poi-30-1	1	1.33	13	2	85	588	0.6786597	4436	0.3214188
poi-30-1	1	1.33	13	2	171	1239	1.1114103	6241	0.6107383
poi-30-1	1	1.33	13	3	85	619	0.6320657	3677	0.2701897
poi-30-1	1	1.33	13	3	171	1247	0.5142004	137	0.0111513
poi-30-1	1	1.33	26	1	85	669	0.4980807	583	0.0521698
poi-30-1	1	1.33	26	1	171	1375	1.4890922	7357	0.8818504
poi-30-1	1	1.33	26	2	85	829	0.5895708	1192	0.115387
poi-30-1	1	1.33	26	2	171	1505	1.4017813	8339	0.8712811
poi-30-1	1	1.33	26	3	85	865	0.7967394	2625	0.2766096
poi-30-1	1	1.33	26	3	171	1585	1.088124	4970	0.5398462
poi-30-1	2	0.67	13	1	85	463	0.2551125	0	0
poi-30-1	2	0.67	13	1	171	1071	0.5210592	1573	0.117971
poi-30-1	2	0.67	13	2	85	486	0.6486864	7164	0.3822904
poi-30-1	2	0.67	13	2	171	1073	0.5476866	1646	0.1296343
poi-30-1	2	0.67	13	3	85	486	0.5191852	4049	0.232312
poi-30-1	2	0.67	13	3	171	1073	0.4681136	567	0.0414661
poi-30-1	2	0.67	26	1	85	590	0.4203141	197	0.0142755
poi-30-1	2	0.67	26	1	171	1204	0.6452572	230	0.0196603
poi-30-1	2	0.67	26	2	85	619	0.6334578	1241	0.1270753
poi-30-1	2	0.67	26	2	171	1231	0.8180387	700	0.0881742
poi-30-1	2	0.67	26	3	85	626	0.9018406	2363	0.2825506
poi-30-1	2	0.67	26	3	171	1231	0.9194192	599	0.0828204
poi-30-1	2	1	13	1	85	557	0.4130468	1918	0.1161736
poi-30-1	2	1	13	1	171	1119	0.5274503	28	0.0021514
poi-30-1	2	1	13	2	85	557	0.3494087	692	0.0440441
poi-30-1	2	1	13	2	171	1123	0.5171546	118	0.0094074
poi-30-1	2	1	13	3	85	561	0.3509562	653	0.0416008
poi-30-1	2	1	13	3	171	1123	0.5078699	53	0.0041839
poi-30-1	2	1	26	1	85	677	0.3581429	6	0.0004205
poi-30-1	2	1	26	1	171	1367	0.5565925	649	0.0565011
poi-30-1	2	1	26	2	85	758	0.400627	18	0.0014768
poi-30-1	2	1	26	2	171	1417	0.4755534	99	0.0077383
poi-30-1	2	1	26	3	85	808	0.9051543	4627	0.4319793
poi-30-1	2	1	26	3	171	1417	0.4965908	255	0.0221046
poi-30-1	2	1.33	13	1	85	634	0.3313565	126	0.0084602
poi-30-1	2	1.33	13	1	171	1251	0.5341584	158	0.0122303
poi-30-1	2	1.33	13	2	85	656	0.6335402	4007	0.2839604
poi-30-1	2	1.33	13	2	171	1276	0.9157131	4326	0.4216904
poi-30-1	2	1.33	13	3	85	680	0.4110316	642	0.0477645
poi-30-1	2	1.33	13	3	171	1293	1.5003164	9903	0.9942038
poi-30-1	2	1.33	26	1	85	836	1.1028668	9880	0.7316791
poi-30-1	2	1.33	26	1	171	1608	0.9294156	3920	0.4036544
poi-30-1	2	1.33	26	2	85	912	0.7653459	4069	0.344112
poi-30-1	2	1.33	26	2	171	1726	0.9438527	4568	0.4483618
poi-30-1	2	1.33	26	3	85	989	1.043089	5335	0.5381478
poi-30-1	2	1.33	26	3	171	1748	1.2975946	7892	0.7921403
poi-30-2	1	0.67	12	1	95	641	0.2264931	1171	0.0433034
poi-30-2	1	0.67	12	1	190	1164	0.3469965	114	0.0047064
poi-30-2	1	0.67	12	2	95	641	0.3019741	3305	0.1197095
poi-30-2	1	0.67	12	2	190	1199	0.3863796	856	0.051578
poi-30-2	1	0.67	12	3	95	641	0.2444267	993	0.0411766
poi-30-2	1	0.67	12	3	190	1199	0.3558149	183	0.0086859
poi-30-2	1	0.67	25	1	95	654	0.328441	120	0.0076768
poi-30-2	1	0.67	25	1	190	1239	0.6865992	112	0.0111963
poi-30-2	1	0.67	25	2	95	678	1.113787	8797	0.7108795
poi-30-2	1	0.67	25	2	190	1263	0.8477013	408	0.0549207
poi-30-2	1	0.67	25	3	95	683	0.8994183	4013	0.3980208
poi-30-2	1	0.67	25	3	190	1263	1.3719151	3138	0.5211884
poi-30-2	1	1	12	1	95	657	0.2342808	4	0.0002513
poi-30-2	1	1	12	1	190	1201	0.8213669	2084	0.236564
poi-30-2	1	1	12	2	95	680	0.2407186	21	0.0009924
poi-30-2	1	1	12	2	190	1255	0.6347058	668	0.0562856
poi-30-2	1	1	12	3	95	680	0.2470096	104	0.0049071
poi-30-2	1	1	12	3	190	1255	0.6376595	545	0.0521691
poi-30-2	1	1	25	1	95	701	0.3635414	550	0.0364539
poi-30-2	1	1	25	1	190	1348	0.9095378	2158	0.2672493
poi-30-2	1	1	25	2	95	832	0.422905	1279	0.0854134
poi-30-2	1	1	25	2	190	1387	0.5584592	271	0.0251137
poi-30-2	1	1	25	3	95	840	0.4894429	1305	0.1017502
poi-30-2	1	1	25	3	190	1410	0.5735032	813	0.0773678
poi-30-2	1	1.33	12	1	95	755	0.2368516	31	0.0014741
poi-30-2	1	1.33	12	1	190	1311	0.6233271	339	0.028755
poi-30-2	1	1.33	12	2	95	778	0.2448548	61	0.002906
poi-30-2	1	1.33	12	2	190	1366	0.6867783	1142	0.1163195
poi-30-2	1	1.33	12	3	95	785	0.3517614	2123	0.1042969
poi-30-2	1	1.33	12	3	190	1366	0.5748297	34	0.002507
poi-30-2	1	1.33	25	1	95	829	0.44995	1227	0.0889602
poi-30-2	1	1.33	25	1	190	1516	0.8970957	1736	0.2283342
poi-30-2	1	1.33	25	2	95	1007	0.7177069	4931	0.3588634
poi-30-2	1	1.33	25	2	190	1690	1.2104667	5935	0.6566184
poi-30-2	1	1.33	25	3	95	1030	0.6785084	2973	0.2535266
poi-30-2	1	1.33	25	3	190	1724	1.253445	6813	0.7189354
poi-30-2	2	0.67	12	1	95	654	0.1911319	46	0.0017214
poi-30-2	2	0.67	12	1	190	1209	0.6399908	4516	0.3028574
poi-30-2	2	0.67	12	2	95	654	0.1865832	5	0.0002219
poi-30-2	2	0.67	12	2	190	1209	0.5448909	2969	0.1977584
poi-30-2	2	0.67	12	3	95	654	0.1915344	29	0.0010459
poi-30-2	2	0.67	12	3	190	1209	0.3479821	62	0.0028395
poi-30-2	2	0.67	25	1	95	805	0.6848971	3978	0.3025864
poi-30-2	2	0.67	25	1	190	1281	0.9361154	2042	0.2681525
poi-30-2	2	0.67	25	2	95	890	0.606672	1469	0.1336662
poi-30-2	2	0.67	25	2	190	1281	0.9328876	1527	0.21158
poi-30-2	2	0.67	25	3	95	902	0.5939209	118	0.0144248
poi-30-2	2	0.67	25	3	190	1281	1.4720876	4598	0.6972603
poi-30-2	2	1	12	1	95	680	0.2374424	55	0.0025381
poi-30-2	2	1	12	1	190	1268	0.7994343	1931	0.2140072
poi-30-2	2	1	12	2	95	680	0.2350688	1	4.82E-05
poi-30-2	2	1	12	2	190	1268	0.5829664	131	0.0109121
poi-30-2	2	1	12	3	95	680	0.2388021	11	0.000603
poi-30-2	2	1	12	3	190	1268	0.5907965	131	0.0105599
poi-30-2	2	1	25	1	95	935	0.5439085	3885	0.2386966
poi-30-2	2	1	25	1	190	1410	0.5515047	47	0.0035394
poi-30-2	2	1	25	2	95	1067	0.3600694	546	0.0355637
poi-30-2	2	1	25	2	190	1410	0.4733606	28	0.0023478
poi-30-2	2	1	25	3	95	1067	0.3335054	44	0.00322
poi-30-2	2	1	25	3	190	1410	0.4753688	5	0.0007573
poi-30-2	2	1.33	12	1	95	785	0.2648492	423	0.0206619
poi-30-2	2	1.33	12	1	190	1366	0.6207084	257	0.024882
poi-30-2	2	1.33	12	2	95	785	0.2581714	368	0.0177843
poi-30-2	2	1.33	12	2	190	1366	0.75886	1758	0.1800396
poi-30-2	2	1.33	12	3	95	785	0.2492934	72	0.0036744
poi-30-2	2	1.33	12	3	190	1366	0.6076778	248	0.0241601
poi-30-2	2	1.33	25	1	95	1088	0.4856051	2779	0.1727549
poi-30-2	2	1.33	25	1	190	1697	0.5499546	10	0.0010491
poi-30-2	2	1.33	25	2	95	1302	0.4458365	1687	0.1124119
poi-30-2	2	1.33	25	2	190	1751	0.7779798	3244	0.2987256
poi-30-2	2	1.33	25	3	95	1305	0.5367988	2674	0.1867316
poi-30-2	2	1.33	25	3	190	1782	1.4317992	9083	0.9174439
poi-30-3	1	0.67	12	1	86	452	0.4057108	5614	0.2151101
poi-30-3	1	0.67	12	1	172	1140	0.4617854	1467	0.0970965
poi-30-3	1	0.67	12	2	86	460	0.2502465	1216	0.0490307
poi-30-3	1	0.67	12	2	172	1152	0.5301394	2279	0.1564331
poi-30-3	1	0.67	12	3	86	466	0.3575942	3520	0.1472974
poi-30-3	1	0.67	12	3	172	1156	0.510117	1642	0.1221905
poi-30-3	1	0.67	24	1	86	531	0.3118327	541	0.0306639
poi-30-3	1	0.67	24	1	172	1277	1.0567513	3171	0.402165
poi-30-3	1	0.67	24	2	86	540	0.3591716	123	0.0085088
poi-30-3	1	0.67	24	2	172	1300	1.3499306	3414	0.5419569
poi-30-3	1	0.67	24	3	86	545	0.4192481	207	0.0162335
poi-30-3	1	0.67	24	3	172	1300	1.4191234	2577	0.4732213
poi-30-3	1	1	12	1	86	487	0.2692743	420	0.0212722
poi-30-3	1	1	12	1	172	1198	1.0026995	4596	0.4783388
poi-30-3	1	1	12	2	86	487	0.2468543	49	0.0024459
poi-30-3	1	1	12	2	172	1215	0.8217594	2961	0.29761
poi-30-3	1	1	12	3	86	487	0.2630775	145	0.0076146
poi-30-3	1	1	12	3	172	1221	1.0807912	5481	0.5617517
poi-30-3	1	1	24	1	86	613	0.3185729	86	0.0055951
poi-30-3	1	1	24	1	172	1430	0.609058	472	0.0457976
poi-30-3	1	1	24	2	86	627	0.3199754	13	0.0010118
poi-30-3	1	1	24	2	172	1442	0.5239617	254	0.0238834
poi-30-3	1	1	24	3	86	627	0.3662981	16	0.0012125
poi-30-3	1	1	24	3	172	1449	0.6087343	1328	0.1257444
poi-30-3	1	1.33	12	1	86	519	0.2877282	371	0.0203546
poi-30-3	1	1.33	12	1	172	1300	0.7089334	1856	0.1898613
poi-30-3	1	1.33	12	2	86	521	0.2752992	50	0.0028638
poi-30-3	1	1.33	12	2	172	1333	0.7753315	2738	0.2683232
poi-30-3	1	1.33	12	3	86	521	0.2896394	90	0.0054427
poi-30-3	1	1.33	12	3	172	1334	0.589347	852	0.0837821
poi-30-3	1	1.33	24	1	86	718	0.4402617	1111	0.0806023
poi-30-3	1	1.33	24	1	172	1590	0.699696	1068	0.1197542
poi-30-3	1	1.33	24	2	86	779	0.3705788	194	0.0140931
poi-30-3	1	1.33	24	2	172	1766	1.0145652	5376	0.5230275
poi-30-3	1	1.33	24	3	86	802	0.5049421	1560	0.1197513
poi-30-3	1	1.33	24	3	172	1812	0.7628085	2769	0.2701986
poi-30-3	2	0.67	12	1	86	460	0.3505595	3966	0.1550854
poi-30-3	2	0.67	12	1	172	1165	0.4210464	599	0.0426212
poi-30-3	2	0.67	12	2	86	466	0.239442	853	0.034618
poi-30-3	2	0.67	12	2	172	1166	0.4667342	1017	0.0750551
poi-30-3	2	0.67	12	3	86	466	0.2860847	1804	0.0758234
poi-30-3	2	0.67	12	3	172	1166	0.9165035	6936	0.5304229
poi-30-3	2	0.67	24	1	86	601	0.7065158	6257	0.3994961
poi-30-3	2	0.67	24	1	172	1321	1.3723028	3490	0.5647144
poi-30-3	2	0.67	24	2	86	607	0.4068411	243	0.0198677
poi-30-3	2	0.67	24	2	172	1330	1.2039588	1647	0.2853127
poi-30-3	2	0.67	24	3	86	607	0.441214	8	0.0006614
poi-30-3	2	0.67	24	3	172	1330	2.5335649	8553	1.5936482
poi-30-3	2	1	12	1	86	487	0.2391485	145	0.006892
poi-30-3	2	1	12	1	172	1225	0.5397706	93	0.0069864
poi-30-3	2	1	12	2	86	506	0.3049972	1726	0.079104
poi-30-3	2	1	12	2	172	1225	0.7462127	2157	0.2213936
poi-30-3	2	1	12	3	86	506	0.2488886	349	0.0163928
poi-30-3	2	1	12	3	172	1225	0.5273077	164	0.0138055
poi-30-3	2	1	24	1	86	711	0.3055762	177	0.0102585
poi-30-3	2	1	24	1	172	1449	0.5391915	492	0.0409749
poi-30-3	2	1	24	2	86	720	0.3314511	215	0.0135958
poi-30-3	2	1	24	2	172	1449	0.440764	9	0.000823
poi-30-3	2	1	24	3	86	720	0.3321077	39	0.0025209
poi-30-3	2	1	24	3	172	1449	0.4525144	1	6.63E-05
poi-30-3	2	1.33	12	1	86	519	0.252534	226	0.0112766
poi-30-3	2	1.33	12	1	172	1343	1.3893534	9140	0.8932179
poi-30-3	2	1.33	12	2	86	586	0.2682625	399	0.0215385
poi-30-3	2	1.33	12	2	172	1347	1.4342124	9368	0.9337914
poi-30-3	2	1.33	12	3	86	586	0.3222936	1320	0.0701203
poi-30-3	2	1.33	12	3	172	1347	1.1386204	6820	0.652288
poi-30-3	2	1.33	24	1	86	852	0.5409007	3996	0.2402943
poi-30-3	2	1.33	24	1	172	1739	0.9765585	5020	0.4847972
poi-30-3	2	1.33	24	2	86	889	0.3642422	482	0.0312199
poi-30-3	2	1.33	24	2	172	1812	0.4371402	61	0.0043273
poi-30-3	2	1.33	24	3	86	917	0.6610148	4723	0.3193552
poi-30-3	2	1.33	24	3	172	1838	0.8456071	4291	0.3877715
poi-30-4	1	0.67	11	1	91	798	0.429853	2732	0.1500533
poi-30-4	1	0.67	11	1	183	1211	0.530869	2288	0.1638609
poi-30-4	1	0.67	11	2	91	798	0.6970048	7215	0.4129485
poi-30-4	1	0.67	11	2	183	1211	0.395795	397	0.0228652
poi-30-4	1	0.67	11	3	91	798	0.6223793	5533	0.326633
poi-30-4	1	0.67	11	3	183	1211	0.4027367	340	0.0218365
poi-30-4	1	0.67	23	1	91	852	0.4727997	386	0.0282757
poi-30-4	1	0.67	23	1	183	1215	0.7116581	1135	0.1240308
poi-30-4	1	0.67	23	2	91	882	1.4390898	7427	0.8569341
poi-30-4	1	0.67	23	2	183	1215	0.702708	143	0.0124453
poi-30-4	1	0.67	23	3	91	910	0.9413459	1505	0.2123713
poi-30-4	1	0.67	23	3	183	1217	1.2281199	2520	0.4018157
poi-30-4	1	1	11	1	91	842	0.395578	2167	0.1214837
poi-30-4	1	1	11	1	183	1226	0.5569569	15	0.0012307
poi-30-4	1	1	11	2	91	842	0.3104184	679	0.0371099
poi-30-4	1	1	11	2	183	1226	0.5260691	37	0.0028167
poi-30-4	1	1	11	3	91	842	0.3049562	404	0.023437
poi-30-4	1	1	11	3	183	1226	0.5139553	7	0.0006983
poi-30-4	1	1	23	1	91	901	0.5204973	1768	0.1367145
poi-30-4	1	1	23	1	183	1231	0.9323629	1796	0.2437424
poi-30-4	1	1	23	2	91	940	0.5300175	1881	0.1468015
poi-30-4	1	1	23	2	183	1259	1.8750951	9993	1.2452482
poi-30-4	1	1	23	3	91	1017	0.6450298	2342	0.2061245
poi-30-4	1	1	23	3	183	1285	0.7271418	1374	0.1510839
poi-30-4	1	1.33	11	1	91	911	0.3735399	1641	0.091859
poi-30-4	1	1.33	11	1	183	1395	1.0630433	4469	0.4948536
poi-30-4	1	1.33	11	2	91	937	0.4608986	2888	0.1694352
poi-30-4	1	1.33	11	2	183	1425	0.9931569	4400	0.4575891
poi-30-4	1	1.33	11	3	91	937	0.5326877	4000	0.2360195
poi-30-4	1	1.33	11	3	183	1427	0.5319896	79	0.0067155
poi-30-4	1	1.33	23	1	91	1008	0.4992733	1650	0.1244627
poi-30-4	1	1.33	23	1	183	1474	1.1497638	3446	0.4663895
poi-30-4	1	1.33	23	2	91	1133	0.6318997	2519	0.2126978
poi-30-4	1	1.33	23	2	183	1535	1.2922117	5100	0.64888
poi-30-4	1	1.33	23	3	91	1248	0.5261971	131	0.0130467
poi-30-4	1	1.33	23	3	183	1582	1.45665	7206	0.8722156
poi-30-4	2	0.67	11	1	91	810	0.4041514	2391	0.130667
poi-30-4	2	0.67	11	1	183	1215	0.3956772	583	0.0332414
poi-30-4	2	0.67	11	2	91	813	0.4694454	3478	0.1921707
poi-30-4	2	0.67	11	2	183	1215	0.4689423	1495	0.1048144
poi-30-4	2	0.67	11	3	91	813	0.3730324	1502	0.083643
poi-30-4	2	0.67	11	3	183	1215	0.4592775	1187	0.0842718
poi-30-4	2	0.67	23	1	91	977	0.5786768	292	0.0307025
poi-30-4	2	0.67	23	1	183	1215	0.6008064	130	0.0096335
poi-30-4	2	0.67	23	2	91	978	0.6988533	12	0.0016664
poi-30-4	2	0.67	23	2	183	1217	0.8606795	1287	0.172747
poi-30-4	2	0.67	23	3	91	978	0.7695272	19	0.0029056
poi-30-4	2	0.67	23	3	183	1219	0.88132	481	0.0685258
poi-30-4	2	1	11	1	91	863	0.2644849	38	0.002062
poi-30-4	2	1	11	1	183	1226	0.5707289	10	0.0008238
poi-30-4	2	1	11	2	91	863	0.2982017	501	0.0273151
poi-30-4	2	1	11	2	183	1226	0.5388384	2	0.0001507
poi-30-4	2	1	11	3	91	863	0.4024724	2147	0.1195323
poi-30-4	2	1	11	3	183	1226	0.5428624	5	0.0004359
poi-30-4	2	1	23	1	91	1074	0.6290254	3852	0.2727803
poi-30-4	2	1	23	1	183	1285	0.6690836	375	0.0444695
poi-30-4	2	1	23	2	91	1092	0.3832679	94	0.0076161
poi-30-4	2	1	23	2	183	1298	0.6018114	192	0.0176939
poi-30-4	2	1	23	3	91	1092	0.4301911	35	0.0034584
poi-30-4	2	1	23	3	183	1298	0.5578391	117	0.0115606
poi-30-4	2	1.33	11	1	91	946	0.3879264	2212	0.1196773
poi-30-4	2	1.33	11	1	183	1407	0.9887806	4018	0.4362041
poi-30-4	2	1.33	11	2	91	976	0.308111	351	0.0209268
poi-30-4	2	1.33	11	2	183	1431	0.7828601	2496	0.2562976
poi-30-4	2	1.33	11	3	91	976	0.3026835	132	0.0079083
poi-30-4	2	1.33	11	3	183	1436	1.0170372	4556	0.4837424
poi-30-4	2	1.33	23	1	91	1281	0.4789558	1013	0.0809159
poi-30-4	2	1.33	23	1	183	1510	1.2737159	5218	0.6441742
poi-30-4	2	1.33	23	2	91	1370	0.5865008	2012	0.1670422
poi-30-4	2	1.33	23	2	183	1587	1.1525984	5371	0.605735
poi-30-4	2	1.33	23	3	91	1396	1.6009819	11957	1.130126
poi-30-4	2	1.33	23	3	183	1632	0.6035009	520	0.0566642
poi-30-5	1	0.67	13	1	82	422	0.1751091	281	0.0094758
poi-30-5	1	0.67	13	1	164	1206	0.9722407	7750	0.5895123
poi-30-5	1	0.67	13	2	82	441	0.1804966	8	0.0002485
poi-30-5	1	0.67	13	2	164	1206	0.6136999	2890	0.2194464
poi-30-5	1	0.67	13	3	82	441	0.1909839	8	0.0002514
poi-30-5	1	0.67	13	3	164	1206	0.624009	3188	0.2351601
poi-30-5	1	0.67	26	1	82	454	0.2913475	1301	0.0611081
poi-30-5	1	0.67	26	1	164	1233	0.6453372	489	0.0428303
poi-30-5	1	0.67	26	2	82	496	0.2741651	35	0.0020958
poi-30-5	1	0.67	26	2	164	1266	0.7321641	207	0.0170843
poi-30-5	1	0.67	26	3	82	529	0.3192734	53	0.0030434
poi-30-5	1	0.67	26	3	164	1288	1.5304543	4515	0.7151624
poi-30-5	1	1	13	1	82	457	0.3648885	4088	0.1653385
poi-30-5	1	1	13	1	164	1254	0.8001027	2935	0.2945387
poi-30-5	1	1	13	2	82	494	0.2200598	6	0.0002666
poi-30-5	1	1	13	2	164	1254	0.568238	764	0.072271
poi-30-5	1	1	13	3	82	494	0.2272934	41	0.0019567
poi-30-5	1	1	13	3	164	1254	0.5152391	155	0.0134916
poi-30-5	1	1	26	1	82	499	0.2231462	52	0.002276
poi-30-5	1	1	26	1	164	1318	0.6130097	654	0.0667952
poi-30-5	1	1	26	2	82	562	0.2510674	68	0.0034491
poi-30-5	1	1	26	2	164	1397	0.9631841	4908	0.4759559
poi-30-5	1	1	26	3	82	612	0.2737866	84	0.0045935
poi-30-5	1	1	26	3	164	1433	0.9499594	4554	0.4522986
poi-30-5	1	1.33	13	1	82	506	0.4690863	5068	0.23562
poi-30-5	1	1.33	13	1	164	1408	0.9788672	5038	0.4856958
poi-30-5	1	1.33	13	2	82	563	0.2429329	17	0.0009151
poi-30-5	1	1.33	13	2	164	1453	1.3061477	8314	0.8124202
poi-30-5	1	1.33	13	3	82	569	0.4468307	3910	0.1977681
poi-30-5	1	1.33	13	3	164	1453	1.6805799	11842	1.1805524
poi-30-5	1	1.33	26	1	82	589	0.2734252	267	0.014214
poi-30-5	1	1.33	26	1	164	1522	0.6041837	688	0.0708767
poi-30-5	1	1.33	26	2	82	649	0.2674813	215	0.011067
poi-30-5	1	1.33	26	2	164	1680	0.6998449	2323	0.2167169
poi-30-5	1	1.33	26	3	82	715	0.2728116	13	0.0008847
poi-30-5	1	1.33	26	3	164	1757	0.5487618	533	0.0507251
poi-30-5	2	0.67	13	1	82	472	0.1881279	39	0.0017186
poi-30-5	2	0.67	13	1	164	1211	0.5997124	2949	0.2194618
poi-30-5	2	0.67	13	2	82	487	0.2041905	174	0.0070792
poi-30-5	2	0.67	13	2	164	1211	0.5739353	2433	0.1840556
poi-30-5	2	0.67	13	3	82	487	0.2024526	66	0.0028882
poi-30-5	2	0.67	13	3	164	1211	0.6270343	2927	0.2300104
poi-30-5	2	0.67	26	1	82	500	0.2677505	17	0.0009119
poi-30-5	2	0.67	26	1	164	1328	0.9000994	2230	0.2679501
poi-30-5	2	0.67	26	2	82	529	0.5899706	3651	0.2488691
poi-30-5	2	0.67	26	2	164	1357	0.7539529	158	0.0173292
poi-30-5	2	0.67	26	3	82	529	0.3892205	48	0.0032983
poi-30-5	2	0.67	26	3	164	1371	0.8043593	94	0.0132095
poi-30-5	2	1	13	1	82	525	0.2025571	176	0.0065669
poi-30-5	2	1	13	1	164	1268	0.5085806	48	0.0035108
poi-30-5	2	1	13	2	82	562	0.2072461	100	0.0043208
poi-30-5	2	1	13	2	164	1275	0.5113013	169	0.0129592
poi-30-5	2	1	13	3	82	562	0.2093777	93	0.0039744
poi-30-5	2	1	13	3	164	1275	0.9377778	4169	0.4242748
poi-30-5	2	1	26	1	82	575	0.2340583	26	0.0012621
poi-30-5	2	1	26	1	164	1457	0.6840148	2036	0.1955739
poi-30-5	2	1	26	2	82	612	0.2616883	2	0.0002252
poi-30-5	2	1	26	2	164	1515	1.0349437	6739	0.5942683
poi-30-5	2	1	26	3	82	633	0.2897077	18	0.0010706
poi-30-5	2	1	26	3	164	1527	0.4878713	648	0.0549744
poi-30-5	2	1.33	13	1	82	594	0.2243254	40	0.0017555
poi-30-5	2	1.33	13	1	164	1414	0.8145075	3753	0.3442493
poi-30-5	2	1.33	13	2	82	633	0.2286295	18	0.0009052
poi-30-5	2	1.33	13	2	164	1459	0.8326078	3812	0.3567666
poi-30-5	2	1.33	13	3	82	633	0.2353626	55	0.0026692
poi-30-5	2	1.33	13	3	164	1462	1.1151376	6619	0.6313249
poi-30-5	2	1.33	26	1	82	672	0.2583292	214	0.0106469
poi-30-5	2	1.33	26	1	164	1717	0.8967548	4273	0.407749
poi-30-5	2	1.33	26	2	82	741	0.2721477	23	0.0013456
poi-30-5	2	1.33	26	2	164	1814	0.8226518	4120	0.3676303
poi-30-5	2	1.33	26	3	82	761	0.4430975	1447	0.1001866
poi-30-5	2	1.33	26	3	164	1883	1.0746906	6644	0.6125092
poi-40-1	1	0.67	12	1	101	1042	0.513195	0	0
poi-40-1	1	0.67	12	1	202	1600	1.6211413	4723	0.7780825
poi-40-1	1	0.67	12	2	101	1042	0.5534706	0	0
poi-40-1	1	0.67	12	2	202	1618	1.8689111	5834	0.994417
poi-40-1	1	0.67	12	3	101	1042	0.5669595	0	0
poi-40-1	1	0.67	12	3	202	1631	1.1276788	1478	0.240913
poi-40-1	1	0.67	24	1	101	1083	0.7978025	48	0.0060743
poi-40-1	1	0.67	24	1	202	1678	1.5556523	1017	0.2413721
poi-40-1	1	0.67	24	2	101	1128	1.3076391	1379	0.2643274
poi-40-1	1	0.67	24	2	202	1730	2.5068514	2873	0.8914598
poi-40-1	1	0.67	24	3	101	1154	1.7214265	2344	0.5334835
poi-40-1	1	0.67	24	3	202	1740	2.1519497	891	0.2953488
poi-40-1	1	1	12	1	101	1079	0.6127905	305	0.0342806
poi-40-1	1	1	12	1	202	1642	1.3504459	621	0.1319939
poi-40-1	1	1	12	2	101	1084	0.5154983	42	0.0043026
poi-40-1	1	1	12	2	202	1706	1.5969592	2315	0.4870389
poi-40-1	1	1	12	3	101	1084	0.5307271	109	0.0114873
poi-40-1	1	1	12	3	202	1696	1.6835806	2905	0.6024787
poi-40-1	1	1	24	1	101	1187	1.3479317	4894	0.6605458
poi-40-1	1	1	24	1	202	1782	3.1838643	7724	1.9198679
poi-40-1	1	1	24	2	101	1256	1.6461733	8199	1.019843
poi-40-1	1	1	24	2	202	1860	2.3527787	6474	1.3077028
poi-40-1	1	1	24	3	101	1290	1.0145939	2519	0.339326
poi-40-1	1	1	24	3	202	1893	1.439183	2233	0.4276123
poi-40-1	1	1.34	12	1	101	1250	0.5654927	31	0.0031452
poi-40-1	1	1.34	12	1	202	1870	3.3277361	9282	2.1579076
poi-40-1	1	1.34	12	2	101	1279	0.6616918	1361	0.1418705
poi-40-1	1	1.34	12	2	202	1956	1.9800516	4309	0.903793
poi-40-1	1	1.34	12	3	101	1296	1.0343538	4775	0.506664
poi-40-1	1	1.34	12	3	202	1978	1.4162814	1810	0.3537134
poi-40-1	1	1.34	24	1	101	1323	1.4987409	5513	0.7847476
poi-40-1	1	1.34	24	1	202	2023	2.9063558	6537	1.6279839
poi-40-1	1	1.34	24	2	101	1514	0.9369394	2304	0.2961336
poi-40-1	1	1.34	24	2	202	2239	1.1639906	683	0.1221724
poi-40-1	1	1.34	24	3	101	1566	1.460985	5422	0.7606549
poi-40-1	1	1.34	24	3	202	2297	1.722388	3718	0.7173836
poi-40-1	2	0.67	12	1	101	1054	0.5136744	159	0.0140617
poi-40-1	2	0.67	12	1	202	1634	1.1021013	1504	0.2250195
poi-40-1	2	0.67	12	2	101	1054	0.5223818	51	0.005154
poi-40-1	2	0.67	12	2	202	1634	1.0253623	1079	0.1514309
poi-40-1	2	0.67	12	3	101	1054	0.5605627	184	0.0176987
poi-40-1	2	0.67	12	3	202	1634	1.8129578	5298	0.911212
poi-40-1	2	0.67	24	1	101	1178	1.7237969	4802	0.8392364
poi-40-1	2	0.67	24	1	202	1730	3.7937378	9152	2.4335247
poi-40-1	2	0.67	24	2	101	1201	1.5744543	2111	0.4609034
poi-40-1	2	0.67	24	2	202	1769	1.6992275	381	0.096818
poi-40-1	2	0.67	24	3	101	1201	2.3370549	4587	1.1135491
poi-40-1	2	0.67	24	3	202	1766	1.9586211	768	0.2407724
poi-40-1	2	1	12	1	101	1167	0.5307526	38	0.0034395
poi-40-1	2	1	12	1	202	1719	2.365476	4572	1.1200361
poi-40-1	2	1	12	2	101	1167	0.4989928	19	0.0018313
poi-40-1	2	1	12	2	202	1734	1.5523044	2017	0.43799
poi-40-1	2	1	12	3	101	1167	0.5173279	239	0.0218141
poi-40-1	2	1	12	3	202	1734	1.5546391	1977	0.419953
poi-40-1	2	1	24	1	101	1336	0.6286818	64	0.0076539
poi-40-1	2	1	24	1	202	1893	2.0372684	4347	0.9351617
poi-40-1	2	1	24	2	101	1416	0.7642898	1628	0.1864598
poi-40-1	2	1	24	2	202	1893	0.9913523	57	0.0077044
poi-40-1	2	1	24	3	101	1416	1.1637674	4468	0.5485102
poi-40-1	2	1	24	3	202	1893	0.9882503	125	0.017385
poi-40-1	2	1.34	12	1	101	1370	0.7973046	2523	0.271082
poi-40-1	2	1.34	12	1	202	1963	1.8770566	3423	0.7385461
poi-40-1	2	1.34	12	2	101	1399	0.5734604	727	0.0699909
poi-40-1	2	1.34	12	2	202	2011	2.1826954	5633	1.1337661
poi-40-1	2	1.34	12	3	101	1399	0.5634316	734	0.0716705
poi-40-1	2	1.34	12	3	202	2044	1.2142448	782	0.1526876
poi-40-1	2	1.34	24	1	101	1581	2.3463739	13598	1.70823
poi-40-1	2	1.34	24	1	202	2215	3.5267576	11187	2.4368646
poi-40-1	2	1.34	24	2	101	1705	0.9153293	2639	0.3140889
poi-40-1	2	1.34	24	2	202	2355	0.9901012	77	0.0108494
poi-40-1	2	1.34	24	3	101	1770	1.3319979	5531	0.7003698
poi-40-1	2	1.34	24	3	202	2376	1.9801423	5229	1.0092415
poi-40-2	1	0.67	12	1	97	838	0.642067	2147	0.1888533
poi-40-2	1	0.67	12	1	194	1660	1.2761074	3319	0.4915231
poi-40-2	1	0.67	12	2	97	846	0.5585869	890	0.0807231
poi-40-2	1	0.67	12	2	194	1660	1.245958	2638	0.4102697
poi-40-2	1	0.67	12	3	97	846	0.4858107	53	0.0044845
poi-40-2	1	0.67	12	3	194	1660	1.114591	1747	0.2754144
poi-40-2	1	0.67	24	1	97	894	0.6866466	50	0.0061971
poi-40-2	1	0.67	24	1	194	1705	2.5856624	4443	1.2064768
poi-40-2	1	0.67	24	2	97	918	0.8535296	30	0.0045279
poi-40-2	1	0.67	24	2	194	1705	2.0171807	1217	0.3638144
poi-40-2	1	0.67	24	3	97	918	1.0230023	336	0.0554191
poi-40-2	1	0.67	24	3	194	1705	2.5491203	1879	0.6695821
poi-40-2	1	1	12	1	97	886	0.5261776	367	0.0351045
poi-40-2	1	1	12	1	194	1699	1.0977061	212	0.0273197
poi-40-2	1	1	12	2	97	903	0.9771156	5306	0.5064004
poi-40-2	1	1	12	2	194	1699	1.1428145	897	0.1572087
poi-40-2	1	1	12	3	97	903	0.5049943	451	0.0447202
poi-40-2	1	1	12	3	194	1728	1.0545242	589	0.0966854
poi-40-2	1	1	24	1	97	951	0.638838	345	0.0395339
poi-40-2	1	1	24	1	194	1765	1.5561399	841	0.2172435
poi-40-2	1	1	24	2	97	1032	0.8891603	2858	0.32324
poi-40-2	1	1	24	2	194	1839	1.1469627	478	0.0922372
poi-40-2	1	1	24	3	97	1090	0.7176776	1060	0.1239403
poi-40-2	1	1	24	3	194	1872	1.8618478	4663	0.897118
poi-40-2	1	1.34	12	1	97	986	1.0106413	5181	0.5119734
poi-40-2	1	1.34	12	1	194	1954	1.4040763	1912	0.3644855
poi-40-2	1	1.34	12	2	97	1090	0.7728725	3123	0.2974555
poi-40-2	1	1.34	12	2	194	2003	1.0315036	421	0.0650166
poi-40-2	1	1.34	12	3	97	1090	0.6116229	1332	0.1303977
poi-40-2	1	1.34	12	3	194	2025	2.210045	6491	1.2381096
poi-40-2	1	1.34	24	1	97	1089	1.1400501	4149	0.5172081
poi-40-2	1	1.34	24	1	194	2114	1.8400373	1817	0.4811945
poi-40-2	1	1.34	24	2	97	1261	0.7832446	1678	0.1985649
poi-40-2	1	1.34	24	2	194	2263	1.1615709	569	0.099786
poi-40-2	1	1.34	24	3	97	1306	2.0140751	11268	1.3958878
poi-40-2	1	1.34	24	3	194	2303	2.0276512	5516	1.0510152
poi-40-2	2	0.67	12	1	97	846	0.7232003	3043	0.2711435
poi-40-2	2	0.67	12	1	194	1668	1.6149386	5144	0.8088245
poi-40-2	2	0.67	12	2	97	846	0.5537784	996	0.0914837
poi-40-2	2	0.67	12	2	194	1668	0.8833053	525	0.0647602
poi-40-2	2	0.67	12	3	97	846	0.4907729	119	0.008593
poi-40-2	2	0.67	12	3	194	1668	1.1877409	2261	0.3472118
poi-40-2	2	0.67	24	1	97	969	1.5896602	5303	0.8116183
poi-40-2	2	0.67	24	1	194	1737	2.5430671	5022	1.2638431
poi-40-2	2	0.67	24	2	97	978	1.7117014	4533	0.8069672
poi-40-2	2	0.67	24	2	194	1739	2.4396556	3532	0.9793711
poi-40-2	2	0.67	24	3	97	1010	1.1161508	726	0.1323601
poi-40-2	2	0.67	24	3	194	1739	2.3425659	2343	0.7307166
poi-40-2	2	1	12	1	97	946	0.4733076	99	0.0080284
poi-40-2	2	1	12	1	194	1736	1.3005001	1588	0.3058813
poi-40-2	2	1	12	2	97	953	0.4475046	224	0.0191678
poi-40-2	2	1	12	2	194	1736	1.0356702	404	0.061148
poi-40-2	2	1	12	3	97	953	0.4355886	2	0.0001675
poi-40-2	2	1	12	3	194	1736	1.058579	538	0.0909784
poi-40-2	2	1	24	1	97	1140	0.6187407	410	0.0481877
poi-40-2	2	1	24	1	194	1905	2.2706696	5491	1.1818987
poi-40-2	2	1	24	2	97	1288	1.2051175	6469	0.6785252
poi-40-2	2	1	24	2	194	1950	1.1211205	1051	0.1816128
poi-40-2	2	1	24	3	97	1412	1.7116712	10647	1.1652745
poi-40-2	2	1	24	3	194	1950	0.9296748	68	0.0094004
poi-40-2	2	1.34	12	1	97	1146	0.4838092	328	0.0281569
poi-40-2	2	1.34	12	1	194	1999	2.1263746	5842	1.1318244
poi-40-2	2	1.34	12	2	97	1183	0.8850332	5874	0.4754051
poi-40-2	2	1.34	12	2	194	2038	1.2804993	1887	0.3363656
poi-40-2	2	1.34	12	3	97	1189	0.7518729	3853	0.3261746
poi-40-2	2	1.34	12	3	194	2047	1.4865022	3089	0.5509595
poi-40-2	2	1.34	24	1	97	1388	0.8078791	1899	0.2172692
poi-40-2	2	1.34	24	1	194	2234	1.5572579	2282	0.4731188
poi-40-2	2	1.34	24	2	97	1652	0.5671541	208	0.0226358
poi-40-2	2	1.34	24	2	194	2407	1.724679	3847	0.7311998
poi-40-2	2	1.34	24	3	97	1789	0.6902543	864	0.1039091
poi-40-2	2	1.34	24	3	194	2463	1.9919455	5467	1.0242847
poi-40-3	1	0.67	13	1	97	684	0.4343886	1754	0.1106882
poi-40-3	1	0.67	13	1	195	1470	1.6998072	5833	0.899092
poi-40-3	1	0.67	13	2	97	684	0.3990826	962	0.0646299
poi-40-3	1	0.67	13	2	195	1485	1.1638471	2293	0.345475
poi-40-3	1	0.67	13	3	97	684	0.3609181	119	0.007909
poi-40-3	1	0.67	13	3	195	1469	0.8687947	435	0.0572124
poi-40-3	1	0.67	27	1	97	782	0.504757	13	0.0013219
poi-40-3	1	0.67	27	1	195	1548	2.1432704	3179	0.8139145
poi-40-3	1	0.67	27	2	97	818	0.6584748	192	0.0235344
poi-40-3	1	0.67	27	2	195	1605	3.2703727	4614	1.5499507
poi-40-3	1	0.67	27	3	97	849	0.807642	466	0.0683921
poi-40-3	1	0.67	27	3	195	1616	3.3380823	3629	1.3913353
poi-40-3	1	1	13	1	97	723	0.3798479	80	0.0061734
poi-40-3	1	1	13	1	195	1532	1.4607215	2115	0.4227432
poi-40-3	1	1	13	2	97	723	0.3932482	167	0.013222
poi-40-3	1	1	13	2	195	1570	1.6190386	3657	0.6705679
poi-40-3	1	1	13	3	97	727	0.6435534	3281	0.2534216
poi-40-3	1	1	13	3	195	1537	1.0900263	754	0.1242023
poi-40-3	1	1	27	1	97	851	0.4987698	497	0.045766
poi-40-3	1	1	27	1	195	1627	1.2665804	696	0.1425845
poi-40-3	1	1	27	2	97	933	1.2397094	8017	0.7634468
poi-40-3	1	1	27	2	195	1742	1.4175782	3207	0.5494114
poi-40-3	1	1	27	3	97	971	0.5635511	451	0.0464982
poi-40-3	1	1	27	3	195	1821	1.0744824	1251	0.2102614
poi-40-3	1	1.34	13	1	97	796	0.4455751	778	0.0583849
poi-40-3	1	1.34	13	1	195	1718	1.2942207	1524	0.2855767
poi-40-3	1	1.34	13	2	97	817	0.6843072	3846	0.2978133
poi-40-3	1	1.34	13	2	195	1753	1.0173552	458	0.0618913
poi-40-3	1	1.34	13	3	97	819	0.4723864	1184	0.0901186
poi-40-3	1	1.34	13	3	195	1803	1.2997619	2005	0.3509078
poi-40-3	1	1.34	27	1	97	982	0.8800584	3712	0.3765828
poi-40-3	1	1.34	27	1	195	1863	1.4965864	1853	0.3877472
poi-40-3	1	1.34	27	2	97	1092	0.67739	1764	0.180882
poi-40-3	1	1.34	27	2	195	2072	1.4420844	3157	0.5488739
poi-40-3	1	1.34	27	3	97	1232	0.7604096	1954	0.2142642
poi-40-3	1	1.34	27	3	195	2229	2.4513088	8840	1.5617471
poi-40-3	2	0.67	13	1	97	714	0.3757805	500	0.0337898
poi-40-3	2	0.67	13	1	195	1499	0.7898699	40	0.0038154
poi-40-3	2	0.67	13	2	97	722	0.3647744	106	0.0072663
poi-40-3	2	0.67	13	2	195	1513	1.6331475	5166	0.824654
poi-40-3	2	0.67	13	3	97	722	0.4461657	1144	0.0823993
poi-40-3	2	0.67	13	3	195	1501	0.9217077	822	0.1244358
poi-40-3	2	0.67	27	1	97	909	0.7370925	770	0.0946947
poi-40-3	2	0.67	27	1	195	1670	1.3886479	211	0.044063
poi-40-3	2	0.67	27	2	97	1018	1.101286	1930	0.3099995
poi-40-3	2	0.67	27	2	195	1703	2.5753086	3262	1.0002449
poi-40-3	2	0.67	27	3	97	1067	1.1189786	1509	0.2669166
poi-40-3	2	0.67	27	3	195	1695	1.7437419	95	0.0238729
poi-40-3	2	1	13	1	97	802	0.3990976	683	0.0483201
poi-40-3	2	1	13	1	195	1578	1.1115523	687	0.1199339
poi-40-3	2	1	13	2	97	812	0.3941819	364	0.0276271
poi-40-3	2	1	13	2	195	1616	1.6919923	3895	0.7380801
poi-40-3	2	1	13	3	97	812	0.3845694	217	0.0168608
poi-40-3	2	1	13	3	195	1627	1.7540583	4413	0.8262995
poi-40-3	2	1	27	1	97	1071	0.9168359	5337	0.4728092
poi-40-3	2	1	27	1	195	1848	1.1120635	654	0.1127795
poi-40-3	2	1	27	2	97	1240	0.6047829	1650	0.1507737
poi-40-3	2	1	27	2	195	1899	1.8353072	5893	0.9843994
poi-40-3	2	1	27	3	97	1324	1.0031269	5322	0.5158927
poi-40-3	2	1	27	3	195	1899	0.9098445	626	0.0959872
poi-40-3	2	1.34	13	1	97	880	0.3902533	411	0.0293173
poi-40-3	2	1.34	13	1	195	1817	2.014276	5754	1.058706
poi-40-3	2	1.34	13	2	97	923	0.4432675	873	0.0660819
poi-40-3	2	1.34	13	2	195	1857	1.4171444	2772	0.4927122
poi-40-3	2	1.34	13	3	97	923	0.4778528	1164	0.091113
poi-40-3	2	1.34	13	3	195	1862	1.3334255	2305	0.3955337
poi-40-3	2	1.34	27	1	97	1246	0.6343297	1800	0.1684395
poi-40-3	2	1.34	27	1	195	2167	2.3379251	6660	1.327177
poi-40-3	2	1.34	27	2	97	1507	0.9159175	4658	0.4406421
poi-40-3	2	1.34	27	2	195	2323	1.221115	2042	0.3423513
poi-40-3	2	1.34	27	3	97	1654	0.922305	4036	0.4119555
poi-40-3	2	1.34	27	3	195	2368	2.0404773	7178	1.1944084
poi-40-4	1	0.67	13	1	103	600	0.4596182	1057	0.0808681
poi-40-4	1	0.67	13	1	207	1570	1.371577	3219	0.5211021
poi-40-4	1	0.67	13	2	103	600	0.3972128	33	0.0023191
poi-40-4	1	0.67	13	2	207	1586	0.9817027	933	0.1360249
poi-40-4	1	0.67	13	3	103	600	0.4163721	99	0.0070845
poi-40-4	1	0.67	13	3	207	1586	1.1584157	1735	0.2850586
poi-40-4	1	0.67	27	1	103	658	0.6604765	1980	0.1842491
poi-40-4	1	0.67	27	1	207	1611	2.4773746	4500	1.1558544
poi-40-4	1	0.67	27	2	103	699	1.2012413	5674	0.6332296
poi-40-4	1	0.67	27	2	207	1667	1.6878049	146	0.0263189
poi-40-4	1	0.67	27	3	103	725	1.2002886	4479	0.5626756
poi-40-4	1	0.67	27	3	207	1676	1.9956333	431	0.1305072
poi-40-4	1	1	13	1	103	635	0.4547247	736	0.0616817
poi-40-4	1	1	13	1	207	1643	1.4600986	2054	0.4106139
poi-40-4	1	1	13	2	103	635	0.467107	516	0.044116
poi-40-4	1	1	13	2	207	1648	1.1981998	1392	0.2498695
poi-40-4	1	1	13	3	103	635	0.4837852	532	0.0456561
poi-40-4	1	1	13	3	207	1648	1.25436	1762	0.3073066
poi-40-4	1	1	27	1	103	734	0.6402788	2001	0.1825222
poi-40-4	1	1	27	1	207	1700	1.7178973	2017	0.4721972
poi-40-4	1	1	27	2	103	841	0.7907773	3198	0.3064351
poi-40-4	1	1	27	2	207	1892	2.4110941	7251	1.4248333
poi-40-4	1	1	27	3	103	876	0.8899764	3670	0.3769282
poi-40-4	1	1	27	3	207	1948	1.7047781	4328	0.7787063
poi-40-4	1	1.34	13	1	103	691	0.4660154	510	0.0427312
poi-40-4	1	1.34	13	1	207	1867	1.6709124	2685	0.5624658
poi-40-4	1	1.34	13	2	103	736	0.6532553	2323	0.2062125
poi-40-4	1	1.34	13	2	207	1977	1.0528486	490	0.0802022
poi-40-4	1	1.34	13	3	103	736	0.6357981	2038	0.1872235
poi-40-4	1	1.34	13	3	207	2007	2.0104574	5585	1.0403985
poi-40-4	1	1.34	27	1	103	830	1.1343904	6738	0.6483056
poi-40-4	1	1.34	27	1	207	1949	2.7013271	5534	1.4085902
poi-40-4	1	1.34	27	2	103	1004	0.644125	1216	0.1271938
poi-40-4	1	1.34	27	2	207	2246	1.6977403	3356	0.6679896
poi-40-4	1	1.34	27	3	103	1067	1.0241324	4410	0.4826754
poi-40-4	1	1.34	27	3	207	2412	1.0547254	412	0.0713929
poi-40-4	2	0.67	13	1	103	623	0.4653802	1199	0.0873395
poi-40-4	2	0.67	13	1	207	1593	0.8594869	415	0.0495905
poi-40-4	2	0.67	13	2	103	641	0.4176535	335	0.0233243
poi-40-4	2	0.67	13	2	207	1597	0.8512183	133	0.0144783
poi-40-4	2	0.67	13	3	103	641	0.4371888	576	0.0427569
poi-40-4	2	0.67	13	3	207	1597	0.8657786	254	0.0273028
poi-40-4	2	0.67	27	1	103	727	0.8448041	2740	0.2965929
poi-40-4	2	0.67	27	1	207	1709	1.8800047	1658	0.4442152
poi-40-4	2	0.67	27	2	103	820	1.3065102	5204	0.6648382
poi-40-4	2	0.67	27	2	207	1751	1.9269298	543	0.1704333
poi-40-4	2	0.67	27	3	103	820	0.9892378	2463	0.3248896
poi-40-4	2	0.67	27	3	207	1749	2.5904604	2155	0.7471996
poi-40-4	2	1	13	1	103	682	0.4793325	1282	0.0969153
poi-40-4	2	1	13	1	207	1648	1.0750664	254	0.0393045
poi-40-4	2	1	13	2	103	709	0.4011272	26	0.0020246
poi-40-4	2	1	13	2	207	1663	1.5508652	3003	0.5797063
poi-40-4	2	1	13	3	103	709	0.4106264	31	0.0023921
poi-40-4	2	1	13	3	207	1705	1.8325735	4664	0.8784744
poi-40-4	2	1	27	1	103	864	0.5069917	704	0.0649064
poi-40-4	2	1	27	1	207	1896	2.9175075	9604	1.9104294
poi-40-4	2	1	27	2	103	1033	0.5976758	1497	0.1371163
poi-40-4	2	1	27	2	207	1948	0.9084737	57	0.0076503
poi-40-4	2	1	27	3	103	1033	0.7878406	3340	0.3160634
poi-40-4	2	1	27	3	207	1948	0.8985433	28	0.0040449
poi-40-4	2	1.34	13	1	103	738	0.5428222	1499	0.1248544
poi-40-4	2	1.34	13	1	207	1951	1.0050017	149	0.0195371
poi-40-4	2	1.34	13	2	103	798	0.6258813	2288	0.1987683
poi-40-4	2	1.34	13	2	207	1985	1.1255496	1296	0.2198792
poi-40-4	2	1.34	13	3	103	806	0.6897171	2745	0.2469421
poi-40-4	2	1.34	13	3	207	2006	0.9388851	92	0.0112699
poi-40-4	2	1.34	27	1	103	1020	1.04423	6516	0.58822
poi-40-4	2	1.34	27	1	207	2229	3.3579986	11985	2.3561933
poi-40-4	2	1.34	27	2	103	1276	0.7354305	2572	0.2507889
poi-40-4	2	1.34	27	2	207	2425	0.9635736	367	0.0536554
poi-40-4	2	1.34	27	3	103	1282	0.5211355	63	0.0067227
poi-40-4	2	1.34	27	3	207	2479	1.148544	1389	0.2304575
poi-40-5	1	0.67	12	1	105	842	0.8319253	4576	0.4000436
poi-40-5	1	0.67	12	1	211	1642	0.7532959	218	0.0188493
poi-40-5	1	0.67	12	2	105	883	0.5030802	325	0.0309688
poi-40-5	1	0.67	12	2	211	1650	0.724178	42	0.0036355
poi-40-5	1	0.67	12	3	105	901	0.5260883	498	0.0438349
poi-40-5	1	0.67	12	3	211	1650	0.7376188	132	0.0116412
poi-40-5	1	0.67	25	1	105	951	0.7835637	847	0.1071761
poi-40-5	1	0.67	25	1	211	1679	1.6673445	630	0.1701818
poi-40-5	1	0.67	25	2	105	999	1.3559936	3376	0.5392273
poi-40-5	1	0.67	25	2	211	1682	3.9753384	7163	2.3019402
poi-40-5	1	0.67	25	3	105	1013	1.0630807	713	0.1212547
poi-40-5	1	0.67	25	3	211	1728	3.6505916	5162	1.828365
poi-40-5	1	1	12	1	105	907	0.5292641	2683	0.1830127
poi-40-5	1	1	12	1	211	1675	0.796098	1068	0.1470803
poi-40-5	1	1	12	2	105	937	0.6528251	3704	0.2720023
poi-40-5	1	1	12	2	211	1675	0.6367049	11	0.002006
poi-40-5	1	1	12	3	105	961	0.5207972	1713	0.1361262
poi-40-5	1	1	12	3	211	1685	0.688269	411	0.0570344
poi-40-5	1	1	25	1	105	1014	0.909727	4662	0.4401195
poi-40-5	1	1	25	1	211	1721	1.1368073	1004	0.1851843
poi-40-5	1	1	25	2	105	1096	1.3149438	6912	0.7631848
poi-40-5	1	1	25	2	211	1851	2.8234872	11768	1.9802459
poi-40-5	1	1	25	3	105	1152	2.2742104	15495	1.7181253
poi-40-5	1	1	25	3	211	1897	0.9461417	602	0.0988184
poi-40-5	1	1.34	12	1	105	1044	0.6227047	3687	0.2615747
poi-40-5	1	1.34	12	1	211	1869	0.6367121	209	0.0268723
poi-40-5	1	1.34	12	2	105	1060	0.8447594	5458	0.4426063
poi-40-5	1	1.34	12	2	211	1907	0.6898575	53	0.0057113
poi-40-5	1	1.34	12	3	105	1089	0.7166045	3746	0.3029612
poi-40-5	1	1.34	12	3	211	1898	0.6574376	91	0.0121297
poi-40-5	1	1.34	25	1	105	1164	0.9558523	4813	0.4713116
poi-40-5	1	1.34	25	1	211	2025	1.0140628	91	0.0151554
poi-40-5	1	1.34	25	2	105	1314	0.8230192	2008	0.2354391
poi-40-5	1	1.34	25	2	211	2245	0.872743	103	0.014696
poi-40-5	1	1.34	25	3	105	1422	1.0557266	4002	0.4680755
poi-40-5	1	1.34	25	3	211	2342	2.1691491	7543	1.2918633
poi-40-5	2	0.67	12	1	105	915	0.6979177	2938	0.2549598
poi-40-5	2	0.67	12	1	211	1642	0.7268076	106	0.0096252
poi-40-5	2	0.67	12	2	105	947	0.9033742	4883	0.4429693
poi-40-5	2	0.67	12	2	211	1650	0.7211317	155	0.0139001
poi-40-5	2	0.67	12	3	105	938	0.8650835	4095	0.386579
poi-40-5	2	0.67	12	3	211	1650	1.0486832	2244	0.3192469
poi-40-5	2	0.67	25	1	105	1085	1.525904	4127	0.6847509
poi-40-5	2	0.67	25	1	211	1734	2.949875	5765	1.5353673
poi-40-5	2	0.67	25	2	105	1174	2.5575388	7709	1.531424
poi-40-5	2	0.67	25	2	211	1741	2.660641	3659	1.0899178
poi-40-5	2	0.67	25	3	105	1186	1.2921305	965	0.1997091
poi-40-5	2	0.67	25	3	211	1751	2.1570764	1542	0.4859545
poi-40-5	2	1	12	1	105	999	0.3475442	29	0.0017553
poi-40-5	2	1	12	1	211	1691	0.8010413	1454	0.1809014
poi-40-5	2	1	12	2	105	1001	0.6044544	3263	0.2361704
poi-40-5	2	1	12	2	211	1695	1.2119069	4441	0.5831008
poi-40-5	2	1	12	3	105	1027	0.4977732	1877	0.1375799
poi-40-5	2	1	12	3	211	1695	0.7794959	1061	0.1361162
poi-40-5	2	1	25	1	105	1261	0.8007134	3547	0.3347382
poi-40-5	2	1	25	1	211	1887	0.9133719	677	0.10033
poi-40-5	2	1	25	2	105	1425	0.5599623	631	0.0637067
poi-40-5	2	1	25	2	211	1897	0.8204563	53	0.0071183
poi-40-5	2	1	25	3	105	1507	0.656447	1108	0.122307
poi-40-5	2	1	25	3	211	1897	0.8635791	51	0.0066523
poi-40-5	2	1.34	12	1	105	1133	0.4402725	1103	0.0799596
poi-40-5	2	1.34	12	1	211	1895	0.8337589	1369	0.1848236
poi-40-5	2	1.34	12	2	105	1176	0.6721547	3908	0.2950493
poi-40-5	2	1.34	12	2	211	1955	1.1488616	3827	0.4956193
poi-40-5	2	1.34	12	3	105	1195	1.1257779	9427	0.7373384
poi-40-5	2	1.34	12	3	211	1976	0.9657574	2548	0.325379
poi-40-5	2	1.34	25	1	105	1473	0.8797315	4548	0.4216781
poi-40-5	2	1.34	25	1	211	2249	1.4445792	4249	0.6547355
poi-40-5	2	1.34	25	2	105	1740	1.4116222	8926	0.904941
poi-40-5	2	1.34	25	2	211	2348	1.0554551	1394	0.228204
poi-40-5	2	1.34	25	3	105	1871	1.2062946	6068	0.6618663
poi-40-5	2	1.34	25	3	211	2400	0.888625	26	0.0038187
poi-50-1	1	0.67	12	1	108	972	0.6925239	56	0.0062581
poi-50-1	1	0.67	12	1	217	1947	2.7961581	4130	1.2407265
poi-50-1	1	0.67	12	2	108	991	0.7361709	218	0.02556
poi-50-1	1	0.67	12	2	217	1953	2.48866	3138	0.9316454
poi-50-1	1	0.67	12	3	108	991	0.7436775	80	0.0100309
poi-50-1	1	0.67	12	3	217	1949	2.2015415	1926	0.5919641
poi-50-1	1	0.67	25	1	108	1033	0.9696285	298	0.0489539
poi-50-1	1	0.67	25	1	217	2084	3.7198411	2453	1.2120702
poi-50-1	1	0.67	25	2	108	1062	2.656349	6670	1.5165122
poi-50-1	1	0.67	25	2	217	2141	4.6507305	2369	1.4492183
poi-50-1	1	0.67	25	3	108	1074	1.3610445	432	0.1015181
poi-50-1	1	0.67	25	3	217	2182	3.7667615	162	0.0661709
poi-50-1	1	1	12	1	108	997	0.6620223	122	0.0151201
poi-50-1	1	1	12	1	217	2028	3.8279694	6332	2.1086692
poi-50-1	1	1	12	2	108	1026	0.6802463	390	0.0478467
poi-50-1	1	1	12	2	217	2055	3.3008548	5683	1.7358352
poi-50-1	1	1	12	3	108	1026	0.7283374	743	0.0951246
poi-50-1	1	1	12	3	217	2090	2.2391163	2238	0.6761608
poi-50-1	1	1	25	1	108	1097	0.8323636	679	0.0945896
poi-50-1	1	1	25	1	217	2154	3.5488939	3532	1.4270022
poi-50-1	1	1	25	2	108	1155	1.0968172	2788	0.3964283
poi-50-1	1	1	25	2	217	2347	5.7006766	12089	4.0166411
poi-50-1	1	1	25	3	108	1184	2.9245221	14203	2.1662847
poi-50-1	1	1	25	3	217	2415	4.6052335	9759	3.0346872
poi-50-1	1	1.34	12	1	108	1150	1.132555	3484	0.4643501
poi-50-1	1	1.34	12	1	217	2300	2.6493252	2936	0.9457937
poi-50-1	1	1.34	12	2	108	1185	0.717726	610	0.0769769
poi-50-1	1	1.34	12	2	217	2445	2.0979075	1548	0.4590809
poi-50-1	1	1.34	12	3	108	1185	1.0465274	3166	0.4115284
poi-50-1	1	1.34	12	3	217	2499	3.7026796	6738	2.1192991
poi-50-1	1	1.34	25	1	108	1244	1.274359	3186	0.4949845
poi-50-1	1	1.34	25	1	217	2441	3.0396838	2176	0.8784877
poi-50-1	1	1.34	25	2	108	1378	1.1222978	2692	0.3932328
poi-50-1	1	1.34	25	2	217	2861	3.8091785	6267	2.1138608
poi-50-1	1	1.34	25	3	108	1460	1.5265483	4971	0.7614023
poi-50-1	1	1.34	25	3	217	2987	1.7138602	694	0.1793249
poi-50-1	2	0.67	12	1	108	1016	0.828333	835	0.1161187
poi-50-1	2	0.67	12	1	217	2024	1.9995126	1625	0.4589405
poi-50-1	2	0.67	12	2	108	1016	0.7885096	478	0.0663964
poi-50-1	2	0.67	12	2	217	2026	4.5516767	9366	2.9346846
poi-50-1	2	0.67	12	3	108	1016	0.8769744	1044	0.1474844
poi-50-1	2	0.67	12	3	217	2050	2.4634578	2877	0.861339
poi-50-1	2	0.67	25	1	108	1156	1.6042027	1349	0.3342968
poi-50-1	2	0.67	25	1	217	2196	4.8279419	3707	2.0199057
poi-50-1	2	0.67	25	2	108	1256	3.6828884	7495	2.209266
poi-50-1	2	0.67	25	2	217	2214	5.3454162	3712	2.2027007
poi-50-1	2	0.67	25	3	108	1300	4.0199484	7167	2.3244609
poi-50-1	2	0.67	25	3	217	2216	3.2586315	140	0.0561061
poi-50-1	2	1	12	1	108	1074	0.6586724	98	0.011036
poi-50-1	2	1	12	1	217	2259	1.8905549	745	0.2121882
poi-50-1	2	1	12	2	108	1074	0.6427104	143	0.0159941
poi-50-1	2	1	12	2	217	2281	2.7763344	4255	1.2374845
poi-50-1	2	1	12	3	108	1074	0.6518127	196	0.0241642
poi-50-1	2	1	12	3	217	2259	2.0769706	1684	0.4804306
poi-50-1	2	1	25	1	108	1371	0.7910059	345	0.0512246
poi-50-1	2	1	25	1	217	2431	2.7781605	2852	0.967696
poi-50-1	2	1	25	2	108	1566	0.8238408	874	0.1216272
poi-50-1	2	1	25	2	217	2431	1.5339982	16	0.0031014
poi-50-1	2	1	25	3	108	1643	0.9798884	1909	0.2663184
poi-50-1	2	1	25	3	217	2431	1.4645787	13	0.0026022
poi-50-1	2	1.34	12	1	108	1249	0.7028427	314	0.0387839
poi-50-1	2	1.34	12	1	217	2613	2.2218129	1994	0.5883978
poi-50-1	2	1.34	12	2	108	1270	0.6727367	336	0.039828
poi-50-1	2	1.34	12	2	217	2690	3.8124474	7340	2.2573128
poi-50-1	2	1.34	12	3	108	1277	0.825936	1477	0.1901671
poi-50-1	2	1.34	12	3	217	2703	2.8710001	4657	1.3698485
poi-50-1	2	1.34	25	1	108	1606	1.1766248	2878	0.4231877
poi-50-1	2	1.34	25	1	217	2907	1.8704421	197	0.0522115
poi-50-1	2	1.34	25	2	108	1965	1.1192731	2226	0.3411803
poi-50-1	2	1.34	25	2	217	3080	2.7658285	4065	1.2078515
poi-50-1	2	1.34	25	3	108	2037	1.5544948	5691	0.8313004
poi-50-1	2	1.34	25	3	217	3092	3.2760045	5859	1.7550919
poi-50-2	1	0.67	12	1	112	1443	1.0287918	247	0.0388309
poi-50-2	1	0.67	12	1	225	2077	2.4852353	3157	0.9424875
poi-50-2	1	0.67	12	2	112	1459	1.166258	293	0.0534849
poi-50-2	1	0.67	12	2	225	2083	2.4747254	2805	0.8404698
poi-50-2	1	0.67	12	3	112	1479	1.1785488	97	0.0143496
poi-50-2	1	0.67	12	3	225	2115	1.8238767	545	0.1468191
poi-50-2	1	0.67	24	1	112	1479	1.590306	718	0.1957138
poi-50-2	1	0.67	24	1	225	2144	3.9815233	2576	1.2991237
poi-50-2	1	0.67	24	2	112	1517	2.1508802	1142	0.3754902
poi-50-2	1	0.67	24	2	225	2177	7.1205361	5795	3.7793234
poi-50-2	1	0.67	24	3	112	1534	2.3891282	786	0.299576
poi-50-2	1	0.67	24	3	225	2192	3.7729543	68	0.0256356
poi-50-2	1	1	12	1	112	1529	1.4928703	2635	0.5151457
poi-50-2	1	1	12	1	225	2141	2.4988791	889	0.338321
poi-50-2	1	1	12	2	112	1529	0.8457694	144	0.0212042
poi-50-2	1	1	12	2	225	2184	2.281244	1394	0.4293387
poi-50-2	1	1	12	3	112	1564	0.8276434	206	0.030634
poi-50-2	1	1	12	3	225	2196	2.7433102	2678	0.928455
poi-50-2	1	1	24	1	112	1577	1.8447014	2887	0.6834061
poi-50-2	1	1	24	1	225	2197	4.9465208	5557	2.5765227
poi-50-2	1	1	24	2	112	1627	1.516799	2714	0.5295071
poi-50-2	1	1	24	2	225	2285	2.2587524	740	0.244024
poi-50-2	1	1	24	3	112	1716	2.5951603	7851	1.5827947
poi-50-2	1	1	24	3	225	2329	3.5302279	5381	1.799693
poi-50-2	1	1.34	12	1	112	1801	1.663578	3615	0.6844319
poi-50-2	1	1.34	12	1	225	2518	5.6849982	8365	3.5165539
poi-50-2	1	1.34	12	2	112	1879	1.1851925	2081	0.3454562
poi-50-2	1	1.34	12	2	225	2597	2.4233043	1584	0.5400549
poi-50-2	1	1.34	12	3	112	1896	1.6877548	5563	0.8879196
poi-50-2	1	1.34	12	3	225	2632	2.707707	2493	0.8744145
poi-50-2	1	1.34	24	1	112	1814	2.2018744	4459	1.03586
poi-50-2	1	1.34	24	1	225	2576	2.8326635	998	0.4031994
poi-50-2	1	1.34	24	2	112	1996	1.819556	4024	0.8079049
poi-50-2	1	1.34	24	2	225	2771	4.6913605	7636	2.8125403
poi-50-2	1	1.34	24	3	112	2074	2.0040798	4994	1.0027375
poi-50-2	1	1.34	24	3	225	2864	5.0226491	9592	3.2973778
poi-50-2	2	0.67	12	1	112	1467	1.1732899	1007	0.1782445
poi-50-2	2	0.67	12	1	225	2121	1.6956689	680	0.1699687
poi-50-2	2	0.67	12	2	112	1480	1.089019	89	0.0142084
poi-50-2	2	0.67	12	2	225	2112	1.5610493	61	0.0103752
poi-50-2	2	0.67	12	3	112	1480	1.106711	105	0.0165173
poi-50-2	2	0.67	12	3	225	2148	1.6558069	335	0.0698525
poi-50-2	2	0.67	24	1	112	1628	3.2577234	4348	1.5000469
poi-50-2	2	0.67	24	1	225	2229	5.1435843	5195	2.5892186
poi-50-2	2	0.67	24	2	112	1687	4.6610267	5857	2.50031
poi-50-2	2	0.67	24	2	225	2231	4.1206464	2206	1.20553
poi-50-2	2	0.67	24	3	112	1722	3.0698598	1368	0.6350332
poi-50-2	2	0.67	24	3	225	2232	3.2546955	273	0.1069443
poi-50-2	2	1	12	1	112	1591	1.973969	5781	1.0515932
poi-50-2	2	1	12	1	225	2255	3.5831511	3718	1.4755373
poi-50-2	2	1	12	2	112	1638	1.2186041	2646	0.4259108
poi-50-2	2	1	12	2	225	2265	2.5237532	1628	0.5975315
poi-50-2	2	1	12	3	112	1654	1.2714998	3018	0.4724393
poi-50-2	2	1	12	3	225	2255	1.9398888	211	0.0557281
poi-50-2	2	1	24	1	112	1831	1.3811468	1476	0.3003592
poi-50-2	2	1	24	1	225	2364	2.2210736	742	0.2137701
poi-50-2	2	1	24	2	112	2001	1.0786935	737	0.1325575
poi-50-2	2	1	24	2	225	2390	1.9663254	802	0.2419236
poi-50-2	2	1	24	3	112	2062	1.1344927	1133	0.2093315
poi-50-2	2	1	24	3	225	2390	1.6609624	46	0.0103078
poi-50-2	2	1.34	12	1	112	1864	2.1760339	7060	1.2724056
poi-50-2	2	1.34	12	1	225	2637	3.3613908	3599	1.3882086
poi-50-2	2	1.34	12	2	112	1964	1.9467818	6610	1.1051038
poi-50-2	2	1.34	12	2	225	2703	3.4208442	4324	1.5710766
poi-50-2	2	1.34	12	3	112	1971	1.4747769	3922	0.6637203
poi-50-2	2	1.34	12	3	225	2712	2.2093859	1225	0.365387
poi-50-2	2	1.34	24	1	112	2108	2.4822541	6365	1.3824012
poi-50-2	2	1.34	24	1	225	2778	3.4188253	3939	1.4337441
poi-50-2	2	1.34	24	2	112	2428	2.3627109	7284	1.3941497
poi-50-2	2	1.34	24	2	225	2915	4.2019057	6637	2.3851021
poi-50-2	2	1.34	24	3	112	2556	1.0311509	366	0.0688173
poi-50-2	2	1.34	24	3	225	2989	3.5392451	5238	1.8013416
poi-50-3	1	0.67	13	1	109	1070	0.9255011	469	0.0642233
poi-50-3	1	0.67	13	1	218	1996	2.3019727	2249	0.6842339
poi-50-3	1	0.67	13	2	109	1095	1.6164372	3929	0.7048429
poi-50-3	1	0.67	13	2	218	1997	4.5881348	8292	2.8652672
poi-50-3	1	0.67	13	3	109	1095	1.1749205	1301	0.2321213
poi-50-3	1	0.67	13	3	218	2023	3.4122488	4615	1.5982291
poi-50-3	1	0.67	26	1	109	1109	1.7237266	2468	0.5564613
poi-50-3	1	0.67	26	1	218	2061	3.273731	1551	0.7170067
poi-50-3	1	0.67	26	2	109	1158	1.5025955	111	0.0241384
poi-50-3	1	0.67	26	2	218	2113	3.1746728	140	0.0503861
poi-50-3	1	0.67	26	3	109	1210	3.0076161	3857	1.2951037
poi-50-3	1	0.67	26	3	218	2129	11.53844	10514	7.7852064
poi-50-3	1	1	13	1	109	1101	1.593447	4576	0.7562759
poi-50-3	1	1	13	1	218	2087	1.9303429	147	0.0320174
poi-50-3	1	1	13	2	109	1151	1.7113931	6487	0.9622566
poi-50-3	1	1	13	2	218	2088	3.0840007	4564	1.4733177
poi-50-3	1	1	13	3	109	1151	0.8461334	946	0.1308492
poi-50-3	1	1	13	3	218	2111	3.4014279	6120	1.8463773
poi-50-3	1	1	26	1	109	1179	2.8643595	9291	1.8578659
poi-50-3	1	1	26	1	218	2181	3.7184035	3092	1.4172491
poi-50-3	1	1	26	2	109	1266	1.6601901	4332	0.7630158
poi-50-3	1	1	26	2	218	2265	2.356442	2005	0.6238759
poi-50-3	1	1	26	3	109	1342	2.3531504	7879	1.4347849
poi-50-3	1	1	26	3	218	2418	4.3948199	8626	2.7658637
poi-50-3	1	1.34	13	1	109	1279	1.3975209	3195	0.535131
poi-50-3	1	1.34	13	1	218	2381	3.6487237	4181	1.6132887
poi-50-3	1	1.34	13	2	109	1307	1.47844	4968	0.735426
poi-50-3	1	1.34	13	2	218	2462	3.6936414	6668	2.0871103
poi-50-3	1	1.34	13	3	109	1339	1.415054	4724	0.6846474
poi-50-3	1	1.34	13	3	218	2494	1.8692559	1088	0.2908185
poi-50-3	1	1.34	26	1	109	1306	3.3960715	11382	2.3605805
poi-50-3	1	1.34	26	1	218	2490	7.3368058	10443	4.9185935
poi-50-3	1	1.34	26	2	109	1488	1.2094939	1841	0.3275252
poi-50-3	1	1.34	26	2	218	2722	5.2376134	9909	3.4687014
poi-50-3	1	1.34	26	3	109	1638	2.4073385	8106	1.4836195
poi-50-3	1	1.34	26	3	218	2881	1.9591832	982	0.3075518
poi-50-3	2	0.67	13	1	109	1095	1.0146509	923	0.1472315
poi-50-3	2	0.67	13	1	218	2053	2.1155719	1519	0.4536783
poi-50-3	2	0.67	13	2	109	1133	1.6700641	4265	0.7639296
poi-50-3	2	0.67	13	2	218	2076	3.1753721	4611	1.4835714
poi-50-3	2	0.67	13	3	109	1164	1.4239721	2783	0.4992895
poi-50-3	2	0.67	13	3	218	2070	1.7968345	224	0.0451433
poi-50-3	2	0.67	26	1	109	1241	2.1330013	2640	0.7166576
poi-50-3	2	0.67	26	1	218	2192	7.7958373	9259	5.0346365
poi-50-3	2	0.67	26	2	109	1386	4.829156	7712	2.9039996
poi-50-3	2	0.67	26	2	218	2216	3.3113691	205	0.0970063
poi-50-3	2	0.67	26	3	109	1484	3.7994021	3648	1.5751793
poi-50-3	2	0.67	26	3	218	2245	3.5022634	132	0.0598396
poi-50-3	2	1	13	1	109	1188	1.4479815	3988	0.642408
poi-50-3	2	1	13	1	218	2190	2.6053388	2220	0.7984817
poi-50-3	2	1	13	2	109	1332	1.4813081	5411	0.7650759
poi-50-3	2	1	13	2	218	2244	3.9442764	6980	2.2861923
poi-50-3	2	1	13	3	109	1381	1.533288	5928	0.8275721
poi-50-3	2	1	13	3	218	2246	2.2007925	2121	0.6126962
poi-50-3	2	1	26	1	109	1434	1.063808	631	0.110783
poi-50-3	2	1	26	1	218	2436	4.3312279	6150	2.3675544
poi-50-3	2	1	26	2	109	1685	1.5288572	4049	0.6768383
poi-50-3	2	1	26	2	218	2449	1.6554922	350	0.0724423
poi-50-3	2	1	26	3	109	1886	1.4648067	3553	0.6078198
poi-50-3	2	1	26	3	218	2449	1.5245337	8	0.0018514
poi-50-3	2	1.34	13	1	109	1395	1.0126741	1290	0.2000265
poi-50-3	2	1.34	13	1	218	2572	4.5757006	7750	2.7643183
poi-50-3	2	1.34	13	2	109	1569	1.0480767	2070	0.2979182
poi-50-3	2	1.34	13	2	218	2629	2.4658406	2867	0.8788491
poi-50-3	2	1.34	13	3	109	1656	1.4257564	5017	0.7143961
poi-50-3	2	1.34	13	3	218	2662	2.0751501	1717	0.5011233
poi-50-3	2	1.34	26	1	109	1729	1.6730257	3804	0.7225462
poi-50-3	2	1.34	26	1	218	2904	2.9183953	2378	0.9198739
poi-50-3	2	1.34	26	2	109	2103	0.8864919	100	0.0180926
poi-50-3	2	1.34	26	2	218	3049	1.6905757	201	0.0447003
poi-50-3	2	1.34	26	3	109	2354	1.7539258	4992	0.8693254
poi-50-3	2	1.34	26	3	218	3102	4.739288	10049	3.1421637
poi-50-4	1	0.67	13	1	108	805	0.5634073	14	0.0013169
poi-50-4	1	0.67	13	1	216	1737	2.9184039	4461	1.3577951
poi-50-4	1	0.67	13	2	108	815	0.6000113	38	0.0037834
poi-50-4	1	0.67	13	2	216	1752	1.9054742	1026	0.3005394
poi-50-4	1	0.67	13	3	108	815	0.5925656	28	0.0056466
poi-50-4	1	0.67	13	3	216	1763	1.7670529	645	0.1593199
poi-50-4	1	0.67	27	1	108	857	1.0049692	1269	0.1957259
poi-50-4	1	0.67	27	1	216	1904	2.9442988	1313	0.4995009
poi-50-4	1	0.67	27	2	108	889	2.0461934	4694	0.9798199
poi-50-4	1	0.67	27	2	216	2016	3.2652434	480	0.1826117
poi-50-4	1	0.67	27	3	108	912	1.4363096	860	0.2006977
poi-50-4	1	0.67	27	3	216	2029	3.6813326	182	0.0746146
poi-50-4	1	1	13	1	108	838	0.5819125	148	0.0165178
poi-50-4	1	1	13	1	216	1765	2.601599	3053	0.9553116
poi-50-4	1	1	13	2	108	838	0.5765783	0	0
poi-50-4	1	1	13	2	216	1864	4.0175264	8784	2.5388915
poi-50-4	1	1	13	3	108	866	0.6274279	293	0.0344485
poi-50-4	1	1	13	3	216	1899	2.5967361	3829	1.0883905
poi-50-4	1	1	27	1	108	917	1.6071583	6536	0.9078697
poi-50-4	1	1	27	1	216	1992	2.9143769	2866	1.0241061
poi-50-4	1	1	27	2	108	1037	0.8188086	912	0.1252094
poi-50-4	1	1	27	2	216	2214	4.4338131	9370	2.8761314
poi-50-4	1	1	27	3	108	1111	1.4450659	4728	0.7049142
poi-50-4	1	1	27	3	216	2332	6.2572307	17495	4.8596536
poi-50-4	1	1.34	13	1	108	965	0.6116586	318	0.0373833
poi-50-4	1	1.34	13	1	216	2020	4.0055274	6788	2.272019
poi-50-4	1	1.34	13	2	108	1008	1.0194711	3648	0.430541
poi-50-4	1	1.34	13	2	216	2182	1.9173428	1559	0.4121522
poi-50-4	1	1.34	13	3	108	1023	0.8292618	1790	0.2194155
poi-50-4	1	1.34	13	3	216	2193	2.4917653	3198	0.9573253
poi-50-4	1	1.34	27	1	108	1109	1.7052568	6577	0.9694829
poi-50-4	1	1.34	27	1	216	2237	2.0752401	447	0.1452208
poi-50-4	1	1.34	27	2	108	1272	1.4183499	4729	0.6864563
poi-50-4	1	1.34	27	2	216	2585	3.9872255	8103	2.4572327
poi-50-4	1	1.34	27	3	108	1364	1.0377763	1742	0.2679362
poi-50-4	1	1.34	27	3	216	2855	1.6651426	867	0.222305
poi-50-4	2	0.67	13	1	108	823	0.5775519	0	0
poi-50-4	2	0.67	13	1	216	1838	2.8628047	4764	1.3792829
poi-50-4	2	0.67	13	2	108	823	0.5999771	0	0
poi-50-4	2	0.67	13	2	216	1833	2.0060408	1765	0.4823458
poi-50-4	2	0.67	13	3	108	823	0.6101562	0	0
poi-50-4	2	0.67	13	3	216	1872	1.9004089	1502	0.3953217
poi-50-4	2	0.67	27	1	108	950	1.3774377	1589	0.3258093
poi-50-4	2	0.67	27	1	216	2080	3.941127	2610	1.3150132
poi-50-4	2	0.67	27	2	108	1079	2.7156559	4162	1.2338935
poi-50-4	2	0.67	27	2	216	2121	6.6344149	6038	3.5500972
poi-50-4	2	0.67	27	3	108	1171	3.1679041	4969	1.5493104
poi-50-4	2	0.67	27	3	216	2136	4.8849938	2299	1.4582372
poi-50-4	2	1	13	1	108	910	0.6813819	840	0.0988804
poi-50-4	2	1	13	1	216	1924	3.2877747	5324	1.6806417
poi-50-4	2	1	13	2	108	912	0.6370823	676	0.0765462
poi-50-4	2	1	13	2	216	2003	2.2585924	2703	0.751105
poi-50-4	2	1	13	3	108	912	0.8867402	3006	0.3426729
poi-50-4	2	1	13	3	216	2003	3.3065782	6150	1.7901539
poi-50-4	2	1	27	1	108	1133	1.3967852	5055	0.7030883
poi-50-4	2	1	27	1	216	2325	2.875172	3895	1.2494031
poi-50-4	2	1	27	2	108	1364	1.3490777	4946	0.6741883
poi-50-4	2	1	27	2	216	2408	1.7578026	1143	0.3045637
poi-50-4	2	1	27	3	108	1520	2.1269861	9961	1.4140391
poi-50-4	2	1	27	3	216	2408	1.4839891	311	0.0741845
poi-50-4	2	1.34	13	1	108	1045	1.8156228	10703	1.2388485
poi-50-4	2	1.34	13	1	216	2214	2.1872241	1982	0.5974372
poi-50-4	2	1.34	13	2	108	1081	0.9350389	2962	0.349827
poi-50-4	2	1.34	13	2	216	2365	2.0257283	1594	0.4441917
poi-50-4	2	1.34	13	3	108	1084	2.2920069	15138	1.726776
poi-50-4	2	1.34	13	3	216	2382	2.3157454	2817	0.7846111
poi-50-4	2	1.34	27	1	108	1316	0.9917818	2141	0.2941803
poi-50-4	2	1.34	27	1	216	2743	1.8348983	702	0.1872023
poi-50-4	2	1.34	27	2	108	1687	1.3492522	4839	0.6610447
poi-50-4	2	1.34	27	2	216	2977	3.1633926	5485	1.6334483
poi-50-4	2	1.34	27	3	108	1912	1.8390641	7576	1.1031069
poi-50-4	2	1.34	27	3	216	3037	2.6202908	3897	1.1350906
poi-50-5	1	0.67	11	1	111	1255	1.0308899	548	0.0898076
poi-50-5	1	0.67	11	1	222	2094	2.959473	4524	1.3783576
poi-50-5	1	0.67	11	2	111	1255	1.8998689	4636	0.9073927
poi-50-5	1	0.67	11	2	222	2094	3.1937329	4610	1.517695
poi-50-5	1	0.67	11	3	111	1255	1.0267315	221	0.0385749
poi-50-5	1	0.67	11	3	222	2091	3.083224	4142	1.3624291
poi-50-5	1	0.67	23	1	111	1352	1.6405329	307	0.0762482
poi-50-5	1	0.67	23	1	222	2160	5.0605244	4150	2.2487384
poi-50-5	1	0.67	23	2	111	1388	2.4289452	907	0.3505148
poi-50-5	1	0.67	23	2	222	2195	5.1520256	2499	1.6830687
poi-50-5	1	0.67	23	3	111	1469	2.5374048	178	0.0607205
poi-50-5	1	0.67	23	3	222	2190	5.2601273	1724	1.2622829
poi-50-5	1	1	11	1	111	1344	1.1651115	1971	0.3221272
poi-50-5	1	1	11	1	222	2138	2.5532755	1565	0.5891507
poi-50-5	1	1	11	2	111	1366	1.6045759	5470	0.8363275
poi-50-5	1	1	11	2	222	2160	3.5143079	5256	1.7934431
poi-50-5	1	1	11	3	111	1370	0.8341092	461	0.0647077
poi-50-5	1	1	11	3	222	2174	3.8622305	6352	2.1494259
poi-50-5	1	1	23	1	111	1441	1.5146124	1616	0.3643463
poi-50-5	1	1	23	1	222	2241	3.2778974	1963	0.9071048
poi-50-5	1	1	23	2	111	1522	2.1139379	5929	1.1433053
poi-50-5	1	1	23	2	222	2401	3.8779881	5982	2.102948
poi-50-5	1	1	23	3	111	1598	2.0731293	5740	1.1061247
poi-50-5	1	1	23	3	222	2440	1.8381719	601	0.160506
poi-50-5	1	1.34	11	1	111	1529	1.7938463	5445	0.931736
poi-50-5	1	1.34	11	1	222	2485	5.0259164	7812	3.0619668
poi-50-5	1	1.34	11	2	111	1615	1.1962089	2963	0.4436692
poi-50-5	1	1.34	11	2	222	2523	1.9205989	769	0.2255029
poi-50-5	1	1.34	11	3	111	1616	0.9093484	1078	0.1605691
poi-50-5	1	1.34	11	3	222	2548	2.3334885	1988	0.654367
poi-50-5	1	1.34	23	1	111	1606	2.516352	5676	1.3334797
poi-50-5	1	1.34	23	1	222	2587	2.5513024	341	0.1406517
poi-50-5	1	1.34	23	2	111	1836	3.4397637	12548	2.4570082
poi-50-5	1	1.34	23	2	222	2845	3.2201179	3839	1.3527566
poi-50-5	1	1.34	23	3	111	2016	1.5956162	3208	0.6219442
poi-50-5	1	1.34	23	3	222	3023	4.0287972	6546	2.2750861
poi-50-5	2	0.67	11	1	111	1356	0.9381524	15	0.0021582
poi-50-5	2	0.67	11	1	222	2116	2.2181706	2000	0.609447
poi-50-5	2	0.67	11	2	111	1356	0.9556124	9	0.0016043
poi-50-5	2	0.67	11	2	222	2118	4.0975737	7569	2.44842
poi-50-5	2	0.67	11	3	111	1356	0.9831414	5	0.0008739
poi-50-5	2	0.67	11	3	222	2116	2.4705005	2795	0.8315744
poi-50-5	2	0.67	23	1	111	1510	3.8649662	5256	1.9565705
poi-50-5	2	0.67	23	1	222	2215	2.9828327	346	0.1451124
poi-50-5	2	0.67	23	2	111	1582	7.2777221	10804	4.9374011
poi-50-5	2	0.67	23	2	222	2245	4.9593652	2984	1.7777058
poi-50-5	2	0.67	23	3	111	1600	4.8920536	4189	2.1941039
poi-50-5	2	0.67	23	3	222	2241	5.0125842	2419	1.6210295
poi-50-5	2	1	11	1	111	1486	1.0096204	1251	0.1943173
poi-50-5	2	1	11	1	222	2262	2.1453943	775	0.25342
poi-50-5	2	1	11	2	111	1486	1.5593405	5587	0.817905
poi-50-5	2	1	11	2	222	2290	5.2218404	10177	3.4874272
poi-50-5	2	1	11	3	111	1486	0.8759864	1053	0.1462401
poi-50-5	2	1	11	3	222	2290	2.5304575	2503	0.8240211
poi-50-5	2	1	23	1	111	1736	1.1095666	299	0.0575635
poi-50-5	2	1	23	1	222	2466	3.6083893	4255	1.6262305
poi-50-5	2	1	23	2	111	1896	1.17572	1328	0.2416773
poi-50-5	2	1	23	2	222	2467	1.6902808	226	0.0522232
poi-50-5	2	1	23	3	111	1963	1.4158559	2838	0.5086474
poi-50-5	2	1	23	3	222	2467	1.60225	85	0.0159207
poi-50-5	2	1.34	11	1	111	1715	1.1852037	2487	0.3928638
poi-50-5	2	1.34	11	1	222	2528	3.5133946	4587	1.6373806
poi-50-5	2	1.34	11	2	111	1731	1.6745539	6345	0.9329449
poi-50-5	2	1.34	11	2	222	2615	4.9723556	9621	3.2525365
poi-50-5	2	1.34	11	3	111	1744	0.8369971	912	0.132382
poi-50-5	2	1.34	11	3	222	2611	3.6655043	6023	1.977128
poi-50-5	2	1.34	23	1	111	2051	1.8313403	3681	0.7779191
poi-50-5	2	1.34	23	1	222	2949	4.2924577	6062	2.3257159
poi-50-5	2	1.34	23	2	111	2335	0.957278	3	0.000568
poi-50-5	2	1.34	23	2	222	3083	2.6471692	2999	0.9463179
poi-50-5	2	1.34	23	3	111	2424	2.3612569	7792	1.4387609
poi-50-5	2	1.34	23	3	222	3140	2.8526437	3742	1.19573
