name	alpha	beta	L	m	T	L_ratioT_ratio
poi-10-1	1	0.67	15	1	59	
poi-10-1	1	0.67	15	1	118	
poi-10-1	1	0.67	15	2	59	
poi-10-1	1	0.67	15	2	118	
poi-10-1	1	0.67	15	3	59	
poi-10-1	1	0.67	15	3	118	
poi-10-1	1	0.67	30	1	59	
poi-10-1	1	0.67	30	1	118	
poi-10-1	1	0.67	30	2	59	
poi-10-1	1	0.67	30	2	118	
poi-10-1	1	0.67	30	3	59	
poi-10-1	1	0.67	30	3	118	
poi-10-1	1	1.0	15	1	59	
poi-10-1	1	1.0	15	1	118	
poi-10-1	1	1.0	15	2	59	
poi-10-1	1	1.0	15	2	118	
poi-10-1	1	1.0	15	3	59	
poi-10-1	1	1.0	15	3	118	
poi-10-1	1	1.0	30	1	59	
poi-10-1	1	1.0	30	1	118	
poi-10-1	1	1.0	30	2	59	
poi-10-1	1	1.0	30	2	118	
poi-10-1	1	1.0	30	3	59	
poi-10-1	1	1.0	30	3	118	
poi-10-1	1	1.33	15	1	59	
poi-10-1	1	1.33	15	1	118	
poi-10-1	1	1.33	15	2	59	
poi-10-1	1	1.33	15	2	118	
poi-10-1	1	1.33	15	3	59	
poi-10-1	1	1.33	15	3	118	
poi-10-1	1	1.33	30	1	59	
poi-10-1	1	1.33	30	1	118	
poi-10-1	1	1.33	30	2	59	
poi-10-1	1	1.33	30	2	118	
poi-10-1	1	1.33	30	3	59	
poi-10-1	1	1.33	30	3	118	
poi-10-1	2	0.67	15	1	59	
poi-10-1	2	0.67	15	1	118	
poi-10-1	2	0.67	15	2	59	
poi-10-1	2	0.67	15	2	118	
poi-10-1	2	0.67	15	3	59	
poi-10-1	2	0.67	15	3	118	
poi-10-1	2	0.67	30	1	59	
poi-10-1	2	0.67	30	1	118	
poi-10-1	2	0.67	30	2	59	
poi-10-1	2	0.67	30	2	118	
poi-10-1	2	0.67	30	3	59	
poi-10-1	2	0.67	30	3	118	
poi-10-1	2	1.0	15	1	59	
poi-10-1	2	1.0	15	1	118	
poi-10-1	2	1.0	15	2	59	
poi-10-1	2	1.0	15	2	118	
poi-10-1	2	1.0	15	3	59	
poi-10-1	2	1.0	15	3	118	
poi-10-1	2	1.0	30	1	59	
poi-10-1	2	1.0	30	1	118	
poi-10-1	2	1.0	30	2	59	
poi-10-1	2	1.0	30	2	118	
poi-10-1	2	1.0	30	3	59	
poi-10-1	2	1.0	30	3	118	
poi-10-1	2	1.33	15	1	59	
poi-10-1	2	1.33	15	1	118	
poi-10-1	2	1.33	15	2	59	
poi-10-1	2	1.33	15	2	118	
poi-10-1	2	1.33	15	3	59	
poi-10-1	2	1.33	15	3	118	
poi-10-1	2	1.33	30	1	59	
poi-10-1	2	1.33	30	1	118	
poi-10-1	2	1.33	30	2	59	
poi-10-1	2	1.33	30	2	118	
poi-10-1	2	1.33	30	3	59	
poi-10-1	2	1.33	30	3	118	
poi-10-2	1	0.67	13	1	58	
poi-10-2	1	0.67	13	1	116	
poi-10-2	1	0.67	13	2	58	
poi-10-2	1	0.67	13	2	116	
poi-10-2	1	0.67	13	3	58	
poi-10-2	1	0.67	13	3	116	
poi-10-2	1	0.67	27	1	58	
poi-10-2	1	0.67	27	1	116	
poi-10-2	1	0.67	27	2	58	
poi-10-2	1	0.67	27	2	116	
poi-10-2	1	0.67	27	3	58	
poi-10-2	1	0.67	27	3	116	
poi-10-2	1	1.0	13	1	58	
poi-10-2	1	1.0	13	1	116	
poi-10-2	1	1.0	13	2	58	
poi-10-2	1	1.0	13	2	116	
poi-10-2	1	1.0	13	3	58	
poi-10-2	1	1.0	13	3	116	
poi-10-2	1	1.0	27	1	58	
poi-10-2	1	1.0	27	1	116	
poi-10-2	1	1.0	27	2	58	
poi-10-2	1	1.0	27	2	116	
poi-10-2	1	1.0	27	3	58	
poi-10-2	1	1.0	27	3	116	
poi-10-2	1	1.33	13	1	58	
poi-10-2	1	1.33	13	1	116	
poi-10-2	1	1.33	13	2	58	
poi-10-2	1	1.33	13	2	116	
poi-10-2	1	1.33	13	3	58	
poi-10-2	1	1.33	13	3	116	
poi-10-2	1	1.33	27	1	58	
poi-10-2	1	1.33	27	1	116	
poi-10-2	1	1.33	27	2	58	
poi-10-2	1	1.33	27	2	116	
poi-10-2	1	1.33	27	3	58	
poi-10-2	1	1.33	27	3	116	
poi-10-2	2	0.67	13	1	58	
poi-10-2	2	0.67	13	1	116	
poi-10-2	2	0.67	13	2	58	
poi-10-2	2	0.67	13	2	116	
poi-10-2	2	0.67	13	3	58	
poi-10-2	2	0.67	13	3	116	
poi-10-2	2	0.67	27	1	58	
poi-10-2	2	0.67	27	1	116	
poi-10-2	2	0.67	27	2	58	
poi-10-2	2	0.67	27	2	116	
poi-10-2	2	0.67	27	3	58	
poi-10-2	2	0.67	27	3	116	
poi-10-2	2	1.0	13	1	58	
poi-10-2	2	1.0	13	1	116	
poi-10-2	2	1.0	13	2	58	
poi-10-2	2	1.0	13	2	116	
poi-10-2	2	1.0	13	3	58	
poi-10-2	2	1.0	13	3	116	
poi-10-2	2	1.0	27	1	58	
poi-10-2	2	1.0	27	1	116	
poi-10-2	2	1.0	27	2	58	
poi-10-2	2	1.0	27	2	116	
poi-10-2	2	1.0	27	3	58	
poi-10-2	2	1.0	27	3	116	
poi-10-2	2	1.33	13	1	58	
poi-10-2	2	1.33	13	1	116	
poi-10-2	2	1.33	13	2	58	
poi-10-2	2	1.33	13	2	116	
poi-10-2	2	1.33	13	3	58	
poi-10-2	2	1.33	13	3	116	
poi-10-2	2	1.33	27	1	58	
poi-10-2	2	1.33	27	1	116	
poi-10-2	2	1.33	27	2	58	
poi-10-2	2	1.33	27	2	116	
poi-10-2	2	1.33	27	3	58	
poi-10-2	2	1.33	27	3	116	
poi-10-3	1	0.67	14	1	59	
poi-10-3	1	0.67	14	1	119	
poi-10-3	1	0.67	14	2	59	
poi-10-3	1	0.67	14	2	119	
poi-10-3	1	0.67	14	3	59	
poi-10-3	1	0.67	14	3	119	
poi-10-3	1	0.67	28	1	59	
poi-10-3	1	0.67	28	1	119	
poi-10-3	1	0.67	28	2	59	
poi-10-3	1	0.67	28	2	119	
poi-10-3	1	0.67	28	3	59	
poi-10-3	1	0.67	28	3	119	
poi-10-3	1	1.0	14	1	59	
poi-10-3	1	1.0	14	1	119	
poi-10-3	1	1.0	14	2	59	
poi-10-3	1	1.0	14	2	119	
poi-10-3	1	1.0	14	3	59	
poi-10-3	1	1.0	14	3	119	
poi-10-3	1	1.0	28	1	59	
poi-10-3	1	1.0	28	1	119	
poi-10-3	1	1.0	28	2	59	
poi-10-3	1	1.0	28	2	119	
poi-10-3	1	1.0	28	3	59	
poi-10-3	1	1.0	28	3	119	
poi-10-3	1	1.33	14	1	59	
poi-10-3	1	1.33	14	1	119	
poi-10-3	1	1.33	14	2	59	
poi-10-3	1	1.33	14	2	119	
poi-10-3	1	1.33	14	3	59	
poi-10-3	1	1.33	14	3	119	
poi-10-3	1	1.33	28	1	59	
poi-10-3	1	1.33	28	1	119	
poi-10-3	1	1.33	28	2	59	
poi-10-3	1	1.33	28	2	119	
poi-10-3	1	1.33	28	3	59	
poi-10-3	1	1.33	28	3	119	
poi-10-3	2	0.67	14	1	59	
poi-10-3	2	0.67	14	1	119	
poi-10-3	2	0.67	14	2	59	
poi-10-3	2	0.67	14	2	119	
poi-10-3	2	0.67	14	3	59	
poi-10-3	2	0.67	14	3	119	
poi-10-3	2	0.67	28	1	59	
poi-10-3	2	0.67	28	1	119	
poi-10-3	2	0.67	28	2	59	
poi-10-3	2	0.67	28	2	119	
poi-10-3	2	0.67	28	3	59	
poi-10-3	2	0.67	28	3	119	
poi-10-3	2	1.0	14	1	59	
poi-10-3	2	1.0	14	1	119	
poi-10-3	2	1.0	14	2	59	
poi-10-3	2	1.0	14	2	119	
poi-10-3	2	1.0	14	3	59	
poi-10-3	2	1.0	14	3	119	
poi-10-3	2	1.0	28	1	59	
poi-10-3	2	1.0	28	1	119	
poi-10-3	2	1.0	28	2	59	
poi-10-3	2	1.0	28	2	119	
poi-10-3	2	1.0	28	3	59	
poi-10-3	2	1.0	28	3	119	
poi-10-3	2	1.33	14	1	59	
poi-10-3	2	1.33	14	1	119	
poi-10-3	2	1.33	14	2	59	
poi-10-3	2	1.33	14	2	119	
poi-10-3	2	1.33	14	3	59	
poi-10-3	2	1.33	14	3	119	
poi-10-3	2	1.33	28	1	59	
poi-10-3	2	1.33	28	1	119	
poi-10-3	2	1.33	28	2	59	
poi-10-3	2	1.33	28	2	119	
poi-10-3	2	1.33	28	3	59	
poi-10-3	2	1.33	28	3	119	
poi-10-4	1	0.67	13	1	59	
poi-10-4	1	0.67	13	1	118	
poi-10-4	1	0.67	13	2	59	
poi-10-4	1	0.67	13	2	118	
poi-10-4	1	0.67	13	3	59	
poi-10-4	1	0.67	13	3	118	
poi-10-4	1	0.67	26	1	59	
poi-10-4	1	0.67	26	1	118	
poi-10-4	1	0.67	26	2	59	
poi-10-4	1	0.67	26	2	118	
poi-10-4	1	0.67	26	3	59	
poi-10-4	1	0.67	26	3	118	
poi-10-4	1	1.0	13	1	59	
poi-10-4	1	1.0	13	1	118	
poi-10-4	1	1.0	13	2	59	
poi-10-4	1	1.0	13	2	118	
poi-10-4	1	1.0	13	3	59	
poi-10-4	1	1.0	13	3	118	
poi-10-4	1	1.0	26	1	59	
poi-10-4	1	1.0	26	1	118	
poi-10-4	1	1.0	26	2	59	
poi-10-4	1	1.0	26	2	118	
poi-10-4	1	1.0	26	3	59	
poi-10-4	1	1.0	26	3	118	
poi-10-4	1	1.33	13	1	59	
poi-10-4	1	1.33	13	1	118	
poi-10-4	1	1.33	13	2	59	
poi-10-4	1	1.33	13	2	118	
poi-10-4	1	1.33	13	3	59	
poi-10-4	1	1.33	13	3	118	
poi-10-4	1	1.33	26	1	59	
poi-10-4	1	1.33	26	1	118	
poi-10-4	1	1.33	26	2	59	
poi-10-4	1	1.33	26	2	118	
poi-10-4	1	1.33	26	3	59	
poi-10-4	1	1.33	26	3	118	
poi-10-4	2	0.67	13	1	59	
poi-10-4	2	0.67	13	1	118	
poi-10-4	2	0.67	13	2	59	
poi-10-4	2	0.67	13	2	118	
poi-10-4	2	0.67	13	3	59	
poi-10-4	2	0.67	13	3	118	
poi-10-4	2	0.67	26	1	59	
poi-10-4	2	0.67	26	1	118	
poi-10-4	2	0.67	26	2	59	
poi-10-4	2	0.67	26	2	118	
poi-10-4	2	0.67	26	3	59	
poi-10-4	2	0.67	26	3	118	
poi-10-4	2	1.0	13	1	59	
poi-10-4	2	1.0	13	1	118	
poi-10-4	2	1.0	13	2	59	
poi-10-4	2	1.0	13	2	118	
poi-10-4	2	1.0	13	3	59	
poi-10-4	2	1.0	13	3	118	
poi-10-4	2	1.0	26	1	59	
poi-10-4	2	1.0	26	1	118	
poi-10-4	2	1.0	26	2	59	
poi-10-4	2	1.0	26	2	118	
poi-10-4	2	1.0	26	3	59	
poi-10-4	2	1.0	26	3	118	
poi-10-4	2	1.33	13	1	59	
poi-10-4	2	1.33	13	1	118	
poi-10-4	2	1.33	13	2	59	
poi-10-4	2	1.33	13	2	118	
poi-10-4	2	1.33	13	3	59	
poi-10-4	2	1.33	13	3	118	
poi-10-4	2	1.33	26	1	59	
poi-10-4	2	1.33	26	1	118	
poi-10-4	2	1.33	26	2	59	
poi-10-4	2	1.33	26	2	118	
poi-10-4	2	1.33	26	3	59	
poi-10-4	2	1.33	26	3	118	
poi-10-5	1	0.67	14	1	52	
poi-10-5	1	0.67	14	1	104	
poi-10-5	1	0.67	14	2	52	
poi-10-5	1	0.67	14	2	104	
poi-10-5	1	0.67	14	3	52	
poi-10-5	1	0.67	14	3	104	
poi-10-5	1	0.67	28	1	52	
poi-10-5	1	0.67	28	1	104	
poi-10-5	1	0.67	28	2	52	
poi-10-5	1	0.67	28	2	104	
poi-10-5	1	0.67	28	3	52	
poi-10-5	1	0.67	28	3	104	
poi-10-5	1	1.0	14	1	52	
poi-10-5	1	1.0	14	1	104	
poi-10-5	1	1.0	14	2	52	
poi-10-5	1	1.0	14	2	104	
poi-10-5	1	1.0	14	3	52	
poi-10-5	1	1.0	14	3	104	
poi-10-5	1	1.0	28	1	52	
poi-10-5	1	1.0	28	1	104	
poi-10-5	1	1.0	28	2	52	
poi-10-5	1	1.0	28	2	104	
poi-10-5	1	1.0	28	3	52	
poi-10-5	1	1.0	28	3	104	
poi-10-5	1	1.33	14	1	52	
poi-10-5	1	1.33	14	1	104	
poi-10-5	1	1.33	14	2	52	
poi-10-5	1	1.33	14	2	104	
poi-10-5	1	1.33	14	3	52	
poi-10-5	1	1.33	14	3	104	
poi-10-5	1	1.33	28	1	52	
poi-10-5	1	1.33	28	1	104	
poi-10-5	1	1.33	28	2	52	
poi-10-5	1	1.33	28	2	104	
poi-10-5	1	1.33	28	3	52	
poi-10-5	1	1.33	28	3	104	
poi-10-5	2	0.67	14	1	52	
poi-10-5	2	0.67	14	1	104	
poi-10-5	2	0.67	14	2	52	
poi-10-5	2	0.67	14	2	104	
poi-10-5	2	0.67	14	3	52	
poi-10-5	2	0.67	14	3	104	
poi-10-5	2	0.67	28	1	52	
poi-10-5	2	0.67	28	1	104	
poi-10-5	2	0.67	28	2	52	
poi-10-5	2	0.67	28	2	104	
poi-10-5	2	0.67	28	3	52	
poi-10-5	2	0.67	28	3	104	
poi-10-5	2	1.0	14	1	52	
poi-10-5	2	1.0	14	1	104	
poi-10-5	2	1.0	14	2	52	
poi-10-5	2	1.0	14	2	104	
poi-10-5	2	1.0	14	3	52	
poi-10-5	2	1.0	14	3	104	
poi-10-5	2	1.0	28	1	52	
poi-10-5	2	1.0	28	1	104	
poi-10-5	2	1.0	28	2	52	
poi-10-5	2	1.0	28	2	104	
poi-10-5	2	1.0	28	3	52	
poi-10-5	2	1.0	28	3	104	
poi-10-5	2	1.33	14	1	52	
poi-10-5	2	1.33	14	1	104	
poi-10-5	2	1.33	14	2	52	
poi-10-5	2	1.33	14	2	104	
poi-10-5	2	1.33	14	3	52	
poi-10-5	2	1.33	14	3	104	
poi-10-5	2	1.33	28	1	52	
poi-10-5	2	1.33	28	1	104	
poi-10-5	2	1.33	28	2	52	
poi-10-5	2	1.33	28	2	104	
poi-10-5	2	1.33	28	3	52	
poi-10-5	2	1.33	28	3	104	
poi-20-1	1	0.67	14	1	79	
poi-20-1	1	0.67	14	1	159	
poi-20-1	1	0.67	14	2	79	
poi-20-1	1	0.67	14	2	159	
poi-20-1	1	0.67	14	3	79	
poi-20-1	1	0.67	14	3	159	
poi-20-1	1	0.67	28	1	79	
poi-20-1	1	0.67	28	1	159	
poi-20-1	1	0.67	28	2	79	
poi-20-1	1	0.67	28	2	159	
poi-20-1	1	0.67	28	3	79	
poi-20-1	1	0.67	28	3	159	
poi-20-1	1	1.0	14	1	79	
poi-20-1	1	1.0	14	1	159	
poi-20-1	1	1.0	14	2	79	
poi-20-1	1	1.0	14	2	159	
poi-20-1	1	1.0	14	3	79	
poi-20-1	1	1.0	14	3	159	
poi-20-1	1	1.0	28	1	79	
poi-20-1	1	1.0	28	1	159	
poi-20-1	1	1.0	28	2	79	
poi-20-1	1	1.0	28	2	159	
poi-20-1	1	1.0	28	3	79	
poi-20-1	1	1.0	28	3	159	
poi-20-1	1	1.33	14	1	79	
poi-20-1	1	1.33	14	1	159	
poi-20-1	1	1.33	14	2	79	
poi-20-1	1	1.33	14	2	159	
poi-20-1	1	1.33	14	3	79	
poi-20-1	1	1.33	14	3	159	
poi-20-1	1	1.33	28	1	79	
poi-20-1	1	1.33	28	1	159	
poi-20-1	1	1.33	28	2	79	
poi-20-1	1	1.33	28	2	159	
poi-20-1	1	1.33	28	3	79	
poi-20-1	1	1.33	28	3	159	
poi-20-1	2	0.67	14	1	79	
poi-20-1	2	0.67	14	1	159	
poi-20-1	2	0.67	14	2	79	
poi-20-1	2	0.67	14	2	159	
poi-20-1	2	0.67	14	3	79	
poi-20-1	2	0.67	14	3	159	
poi-20-1	2	0.67	28	1	79	
poi-20-1	2	0.67	28	1	159	
poi-20-1	2	0.67	28	2	79	
poi-20-1	2	0.67	28	2	159	
poi-20-1	2	0.67	28	3	79	
poi-20-1	2	0.67	28	3	159	
poi-20-1	2	1.0	14	1	79	
poi-20-1	2	1.0	14	1	159	
poi-20-1	2	1.0	14	2	79	
poi-20-1	2	1.0	14	2	159	
poi-20-1	2	1.0	14	3	79	
poi-20-1	2	1.0	14	3	159	
poi-20-1	2	1.0	28	1	79	
poi-20-1	2	1.0	28	1	159	
poi-20-1	2	1.0	28	2	79	
poi-20-1	2	1.0	28	2	159	
poi-20-1	2	1.0	28	3	79	
poi-20-1	2	1.0	28	3	159	
poi-20-1	2	1.33	14	1	79	
poi-20-1	2	1.33	14	1	159	
poi-20-1	2	1.33	14	2	79	
poi-20-1	2	1.33	14	2	159	
poi-20-1	2	1.33	14	3	79	
poi-20-1	2	1.33	14	3	159	
poi-20-1	2	1.33	28	1	79	
poi-20-1	2	1.33	28	1	159	
poi-20-1	2	1.33	28	2	79	
poi-20-1	2	1.33	28	2	159	
poi-20-1	2	1.33	28	3	79	
poi-20-1	2	1.33	28	3	159	
poi-20-2	1	0.67	13	1	80	
poi-20-2	1	0.67	13	1	160	
poi-20-2	1	0.67	13	2	80	
poi-20-2	1	0.67	13	2	160	
poi-20-2	1	0.67	13	3	80	
poi-20-2	1	0.67	13	3	160	
poi-20-2	1	0.67	26	1	80	
poi-20-2	1	0.67	26	1	160	
poi-20-2	1	0.67	26	2	80	
poi-20-2	1	0.67	26	2	160	
poi-20-2	1	0.67	26	3	80	
poi-20-2	1	0.67	26	3	160	
poi-20-2	1	1.0	13	1	80	
poi-20-2	1	1.0	13	1	160	
poi-20-2	1	1.0	13	2	80	
poi-20-2	1	1.0	13	2	160	
poi-20-2	1	1.0	13	3	80	
poi-20-2	1	1.0	13	3	160	
poi-20-2	1	1.0	26	1	80	
poi-20-2	1	1.0	26	1	160	
poi-20-2	1	1.0	26	2	80	
poi-20-2	1	1.0	26	2	160	
poi-20-2	1	1.0	26	3	80	
poi-20-2	1	1.0	26	3	160	
poi-20-2	1	1.33	13	1	80	
poi-20-2	1	1.33	13	1	160	
poi-20-2	1	1.33	13	2	80	
poi-20-2	1	1.33	13	2	160	
poi-20-2	1	1.33	13	3	80	
poi-20-2	1	1.33	13	3	160	
poi-20-2	1	1.33	26	1	80	
poi-20-2	1	1.33	26	1	160	
poi-20-2	1	1.33	26	2	80	
poi-20-2	1	1.33	26	2	160	
poi-20-2	1	1.33	26	3	80	
poi-20-2	1	1.33	26	3	160	
poi-20-2	2	0.67	13	1	80	
poi-20-2	2	0.67	13	1	160	
poi-20-2	2	0.67	13	2	80	
poi-20-2	2	0.67	13	2	160	
poi-20-2	2	0.67	13	3	80	
poi-20-2	2	0.67	13	3	160	
poi-20-2	2	0.67	26	1	80	
poi-20-2	2	0.67	26	1	160	
poi-20-2	2	0.67	26	2	80	
poi-20-2	2	0.67	26	2	160	
poi-20-2	2	0.67	26	3	80	
poi-20-2	2	0.67	26	3	160	
poi-20-2	2	1.0	13	1	80	
poi-20-2	2	1.0	13	1	160	
poi-20-2	2	1.0	13	2	80	
poi-20-2	2	1.0	13	2	160	
poi-20-2	2	1.0	13	3	80	
poi-20-2	2	1.0	13	3	160	
poi-20-2	2	1.0	26	1	80	
poi-20-2	2	1.0	26	1	160	
poi-20-2	2	1.0	26	2	80	
poi-20-2	2	1.0	26	2	160	
poi-20-2	2	1.0	26	3	80	
poi-20-2	2	1.0	26	3	160	
poi-20-2	2	1.33	13	1	80	
poi-20-2	2	1.33	13	1	160	
poi-20-2	2	1.33	13	2	80	
poi-20-2	2	1.33	13	2	160	
poi-20-2	2	1.33	13	3	80	
poi-20-2	2	1.33	13	3	160	
poi-20-2	2	1.33	26	1	80	
poi-20-2	2	1.33	26	1	160	
poi-20-2	2	1.33	26	2	80	
poi-20-2	2	1.33	26	2	160	
poi-20-2	2	1.33	26	3	80	
poi-20-2	2	1.33	26	3	160	
poi-20-3	1	0.67	15	1	85	
poi-20-3	1	0.67	15	1	171	
poi-20-3	1	0.67	15	2	85	
poi-20-3	1	0.67	15	2	171	
poi-20-3	1	0.67	15	3	85	
poi-20-3	1	0.67	15	3	171	
poi-20-3	1	0.67	31	1	85	
poi-20-3	1	0.67	31	1	171	
poi-20-3	1	0.67	31	2	85	
poi-20-3	1	0.67	31	2	171	
poi-20-3	1	0.67	31	3	85	
poi-20-3	1	0.67	31	3	171	
poi-20-3	1	1.0	15	1	85	
poi-20-3	1	1.0	15	1	171	
poi-20-3	1	1.0	15	2	85	
poi-20-3	1	1.0	15	2	171	
poi-20-3	1	1.0	15	3	85	
poi-20-3	1	1.0	15	3	171	
poi-20-3	1	1.0	31	1	85	
poi-20-3	1	1.0	31	1	171	
poi-20-3	1	1.0	31	2	85	
poi-20-3	1	1.0	31	2	171	
poi-20-3	1	1.0	31	3	85	
poi-20-3	1	1.0	31	3	171	
poi-20-3	1	1.33	15	1	85	
poi-20-3	1	1.33	15	1	171	
poi-20-3	1	1.33	15	2	85	
poi-20-3	1	1.33	15	2	171	
poi-20-3	1	1.33	15	3	85	
poi-20-3	1	1.33	15	3	171	
poi-20-3	1	1.33	31	1	85	
poi-20-3	1	1.33	31	1	171	
poi-20-3	1	1.33	31	2	85	
poi-20-3	1	1.33	31	2	171	
poi-20-3	1	1.33	31	3	85	
poi-20-3	1	1.33	31	3	171	
poi-20-3	2	0.67	15	1	85	
poi-20-3	2	0.67	15	1	171	
poi-20-3	2	0.67	15	2	85	
poi-20-3	2	0.67	15	2	171	
poi-20-3	2	0.67	15	3	85	
poi-20-3	2	0.67	15	3	171	
poi-20-3	2	0.67	31	1	85	
poi-20-3	2	0.67	31	1	171	
poi-20-3	2	0.67	31	2	85	
poi-20-3	2	0.67	31	2	171	
poi-20-3	2	0.67	31	3	85	
poi-20-3	2	0.67	31	3	171	
poi-20-3	2	1.0	15	1	85	
poi-20-3	2	1.0	15	1	171	
poi-20-3	2	1.0	15	2	85	
poi-20-3	2	1.0	15	2	171	
poi-20-3	2	1.0	15	3	85	
poi-20-3	2	1.0	15	3	171	
poi-20-3	2	1.0	31	1	85	
poi-20-3	2	1.0	31	1	171	
poi-20-3	2	1.0	31	2	85	
poi-20-3	2	1.0	31	2	171	
poi-20-3	2	1.0	31	3	85	
poi-20-3	2	1.0	31	3	171	
poi-20-3	2	1.33	15	1	85	
poi-20-3	2	1.33	15	1	171	
poi-20-3	2	1.33	15	2	85	
poi-20-3	2	1.33	15	2	171	
poi-20-3	2	1.33	15	3	85	
poi-20-3	2	1.33	15	3	171	
poi-20-3	2	1.33	31	1	85	
poi-20-3	2	1.33	31	1	171	
poi-20-3	2	1.33	31	2	85	
poi-20-3	2	1.33	31	2	171	
poi-20-3	2	1.33	31	3	85	
poi-20-3	2	1.33	31	3	171	
poi-20-4	1	0.67	13	1	78	
poi-20-4	1	0.67	13	1	157	
poi-20-4	1	0.67	13	2	78	
poi-20-4	1	0.67	13	2	157	
poi-20-4	1	0.67	13	3	78	
poi-20-4	1	0.67	13	3	157	
poi-20-4	1	0.67	26	1	78	
poi-20-4	1	0.67	26	1	157	
poi-20-4	1	0.67	26	2	78	
poi-20-4	1	0.67	26	2	157	
poi-20-4	1	0.67	26	3	78	
poi-20-4	1	0.67	26	3	157	
poi-20-4	1	1.0	13	1	78	
poi-20-4	1	1.0	13	1	157	
poi-20-4	1	1.0	13	2	78	
poi-20-4	1	1.0	13	2	157	
poi-20-4	1	1.0	13	3	78	
poi-20-4	1	1.0	13	3	157	
poi-20-4	1	1.0	26	1	78	
poi-20-4	1	1.0	26	1	157	
poi-20-4	1	1.0	26	2	78	
poi-20-4	1	1.0	26	2	157	
poi-20-4	1	1.0	26	3	78	
poi-20-4	1	1.0	26	3	157	
poi-20-4	1	1.33	13	1	78	
poi-20-4	1	1.33	13	1	157	
poi-20-4	1	1.33	13	2	78	
poi-20-4	1	1.33	13	2	157	
poi-20-4	1	1.33	13	3	78	
poi-20-4	1	1.33	13	3	157	
poi-20-4	1	1.33	26	1	78	
poi-20-4	1	1.33	26	1	157	
poi-20-4	1	1.33	26	2	78	
poi-20-4	1	1.33	26	2	157	
poi-20-4	1	1.33	26	3	78	
poi-20-4	1	1.33	26	3	157	
poi-20-4	2	0.67	13	1	78	
poi-20-4	2	0.67	13	1	157	
poi-20-4	2	0.67	13	2	78	
poi-20-4	2	0.67	13	2	157	
poi-20-4	2	0.67	13	3	78	
poi-20-4	2	0.67	13	3	157	
poi-20-4	2	0.67	26	1	78	
poi-20-4	2	0.67	26	1	157	
poi-20-4	2	0.67	26	2	78	
poi-20-4	2	0.67	26	2	157	
poi-20-4	2	0.67	26	3	78	
poi-20-4	2	0.67	26	3	157	
poi-20-4	2	1.0	13	1	78	
poi-20-4	2	1.0	13	1	157	
poi-20-4	2	1.0	13	2	78	
poi-20-4	2	1.0	13	2	157	
poi-20-4	2	1.0	13	3	78	
poi-20-4	2	1.0	13	3	157	
poi-20-4	2	1.0	26	1	78	
poi-20-4	2	1.0	26	1	157	
poi-20-4	2	1.0	26	2	78	
poi-20-4	2	1.0	26	2	157	
poi-20-4	2	1.0	26	3	78	
poi-20-4	2	1.0	26	3	157	
poi-20-4	2	1.33	13	1	78	
poi-20-4	2	1.33	13	1	157	
poi-20-4	2	1.33	13	2	78	
poi-20-4	2	1.33	13	2	157	
poi-20-4	2	1.33	13	3	78	
poi-20-4	2	1.33	13	3	157	
poi-20-4	2	1.33	26	1	78	
poi-20-4	2	1.33	26	1	157	
poi-20-4	2	1.33	26	2	78	
poi-20-4	2	1.33	26	2	157	
poi-20-4	2	1.33	26	3	78	
poi-20-4	2	1.33	26	3	157	
poi-20-5	1	0.67	13	1	74	
poi-20-5	1	0.67	13	1	149	
poi-20-5	1	0.67	13	2	74	
poi-20-5	1	0.67	13	2	149	
poi-20-5	1	0.67	13	3	74	
poi-20-5	1	0.67	13	3	149	
poi-20-5	1	0.67	26	1	74	
poi-20-5	1	0.67	26	1	149	
poi-20-5	1	0.67	26	2	74	
poi-20-5	1	0.67	26	2	149	
poi-20-5	1	0.67	26	3	74	
poi-20-5	1	0.67	26	3	149	
poi-20-5	1	1.0	13	1	74	
poi-20-5	1	1.0	13	1	149	
poi-20-5	1	1.0	13	2	74	
poi-20-5	1	1.0	13	2	149	
poi-20-5	1	1.0	13	3	74	
poi-20-5	1	1.0	13	3	149	
poi-20-5	1	1.0	26	1	74	
poi-20-5	1	1.0	26	1	149	
poi-20-5	1	1.0	26	2	74	
poi-20-5	1	1.0	26	2	149	
poi-20-5	1	1.0	26	3	74	
poi-20-5	1	1.0	26	3	149	
poi-20-5	1	1.33	13	1	74	
poi-20-5	1	1.33	13	1	149	
poi-20-5	1	1.33	13	2	74	
poi-20-5	1	1.33	13	2	149	
poi-20-5	1	1.33	13	3	74	
poi-20-5	1	1.33	13	3	149	
poi-20-5	1	1.33	26	1	74	
poi-20-5	1	1.33	26	1	149	
poi-20-5	1	1.33	26	2	74	
poi-20-5	1	1.33	26	2	149	
poi-20-5	1	1.33	26	3	74	
poi-20-5	1	1.33	26	3	149	
poi-20-5	2	0.67	13	1	74	
poi-20-5	2	0.67	13	1	149	
poi-20-5	2	0.67	13	2	74	
poi-20-5	2	0.67	13	2	149	
poi-20-5	2	0.67	13	3	74	
poi-20-5	2	0.67	13	3	149	
poi-20-5	2	0.67	26	1	74	
poi-20-5	2	0.67	26	1	149	
poi-20-5	2	0.67	26	2	74	
poi-20-5	2	0.67	26	2	149	
poi-20-5	2	0.67	26	3	74	
poi-20-5	2	0.67	26	3	149	
poi-20-5	2	1.0	13	1	74	
poi-20-5	2	1.0	13	1	149	
poi-20-5	2	1.0	13	2	74	
poi-20-5	2	1.0	13	2	149	
poi-20-5	2	1.0	13	3	74	
poi-20-5	2	1.0	13	3	149	
poi-20-5	2	1.0	26	1	74	
poi-20-5	2	1.0	26	1	149	
poi-20-5	2	1.0	26	2	74	
poi-20-5	2	1.0	26	2	149	
poi-20-5	2	1.0	26	3	74	
poi-20-5	2	1.0	26	3	149	
poi-20-5	2	1.33	13	1	74	
poi-20-5	2	1.33	13	1	149	
poi-20-5	2	1.33	13	2	74	
poi-20-5	2	1.33	13	2	149	
poi-20-5	2	1.33	13	3	74	
poi-20-5	2	1.33	13	3	149	
poi-20-5	2	1.33	26	1	74	
poi-20-5	2	1.33	26	1	149	
poi-20-5	2	1.33	26	2	74	
poi-20-5	2	1.33	26	2	149	
poi-20-5	2	1.33	26	3	74	
poi-20-5	2	1.33	26	3	149	
poi-30-1	1	0.67	13	1	85	
poi-30-1	1	0.67	13	1	171	
poi-30-1	1	0.67	13	2	85	
poi-30-1	1	0.67	13	2	171	
poi-30-1	1	0.67	13	3	85	
poi-30-1	1	0.67	13	3	171	
poi-30-1	1	0.67	26	1	85	
poi-30-1	1	0.67	26	1	171	
poi-30-1	1	0.67	26	2	85	
poi-30-1	1	0.67	26	2	171	
poi-30-1	1	0.67	26	3	85	
poi-30-1	1	0.67	26	3	171	
poi-30-1	1	1.0	13	1	85	
poi-30-1	1	1.0	13	1	171	
poi-30-1	1	1.0	13	2	85	
poi-30-1	1	1.0	13	2	171	
poi-30-1	1	1.0	13	3	85	
poi-30-1	1	1.0	13	3	171	
poi-30-1	1	1.0	26	1	85	
poi-30-1	1	1.0	26	1	171	
poi-30-1	1	1.0	26	2	85	
poi-30-1	1	1.0	26	2	171	
poi-30-1	1	1.0	26	3	85	
poi-30-1	1	1.0	26	3	171	
poi-30-1	1	1.33	13	1	85	
poi-30-1	1	1.33	13	1	171	
poi-30-1	1	1.33	13	2	85	
poi-30-1	1	1.33	13	2	171	
poi-30-1	1	1.33	13	3	85	
poi-30-1	1	1.33	13	3	171	
poi-30-1	1	1.33	26	1	85	
poi-30-1	1	1.33	26	1	171	
poi-30-1	1	1.33	26	2	85	
poi-30-1	1	1.33	26	2	171	
poi-30-1	1	1.33	26	3	85	
poi-30-1	1	1.33	26	3	171	
poi-30-1	2	0.67	13	1	85	
poi-30-1	2	0.67	13	1	171	
poi-30-1	2	0.67	13	2	85	
poi-30-1	2	0.67	13	2	171	
poi-30-1	2	0.67	13	3	85	
poi-30-1	2	0.67	13	3	171	
poi-30-1	2	0.67	26	1	85	
poi-30-1	2	0.67	26	1	171	
poi-30-1	2	0.67	26	2	85	
poi-30-1	2	0.67	26	2	171	
poi-30-1	2	0.67	26	3	85	
poi-30-1	2	0.67	26	3	171	
poi-30-1	2	1.0	13	1	85	
poi-30-1	2	1.0	13	1	171	
poi-30-1	2	1.0	13	2	85	
poi-30-1	2	1.0	13	2	171	
poi-30-1	2	1.0	13	3	85	
poi-30-1	2	1.0	13	3	171	
poi-30-1	2	1.0	26	1	85	
poi-30-1	2	1.0	26	1	171	
poi-30-1	2	1.0	26	2	85	
poi-30-1	2	1.0	26	2	171	
poi-30-1	2	1.0	26	3	85	
poi-30-1	2	1.0	26	3	171	
poi-30-1	2	1.33	13	1	85	
poi-30-1	2	1.33	13	1	171	
poi-30-1	2	1.33	13	2	85	
poi-30-1	2	1.33	13	2	171	
poi-30-1	2	1.33	13	3	85	
poi-30-1	2	1.33	13	3	171	
poi-30-1	2	1.33	26	1	85	
poi-30-1	2	1.33	26	1	171	
poi-30-1	2	1.33	26	2	85	
poi-30-1	2	1.33	26	2	171	
poi-30-1	2	1.33	26	3	85	
poi-30-1	2	1.33	26	3	171	
poi-30-2	1	0.67	12	1	95	
poi-30-2	1	0.67	12	1	190	
poi-30-2	1	0.67	12	2	95	
poi-30-2	1	0.67	12	2	190	
poi-30-2	1	0.67	12	3	95	
poi-30-2	1	0.67	12	3	190	
poi-30-2	1	0.67	25	1	95	
poi-30-2	1	0.67	25	1	190	
poi-30-2	1	0.67	25	2	95	
poi-30-2	1	0.67	25	2	190	
poi-30-2	1	0.67	25	3	95	
poi-30-2	1	0.67	25	3	190	
poi-30-2	1	1.0	12	1	95	
poi-30-2	1	1.0	12	1	190	
poi-30-2	1	1.0	12	2	95	
poi-30-2	1	1.0	12	2	190	
poi-30-2	1	1.0	12	3	95	
poi-30-2	1	1.0	12	3	190	
poi-30-2	1	1.0	25	1	95	
poi-30-2	1	1.0	25	1	190	
poi-30-2	1	1.0	25	2	95	
poi-30-2	1	1.0	25	2	190	
poi-30-2	1	1.0	25	3	95	
poi-30-2	1	1.0	25	3	190	
poi-30-2	1	1.33	12	1	95	
poi-30-2	1	1.33	12	1	190	
poi-30-2	1	1.33	12	2	95	
poi-30-2	1	1.33	12	2	190	
poi-30-2	1	1.33	12	3	95	
poi-30-2	1	1.33	12	3	190	
poi-30-2	1	1.33	25	1	95	
poi-30-2	1	1.33	25	1	190	
poi-30-2	1	1.33	25	2	95	
poi-30-2	1	1.33	25	2	190	
poi-30-2	1	1.33	25	3	95	
poi-30-2	1	1.33	25	3	190	
poi-30-2	2	0.67	12	1	95	
poi-30-2	2	0.67	12	1	190	
poi-30-2	2	0.67	12	2	95	
poi-30-2	2	0.67	12	2	190	
poi-30-2	2	0.67	12	3	95	
poi-30-2	2	0.67	12	3	190	
poi-30-2	2	0.67	25	1	95	
poi-30-2	2	0.67	25	1	190	
poi-30-2	2	0.67	25	2	95	
poi-30-2	2	0.67	25	2	190	
poi-30-2	2	0.67	25	3	95	
poi-30-2	2	0.67	25	3	190	
poi-30-2	2	1.0	12	1	95	
poi-30-2	2	1.0	12	1	190	
poi-30-2	2	1.0	12	2	95	
poi-30-2	2	1.0	12	2	190	
poi-30-2	2	1.0	12	3	95	
poi-30-2	2	1.0	12	3	190	
poi-30-2	2	1.0	25	1	95	
poi-30-2	2	1.0	25	1	190	
poi-30-2	2	1.0	25	2	95	
poi-30-2	2	1.0	25	2	190	
poi-30-2	2	1.0	25	3	95	
poi-30-2	2	1.0	25	3	190	
poi-30-2	2	1.33	12	1	95	
poi-30-2	2	1.33	12	1	190	
poi-30-2	2	1.33	12	2	95	
poi-30-2	2	1.33	12	2	190	
poi-30-2	2	1.33	12	3	95	
poi-30-2	2	1.33	12	3	190	
poi-30-2	2	1.33	25	1	95	
poi-30-2	2	1.33	25	1	190	
poi-30-2	2	1.33	25	2	95	
poi-30-2	2	1.33	25	2	190	
poi-30-2	2	1.33	25	3	95	
poi-30-2	2	1.33	25	3	190	
poi-30-3	1	0.67	12	1	86	
poi-30-3	1	0.67	12	1	172	
poi-30-3	1	0.67	12	2	86	
poi-30-3	1	0.67	12	2	172	
poi-30-3	1	0.67	12	3	86	
poi-30-3	1	0.67	12	3	172	
poi-30-3	1	0.67	24	1	86	
poi-30-3	1	0.67	24	1	172	
poi-30-3	1	0.67	24	2	86	
poi-30-3	1	0.67	24	2	172	
poi-30-3	1	0.67	24	3	86	
poi-30-3	1	0.67	24	3	172	
poi-30-3	1	1.0	12	1	86	
poi-30-3	1	1.0	12	1	172	
poi-30-3	1	1.0	12	2	86	
poi-30-3	1	1.0	12	2	172	
poi-30-3	1	1.0	12	3	86	
poi-30-3	1	1.0	12	3	172	
poi-30-3	1	1.0	24	1	86	
poi-30-3	1	1.0	24	1	172	
poi-30-3	1	1.0	24	2	86	
poi-30-3	1	1.0	24	2	172	
poi-30-3	1	1.0	24	3	86	
poi-30-3	1	1.0	24	3	172	
poi-30-3	1	1.33	12	1	86	
poi-30-3	1	1.33	12	1	172	
poi-30-3	1	1.33	12	2	86	
poi-30-3	1	1.33	12	2	172	
poi-30-3	1	1.33	12	3	86	
poi-30-3	1	1.33	12	3	172	
poi-30-3	1	1.33	24	1	86	
poi-30-3	1	1.33	24	1	172	
poi-30-3	1	1.33	24	2	86	
poi-30-3	1	1.33	24	2	172	
poi-30-3	1	1.33	24	3	86	
poi-30-3	1	1.33	24	3	172	
poi-30-3	2	0.67	12	1	86	
poi-30-3	2	0.67	12	1	172	
poi-30-3	2	0.67	12	2	86	
poi-30-3	2	0.67	12	2	172	
poi-30-3	2	0.67	12	3	86	
poi-30-3	2	0.67	12	3	172	
poi-30-3	2	0.67	24	1	86	
poi-30-3	2	0.67	24	1	172	
poi-30-3	2	0.67	24	2	86	
poi-30-3	2	0.67	24	2	172	
poi-30-3	2	0.67	24	3	86	
poi-30-3	2	0.67	24	3	172	
poi-30-3	2	1.0	12	1	86	
poi-30-3	2	1.0	12	1	172	
poi-30-3	2	1.0	12	2	86	
poi-30-3	2	1.0	12	2	172	
poi-30-3	2	1.0	12	3	86	
poi-30-3	2	1.0	12	3	172	
poi-30-3	2	1.0	24	1	86	
poi-30-3	2	1.0	24	1	172	
poi-30-3	2	1.0	24	2	86	
poi-30-3	2	1.0	24	2	172	
poi-30-3	2	1.0	24	3	86	
poi-30-3	2	1.0	24	3	172	
poi-30-3	2	1.33	12	1	86	
poi-30-3	2	1.33	12	1	172	
poi-30-3	2	1.33	12	2	86	
poi-30-3	2	1.33	12	2	172	
poi-30-3	2	1.33	12	3	86	
poi-30-3	2	1.33	12	3	172	
poi-30-3	2	1.33	24	1	86	
poi-30-3	2	1.33	24	1	172	
poi-30-3	2	1.33	24	2	86	
poi-30-3	2	1.33	24	2	172	
poi-30-3	2	1.33	24	3	86	
poi-30-3	2	1.33	24	3	172	
poi-30-4	1	0.67	11	1	91	
poi-30-4	1	0.67	11	1	183	
poi-30-4	1	0.67	11	2	91	
poi-30-4	1	0.67	11	2	183	
poi-30-4	1	0.67	11	3	91	
poi-30-4	1	0.67	11	3	183	
poi-30-4	1	0.67	23	1	91	
poi-30-4	1	0.67	23	1	183	
poi-30-4	1	0.67	23	2	91	
poi-30-4	1	0.67	23	2	183	
poi-30-4	1	0.67	23	3	91	
poi-30-4	1	0.67	23	3	183	
poi-30-4	1	1.0	11	1	91	
poi-30-4	1	1.0	11	1	183	
poi-30-4	1	1.0	11	2	91	
poi-30-4	1	1.0	11	2	183	
poi-30-4	1	1.0	11	3	91	
poi-30-4	1	1.0	11	3	183	
poi-30-4	1	1.0	23	1	91	
poi-30-4	1	1.0	23	1	183	
poi-30-4	1	1.0	23	2	91	
poi-30-4	1	1.0	23	2	183	
poi-30-4	1	1.0	23	3	91	
poi-30-4	1	1.0	23	3	183	
poi-30-4	1	1.33	11	1	91	
poi-30-4	1	1.33	11	1	183	
poi-30-4	1	1.33	11	2	91	
poi-30-4	1	1.33	11	2	183	
poi-30-4	1	1.33	11	3	91	
poi-30-4	1	1.33	11	3	183	
poi-30-4	1	1.33	23	1	91	
poi-30-4	1	1.33	23	1	183	
poi-30-4	1	1.33	23	2	91	
poi-30-4	1	1.33	23	2	183	
poi-30-4	1	1.33	23	3	91	
poi-30-4	1	1.33	23	3	183	
poi-30-4	2	0.67	11	1	91	
poi-30-4	2	0.67	11	1	183	
poi-30-4	2	0.67	11	2	91	
poi-30-4	2	0.67	11	2	183	
poi-30-4	2	0.67	11	3	91	
poi-30-4	2	0.67	11	3	183	
poi-30-4	2	0.67	23	1	91	
poi-30-4	2	0.67	23	1	183	
poi-30-4	2	0.67	23	2	91	
poi-30-4	2	0.67	23	2	183	
poi-30-4	2	0.67	23	3	91	
poi-30-4	2	0.67	23	3	183	
poi-30-4	2	1.0	11	1	91	
poi-30-4	2	1.0	11	1	183	
poi-30-4	2	1.0	11	2	91	
poi-30-4	2	1.0	11	2	183	
poi-30-4	2	1.0	11	3	91	
poi-30-4	2	1.0	11	3	183	
poi-30-4	2	1.0	23	1	91	
poi-30-4	2	1.0	23	1	183	
poi-30-4	2	1.0	23	2	91	
poi-30-4	2	1.0	23	2	183	
poi-30-4	2	1.0	23	3	91	
poi-30-4	2	1.0	23	3	183	
poi-30-4	2	1.33	11	1	91	
poi-30-4	2	1.33	11	1	183	
poi-30-4	2	1.33	11	2	91	
poi-30-4	2	1.33	11	2	183	
poi-30-4	2	1.33	11	3	91	
poi-30-4	2	1.33	11	3	183	
poi-30-4	2	1.33	23	1	91	
poi-30-4	2	1.33	23	1	183	
poi-30-4	2	1.33	23	2	91	
poi-30-4	2	1.33	23	2	183	
poi-30-4	2	1.33	23	3	91	
poi-30-4	2	1.33	23	3	183	
poi-30-5	1	0.67	13	1	82	
poi-30-5	1	0.67	13	1	164	
poi-30-5	1	0.67	13	2	82	
poi-30-5	1	0.67	13	2	164	
poi-30-5	1	0.67	13	3	82	
poi-30-5	1	0.67	13	3	164	
poi-30-5	1	0.67	26	1	82	
poi-30-5	1	0.67	26	1	164	
poi-30-5	1	0.67	26	2	82	
poi-30-5	1	0.67	26	2	164	
poi-30-5	1	0.67	26	3	82	
poi-30-5	1	0.67	26	3	164	
poi-30-5	1	1.0	13	1	82	
poi-30-5	1	1.0	13	1	164	
poi-30-5	1	1.0	13	2	82	
poi-30-5	1	1.0	13	2	164	
poi-30-5	1	1.0	13	3	82	
poi-30-5	1	1.0	13	3	164	
poi-30-5	1	1.0	26	1	82	
poi-30-5	1	1.0	26	1	164	
poi-30-5	1	1.0	26	2	82	
poi-30-5	1	1.0	26	2	164	
poi-30-5	1	1.0	26	3	82	
poi-30-5	1	1.0	26	3	164	
poi-30-5	1	1.33	13	1	82	
poi-30-5	1	1.33	13	1	164	
poi-30-5	1	1.33	13	2	82	
poi-30-5	1	1.33	13	2	164	
poi-30-5	1	1.33	13	3	82	
poi-30-5	1	1.33	13	3	164	
poi-30-5	1	1.33	26	1	82	
poi-30-5	1	1.33	26	1	164	
poi-30-5	1	1.33	26	2	82	
poi-30-5	1	1.33	26	2	164	
poi-30-5	1	1.33	26	3	82	
poi-30-5	1	1.33	26	3	164	
poi-30-5	2	0.67	13	1	82	
poi-30-5	2	0.67	13	1	164	
poi-30-5	2	0.67	13	2	82	
poi-30-5	2	0.67	13	2	164	
poi-30-5	2	0.67	13	3	82	
poi-30-5	2	0.67	13	3	164	
poi-30-5	2	0.67	26	1	82	
poi-30-5	2	0.67	26	1	164	
poi-30-5	2	0.67	26	2	82	
poi-30-5	2	0.67	26	2	164	
poi-30-5	2	0.67	26	3	82	
poi-30-5	2	0.67	26	3	164	
poi-30-5	2	1.0	13	1	82	
poi-30-5	2	1.0	13	1	164	
poi-30-5	2	1.0	13	2	82	
poi-30-5	2	1.0	13	2	164	
poi-30-5	2	1.0	13	3	82	
poi-30-5	2	1.0	13	3	164	
poi-30-5	2	1.0	26	1	82	
poi-30-5	2	1.0	26	1	164	
poi-30-5	2	1.0	26	2	82	
poi-30-5	2	1.0	26	2	164	
poi-30-5	2	1.0	26	3	82	
poi-30-5	2	1.0	26	3	164	
poi-30-5	2	1.33	13	1	82	
poi-30-5	2	1.33	13	1	164	
poi-30-5	2	1.33	13	2	82	
poi-30-5	2	1.33	13	2	164	
poi-30-5	2	1.33	13	3	82	
poi-30-5	2	1.33	13	3	164	
poi-30-5	2	1.33	26	1	82	
poi-30-5	2	1.33	26	1	164	
poi-30-5	2	1.33	26	2	82	
poi-30-5	2	1.33	26	2	164	
poi-30-5	2	1.33	26	3	82	
poi-30-5	2	1.33	26	3	164	
poi-40-1	1	0.67	12	1	101	
poi-40-1	1	0.67	12	1	202	
poi-40-1	1	0.67	12	2	101	
poi-40-1	1	0.67	12	2	202	
poi-40-1	1	0.67	12	3	101	
poi-40-1	1	0.67	12	3	202	
poi-40-1	1	0.67	24	1	101	
poi-40-1	1	0.67	24	1	202	
poi-40-1	1	0.67	24	2	101	
poi-40-1	1	0.67	24	2	202	
poi-40-1	1	0.67	24	3	101	
poi-40-1	1	0.67	24	3	202	
poi-40-1	1	1.0	12	1	101	
poi-40-1	1	1.0	12	1	202	
poi-40-1	1	1.0	12	2	101	
poi-40-1	1	1.0	12	2	202	
poi-40-1	1	1.0	12	3	101	
poi-40-1	1	1.0	12	3	202	
poi-40-1	1	1.0	24	1	101	
poi-40-1	1	1.0	24	1	202	
poi-40-1	1	1.0	24	2	101	
poi-40-1	1	1.0	24	2	202	
poi-40-1	1	1.0	24	3	101	
poi-40-1	1	1.0	24	3	202	
poi-40-1	1	1.33	12	1	101	
poi-40-1	1	1.33	12	1	202	
poi-40-1	1	1.33	12	2	101	
poi-40-1	1	1.33	12	2	202	
poi-40-1	1	1.33	12	3	101	
poi-40-1	1	1.33	12	3	202	
poi-40-1	1	1.33	24	1	101	
poi-40-1	1	1.33	24	1	202	
poi-40-1	1	1.33	24	2	101	
poi-40-1	1	1.33	24	2	202	
poi-40-1	1	1.33	24	3	101	
poi-40-1	1	1.33	24	3	202	
poi-40-1	2	0.67	12	1	101	
poi-40-1	2	0.67	12	1	202	
poi-40-1	2	0.67	12	2	101	
poi-40-1	2	0.67	12	2	202	
poi-40-1	2	0.67	12	3	101	
poi-40-1	2	0.67	12	3	202	
poi-40-1	2	0.67	24	1	101	
poi-40-1	2	0.67	24	1	202	
poi-40-1	2	0.67	24	2	101	
poi-40-1	2	0.67	24	2	202	
poi-40-1	2	0.67	24	3	101	
poi-40-1	2	0.67	24	3	202	
poi-40-1	2	1.0	12	1	101	
poi-40-1	2	1.0	12	1	202	
poi-40-1	2	1.0	12	2	101	
poi-40-1	2	1.0	12	2	202	
poi-40-1	2	1.0	12	3	101	
poi-40-1	2	1.0	12	3	202	
poi-40-1	2	1.0	24	1	101	
poi-40-1	2	1.0	24	1	202	
poi-40-1	2	1.0	24	2	101	
poi-40-1	2	1.0	24	2	202	
poi-40-1	2	1.0	24	3	101	
poi-40-1	2	1.0	24	3	202	
poi-40-1	2	1.33	12	1	101	
poi-40-1	2	1.33	12	1	202	
poi-40-1	2	1.33	12	2	101	
poi-40-1	2	1.33	12	2	202	
poi-40-1	2	1.33	12	3	101	
poi-40-1	2	1.33	12	3	202	
poi-40-1	2	1.33	24	1	101	
poi-40-1	2	1.33	24	1	202	
poi-40-1	2	1.33	24	2	101	
poi-40-1	2	1.33	24	2	202	
poi-40-1	2	1.33	24	3	101	
poi-40-1	2	1.33	24	3	202	
poi-40-2	1	0.67	12	1	97	
poi-40-2	1	0.67	12	1	194	
poi-40-2	1	0.67	12	2	97	
poi-40-2	1	0.67	12	2	194	
poi-40-2	1	0.67	12	3	97	
poi-40-2	1	0.67	12	3	194	
poi-40-2	1	0.67	24	1	97	
poi-40-2	1	0.67	24	1	194	
poi-40-2	1	0.67	24	2	97	
poi-40-2	1	0.67	24	2	194	
poi-40-2	1	0.67	24	3	97	
poi-40-2	1	0.67	24	3	194	
poi-40-2	1	1.0	12	1	97	
poi-40-2	1	1.0	12	1	194	
poi-40-2	1	1.0	12	2	97	
poi-40-2	1	1.0	12	2	194	
poi-40-2	1	1.0	12	3	97	
poi-40-2	1	1.0	12	3	194	
poi-40-2	1	1.0	24	1	97	
poi-40-2	1	1.0	24	1	194	
poi-40-2	1	1.0	24	2	97	
poi-40-2	1	1.0	24	2	194	
poi-40-2	1	1.0	24	3	97	
poi-40-2	1	1.0	24	3	194	
poi-40-2	1	1.33	12	1	97	
poi-40-2	1	1.33	12	1	194	
poi-40-2	1	1.33	12	2	97	
poi-40-2	1	1.33	12	2	194	
poi-40-2	1	1.33	12	3	97	
poi-40-2	1	1.33	12	3	194	
poi-40-2	1	1.33	24	1	97	
poi-40-2	1	1.33	24	1	194	
poi-40-2	1	1.33	24	2	97	
poi-40-2	1	1.33	24	2	194	
poi-40-2	1	1.33	24	3	97	
poi-40-2	1	1.33	24	3	194	
poi-40-2	2	0.67	12	1	97	
poi-40-2	2	0.67	12	1	194	
poi-40-2	2	0.67	12	2	97	
poi-40-2	2	0.67	12	2	194	
poi-40-2	2	0.67	12	3	97	
poi-40-2	2	0.67	12	3	194	
poi-40-2	2	0.67	24	1	97	
poi-40-2	2	0.67	24	1	194	
poi-40-2	2	0.67	24	2	97	
poi-40-2	2	0.67	24	2	194	
poi-40-2	2	0.67	24	3	97	
poi-40-2	2	0.67	24	3	194	
poi-40-2	2	1.0	12	1	97	
poi-40-2	2	1.0	12	1	194	
poi-40-2	2	1.0	12	2	97	
poi-40-2	2	1.0	12	2	194	
poi-40-2	2	1.0	12	3	97	
poi-40-2	2	1.0	12	3	194	
poi-40-2	2	1.0	24	1	97	
poi-40-2	2	1.0	24	1	194	
poi-40-2	2	1.0	24	2	97	
poi-40-2	2	1.0	24	2	194	
poi-40-2	2	1.0	24	3	97	
poi-40-2	2	1.0	24	3	194	
poi-40-2	2	1.33	12	1	97	
poi-40-2	2	1.33	12	1	194	
poi-40-2	2	1.33	12	2	97	
poi-40-2	2	1.33	12	2	194	
poi-40-2	2	1.33	12	3	97	
poi-40-2	2	1.33	12	3	194	
poi-40-2	2	1.33	24	1	97	
poi-40-2	2	1.33	24	1	194	
poi-40-2	2	1.33	24	2	97	
poi-40-2	2	1.33	24	2	194	
poi-40-2	2	1.33	24	3	97	
poi-40-2	2	1.33	24	3	194	
poi-40-3	1	0.67	13	1	97	
poi-40-3	1	0.67	13	1	195	
poi-40-3	1	0.67	13	2	97	
poi-40-3	1	0.67	13	2	195	
poi-40-3	1	0.67	13	3	97	
poi-40-3	1	0.67	13	3	195	
poi-40-3	1	0.67	27	1	97	
poi-40-3	1	0.67	27	1	195	
poi-40-3	1	0.67	27	2	97	
poi-40-3	1	0.67	27	2	195	
poi-40-3	1	0.67	27	3	97	
poi-40-3	1	0.67	27	3	195	
poi-40-3	1	1.0	13	1	97	
poi-40-3	1	1.0	13	1	195	
poi-40-3	1	1.0	13	2	97	
poi-40-3	1	1.0	13	2	195	
poi-40-3	1	1.0	13	3	97	
poi-40-3	1	1.0	13	3	195	
poi-40-3	1	1.0	27	1	97	
poi-40-3	1	1.0	27	1	195	
poi-40-3	1	1.0	27	2	97	
poi-40-3	1	1.0	27	2	195	
poi-40-3	1	1.0	27	3	97	
poi-40-3	1	1.0	27	3	195	
poi-40-3	1	1.33	13	1	97	
poi-40-3	1	1.33	13	1	195	
poi-40-3	1	1.33	13	2	97	
poi-40-3	1	1.33	13	2	195	
poi-40-3	1	1.33	13	3	97	
poi-40-3	1	1.33	13	3	195	
poi-40-3	1	1.33	27	1	97	
poi-40-3	1	1.33	27	1	195	
poi-40-3	1	1.33	27	2	97	
poi-40-3	1	1.33	27	2	195	
poi-40-3	1	1.33	27	3	97	
poi-40-3	1	1.33	27	3	195	
poi-40-3	2	0.67	13	1	97	
poi-40-3	2	0.67	13	1	195	
poi-40-3	2	0.67	13	2	97	
poi-40-3	2	0.67	13	2	195	
poi-40-3	2	0.67	13	3	97	
poi-40-3	2	0.67	13	3	195	
poi-40-3	2	0.67	27	1	97	
poi-40-3	2	0.67	27	1	195	
poi-40-3	2	0.67	27	2	97	
poi-40-3	2	0.67	27	2	195	
poi-40-3	2	0.67	27	3	97	
poi-40-3	2	0.67	27	3	195	
poi-40-3	2	1.0	13	1	97	
poi-40-3	2	1.0	13	1	195	
poi-40-3	2	1.0	13	2	97	
poi-40-3	2	1.0	13	2	195	
poi-40-3	2	1.0	13	3	97	
poi-40-3	2	1.0	13	3	195	
poi-40-3	2	1.0	27	1	97	
poi-40-3	2	1.0	27	1	195	
poi-40-3	2	1.0	27	2	97	
poi-40-3	2	1.0	27	2	195	
poi-40-3	2	1.0	27	3	97	
poi-40-3	2	1.0	27	3	195	
poi-40-3	2	1.33	13	1	97	
poi-40-3	2	1.33	13	1	195	
poi-40-3	2	1.33	13	2	97	
poi-40-3	2	1.33	13	2	195	
poi-40-3	2	1.33	13	3	97	
poi-40-3	2	1.33	13	3	195	
poi-40-3	2	1.33	27	1	97	
poi-40-3	2	1.33	27	1	195	
poi-40-3	2	1.33	27	2	97	
poi-40-3	2	1.33	27	2	195	
poi-40-3	2	1.33	27	3	97	
poi-40-3	2	1.33	27	3	195	
poi-40-4	1	0.67	13	1	103	
poi-40-4	1	0.67	13	1	207	
poi-40-4	1	0.67	13	2	103	
poi-40-4	1	0.67	13	2	207	
poi-40-4	1	0.67	13	3	103	
poi-40-4	1	0.67	13	3	207	
poi-40-4	1	0.67	27	1	103	
poi-40-4	1	0.67	27	1	207	
poi-40-4	1	0.67	27	2	103	
poi-40-4	1	0.67	27	2	207	
poi-40-4	1	0.67	27	3	103	
poi-40-4	1	0.67	27	3	207	
poi-40-4	1	1.0	13	1	103	
poi-40-4	1	1.0	13	1	207	
poi-40-4	1	1.0	13	2	103	
poi-40-4	1	1.0	13	2	207	
poi-40-4	1	1.0	13	3	103	
poi-40-4	1	1.0	13	3	207	
poi-40-4	1	1.0	27	1	103	
poi-40-4	1	1.0	27	1	207	
poi-40-4	1	1.0	27	2	103	
poi-40-4	1	1.0	27	2	207	
poi-40-4	1	1.0	27	3	103	
poi-40-4	1	1.0	27	3	207	
poi-40-4	1	1.33	13	1	103	
poi-40-4	1	1.33	13	1	207	
poi-40-4	1	1.33	13	2	103	
poi-40-4	1	1.33	13	2	207	
poi-40-4	1	1.33	13	3	103	
poi-40-4	1	1.33	13	3	207	
poi-40-4	1	1.33	27	1	103	
poi-40-4	1	1.33	27	1	207	
poi-40-4	1	1.33	27	2	103	
poi-40-4	1	1.33	27	2	207	
poi-40-4	1	1.33	27	3	103	
poi-40-4	1	1.33	27	3	207	
poi-40-4	2	0.67	13	1	103	
poi-40-4	2	0.67	13	1	207	
poi-40-4	2	0.67	13	2	103	
poi-40-4	2	0.67	13	2	207	
poi-40-4	2	0.67	13	3	103	
poi-40-4	2	0.67	13	3	207	
poi-40-4	2	0.67	27	1	103	
poi-40-4	2	0.67	27	1	207	
poi-40-4	2	0.67	27	2	103	
poi-40-4	2	0.67	27	2	207	
poi-40-4	2	0.67	27	3	103	
poi-40-4	2	0.67	27	3	207	
poi-40-4	2	1.0	13	1	103	
poi-40-4	2	1.0	13	1	207	
poi-40-4	2	1.0	13	2	103	
poi-40-4	2	1.0	13	2	207	
poi-40-4	2	1.0	13	3	103	
poi-40-4	2	1.0	13	3	207	
poi-40-4	2	1.0	27	1	103	
poi-40-4	2	1.0	27	1	207	
poi-40-4	2	1.0	27	2	103	
poi-40-4	2	1.0	27	2	207	
poi-40-4	2	1.0	27	3	103	
poi-40-4	2	1.0	27	3	207	
poi-40-4	2	1.33	13	1	103	
poi-40-4	2	1.33	13	1	207	
poi-40-4	2	1.33	13	2	103	
poi-40-4	2	1.33	13	2	207	
poi-40-4	2	1.33	13	3	103	
poi-40-4	2	1.33	13	3	207	
poi-40-4	2	1.33	27	1	103	
poi-40-4	2	1.33	27	1	207	
poi-40-4	2	1.33	27	2	103	
poi-40-4	2	1.33	27	2	207	
poi-40-4	2	1.33	27	3	103	
poi-40-4	2	1.33	27	3	207	
poi-40-5	1	0.67	12	1	105	
poi-40-5	1	0.67	12	1	211	
poi-40-5	1	0.67	12	2	105	
poi-40-5	1	0.67	12	2	211	
poi-40-5	1	0.67	12	3	105	
poi-40-5	1	0.67	12	3	211	
poi-40-5	1	0.67	25	1	105	
poi-40-5	1	0.67	25	1	211	
poi-40-5	1	0.67	25	2	105	
poi-40-5	1	0.67	25	2	211	
poi-40-5	1	0.67	25	3	105	
poi-40-5	1	0.67	25	3	211	
poi-40-5	1	1.0	12	1	105	
poi-40-5	1	1.0	12	1	211	
poi-40-5	1	1.0	12	2	105	
poi-40-5	1	1.0	12	2	211	
poi-40-5	1	1.0	12	3	105	
poi-40-5	1	1.0	12	3	211	
poi-40-5	1	1.0	25	1	105	
poi-40-5	1	1.0	25	1	211	
poi-40-5	1	1.0	25	2	105	
poi-40-5	1	1.0	25	2	211	
poi-40-5	1	1.0	25	3	105	
poi-40-5	1	1.0	25	3	211	
poi-40-5	1	1.33	12	1	105	
poi-40-5	1	1.33	12	1	211	
poi-40-5	1	1.33	12	2	105	
poi-40-5	1	1.33	12	2	211	
poi-40-5	1	1.33	12	3	105	
poi-40-5	1	1.33	12	3	211	
poi-40-5	1	1.33	25	1	105	
poi-40-5	1	1.33	25	1	211	
poi-40-5	1	1.33	25	2	105	
poi-40-5	1	1.33	25	2	211	
poi-40-5	1	1.33	25	3	105	
poi-40-5	1	1.33	25	3	211	
poi-40-5	2	0.67	12	1	105	
poi-40-5	2	0.67	12	1	211	
poi-40-5	2	0.67	12	2	105	
poi-40-5	2	0.67	12	2	211	
poi-40-5	2	0.67	12	3	105	
poi-40-5	2	0.67	12	3	211	
poi-40-5	2	0.67	25	1	105	
poi-40-5	2	0.67	25	1	211	
poi-40-5	2	0.67	25	2	105	
poi-40-5	2	0.67	25	2	211	
poi-40-5	2	0.67	25	3	105	
poi-40-5	2	0.67	25	3	211	
poi-40-5	2	1.0	12	1	105	
poi-40-5	2	1.0	12	1	211	
poi-40-5	2	1.0	12	2	105	
poi-40-5	2	1.0	12	2	211	
poi-40-5	2	1.0	12	3	105	
poi-40-5	2	1.0	12	3	211	
poi-40-5	2	1.0	25	1	105	
poi-40-5	2	1.0	25	1	211	
poi-40-5	2	1.0	25	2	105	
poi-40-5	2	1.0	25	2	211	
poi-40-5	2	1.0	25	3	105	
poi-40-5	2	1.0	25	3	211	
poi-40-5	2	1.33	12	1	105	
poi-40-5	2	1.33	12	1	211	
poi-40-5	2	1.33	12	2	105	
poi-40-5	2	1.33	12	2	211	
poi-40-5	2	1.33	12	3	105	
poi-40-5	2	1.33	12	3	211	
poi-40-5	2	1.33	25	1	105	
poi-40-5	2	1.33	25	1	211	
poi-40-5	2	1.33	25	2	105	
poi-40-5	2	1.33	25	2	211	
poi-40-5	2	1.33	25	3	105	
poi-40-5	2	1.33	25	3	211	
poi-50-1	1	0.67	12	1	108	
poi-50-1	1	0.67	12	1	217	
poi-50-1	1	0.67	12	2	108	
poi-50-1	1	0.67	12	2	217	
poi-50-1	1	0.67	12	3	108	
poi-50-1	1	0.67	12	3	217	
poi-50-1	1	0.67	25	1	108	
poi-50-1	1	0.67	25	1	217	
poi-50-1	1	0.67	25	2	108	
poi-50-1	1	0.67	25	2	217	
poi-50-1	1	0.67	25	3	108	
poi-50-1	1	0.67	25	3	217	
poi-50-1	1	1.0	12	1	108	
poi-50-1	1	1.0	12	1	217	
poi-50-1	1	1.0	12	2	108	
poi-50-1	1	1.0	12	2	217	
poi-50-1	1	1.0	12	3	108	
poi-50-1	1	1.0	12	3	217	
poi-50-1	1	1.0	25	1	108	
poi-50-1	1	1.0	25	1	217	
poi-50-1	1	1.0	25	2	108	
poi-50-1	1	1.0	25	2	217	
poi-50-1	1	1.0	25	3	108	
poi-50-1	1	1.0	25	3	217	
poi-50-1	1	1.33	12	1	108	
poi-50-1	1	1.33	12	1	217	
poi-50-1	1	1.33	12	2	108	
poi-50-1	1	1.33	12	2	217	
poi-50-1	1	1.33	12	3	108	
poi-50-1	1	1.33	12	3	217	
poi-50-1	1	1.33	25	1	108	
poi-50-1	1	1.33	25	1	217	
poi-50-1	1	1.33	25	2	108	
poi-50-1	1	1.33	25	2	217	
poi-50-1	1	1.33	25	3	108	
poi-50-1	1	1.33	25	3	217	
poi-50-1	2	0.67	12	1	108	
poi-50-1	2	0.67	12	1	217	
poi-50-1	2	0.67	12	2	108	
poi-50-1	2	0.67	12	2	217	
poi-50-1	2	0.67	12	3	108	
poi-50-1	2	0.67	12	3	217	
poi-50-1	2	0.67	25	1	108	
poi-50-1	2	0.67	25	1	217	
poi-50-1	2	0.67	25	2	108	
poi-50-1	2	0.67	25	2	217	
poi-50-1	2	0.67	25	3	108	
poi-50-1	2	0.67	25	3	217	
poi-50-1	2	1.0	12	1	108	
poi-50-1	2	1.0	12	1	217	
poi-50-1	2	1.0	12	2	108	
poi-50-1	2	1.0	12	2	217	
poi-50-1	2	1.0	12	3	108	
poi-50-1	2	1.0	12	3	217	
poi-50-1	2	1.0	25	1	108	
poi-50-1	2	1.0	25	1	217	
poi-50-1	2	1.0	25	2	108	
poi-50-1	2	1.0	25	2	217	
poi-50-1	2	1.0	25	3	108	
poi-50-1	2	1.0	25	3	217	
poi-50-1	2	1.33	12	1	108	
poi-50-1	2	1.33	12	1	217	
poi-50-1	2	1.33	12	2	108	
poi-50-1	2	1.33	12	2	217	
poi-50-1	2	1.33	12	3	108	
poi-50-1	2	1.33	12	3	217	
poi-50-1	2	1.33	25	1	108	
poi-50-1	2	1.33	25	1	217	
poi-50-1	2	1.33	25	2	108	
poi-50-1	2	1.33	25	2	217	
poi-50-1	2	1.33	25	3	108	
poi-50-1	2	1.33	25	3	217	
poi-50-2	1	0.67	12	1	112	
poi-50-2	1	0.67	12	1	225	
poi-50-2	1	0.67	12	2	112	
poi-50-2	1	0.67	12	2	225	
poi-50-2	1	0.67	12	3	112	
poi-50-2	1	0.67	12	3	225	
poi-50-2	1	0.67	24	1	112	
poi-50-2	1	0.67	24	1	225	
poi-50-2	1	0.67	24	2	112	
poi-50-2	1	0.67	24	2	225	
poi-50-2	1	0.67	24	3	112	
poi-50-2	1	0.67	24	3	225	
poi-50-2	1	1.0	12	1	112	
poi-50-2	1	1.0	12	1	225	
poi-50-2	1	1.0	12	2	112	
poi-50-2	1	1.0	12	2	225	
poi-50-2	1	1.0	12	3	112	
poi-50-2	1	1.0	12	3	225	
poi-50-2	1	1.0	24	1	112	
poi-50-2	1	1.0	24	1	225	
poi-50-2	1	1.0	24	2	112	
poi-50-2	1	1.0	24	2	225	
poi-50-2	1	1.0	24	3	112	
poi-50-2	1	1.0	24	3	225	
poi-50-2	1	1.33	12	1	112	
poi-50-2	1	1.33	12	1	225	
poi-50-2	1	1.33	12	2	112	
poi-50-2	1	1.33	12	2	225	
poi-50-2	1	1.33	12	3	112	
poi-50-2	1	1.33	12	3	225	
poi-50-2	1	1.33	24	1	112	
poi-50-2	1	1.33	24	1	225	
poi-50-2	1	1.33	24	2	112	
poi-50-2	1	1.33	24	2	225	
poi-50-2	1	1.33	24	3	112	
poi-50-2	1	1.33	24	3	225	
poi-50-2	2	0.67	12	1	112	
poi-50-2	2	0.67	12	1	225	
poi-50-2	2	0.67	12	2	112	
poi-50-2	2	0.67	12	2	225	
poi-50-2	2	0.67	12	3	112	
poi-50-2	2	0.67	12	3	225	
poi-50-2	2	0.67	24	1	112	
poi-50-2	2	0.67	24	1	225	
poi-50-2	2	0.67	24	2	112	
poi-50-2	2	0.67	24	2	225	
poi-50-2	2	0.67	24	3	112	
poi-50-2	2	0.67	24	3	225	
poi-50-2	2	1.0	12	1	112	
poi-50-2	2	1.0	12	1	225	
poi-50-2	2	1.0	12	2	112	
poi-50-2	2	1.0	12	2	225	
poi-50-2	2	1.0	12	3	112	
poi-50-2	2	1.0	12	3	225	
poi-50-2	2	1.0	24	1	112	
poi-50-2	2	1.0	24	1	225	
poi-50-2	2	1.0	24	2	112	
poi-50-2	2	1.0	24	2	225	
poi-50-2	2	1.0	24	3	112	
poi-50-2	2	1.0	24	3	225	
poi-50-2	2	1.33	12	1	112	
poi-50-2	2	1.33	12	1	225	
poi-50-2	2	1.33	12	2	112	
poi-50-2	2	1.33	12	2	225	
poi-50-2	2	1.33	12	3	112	
poi-50-2	2	1.33	12	3	225	
poi-50-2	2	1.33	24	1	112	
poi-50-2	2	1.33	24	1	225	
poi-50-2	2	1.33	24	2	112	
poi-50-2	2	1.33	24	2	225	
poi-50-2	2	1.33	24	3	112	
poi-50-2	2	1.33	24	3	225	
poi-50-3	1	0.67	13	1	109	
poi-50-3	1	0.67	13	1	218	
poi-50-3	1	0.67	13	2	109	
poi-50-3	1	0.67	13	2	218	
poi-50-3	1	0.67	13	3	109	
poi-50-3	1	0.67	13	3	218	
poi-50-3	1	0.67	26	1	109	
poi-50-3	1	0.67	26	1	218	
poi-50-3	1	0.67	26	2	109	
poi-50-3	1	0.67	26	2	218	
poi-50-3	1	0.67	26	3	109	
poi-50-3	1	0.67	26	3	218	
poi-50-3	1	1.0	13	1	109	
poi-50-3	1	1.0	13	1	218	
poi-50-3	1	1.0	13	2	109	
poi-50-3	1	1.0	13	2	218	
poi-50-3	1	1.0	13	3	109	
poi-50-3	1	1.0	13	3	218	
poi-50-3	1	1.0	26	1	109	
poi-50-3	1	1.0	26	1	218	
poi-50-3	1	1.0	26	2	109	
poi-50-3	1	1.0	26	2	218	
poi-50-3	1	1.0	26	3	109	
poi-50-3	1	1.0	26	3	218	
poi-50-3	1	1.33	13	1	109	
poi-50-3	1	1.33	13	1	218	
poi-50-3	1	1.33	13	2	109	
poi-50-3	1	1.33	13	2	218	
poi-50-3	1	1.33	13	3	109	
poi-50-3	1	1.33	13	3	218	
poi-50-3	1	1.33	26	1	109	
poi-50-3	1	1.33	26	1	218	
poi-50-3	1	1.33	26	2	109	
poi-50-3	1	1.33	26	2	218	
poi-50-3	1	1.33	26	3	109	
poi-50-3	1	1.33	26	3	218	
poi-50-3	2	0.67	13	1	109	
poi-50-3	2	0.67	13	1	218	
poi-50-3	2	0.67	13	2	109	
poi-50-3	2	0.67	13	2	218	
poi-50-3	2	0.67	13	3	109	
poi-50-3	2	0.67	13	3	218	
poi-50-3	2	0.67	26	1	109	
poi-50-3	2	0.67	26	1	218	
poi-50-3	2	0.67	26	2	109	
poi-50-3	2	0.67	26	2	218	
poi-50-3	2	0.67	26	3	109	
poi-50-3	2	0.67	26	3	218	
poi-50-3	2	1.0	13	1	109	
poi-50-3	2	1.0	13	1	218	
poi-50-3	2	1.0	13	2	109	
poi-50-3	2	1.0	13	2	218	
poi-50-3	2	1.0	13	3	109	
poi-50-3	2	1.0	13	3	218	
poi-50-3	2	1.0	26	1	109	
poi-50-3	2	1.0	26	1	218	
poi-50-3	2	1.0	26	2	109	
poi-50-3	2	1.0	26	2	218	
poi-50-3	2	1.0	26	3	109	
poi-50-3	2	1.0	26	3	218	
poi-50-3	2	1.33	13	1	109	
poi-50-3	2	1.33	13	1	218	
poi-50-3	2	1.33	13	2	109	
poi-50-3	2	1.33	13	2	218	
poi-50-3	2	1.33	13	3	109	
poi-50-3	2	1.33	13	3	218	
poi-50-3	2	1.33	26	1	109	
poi-50-3	2	1.33	26	1	218	
poi-50-3	2	1.33	26	2	109	
poi-50-3	2	1.33	26	2	218	
poi-50-3	2	1.33	26	3	109	
poi-50-3	2	1.33	26	3	218	
poi-50-4	1	0.67	13	1	108	
poi-50-4	1	0.67	13	1	216	
poi-50-4	1	0.67	13	2	108	
poi-50-4	1	0.67	13	2	216	
poi-50-4	1	0.67	13	3	108	
poi-50-4	1	0.67	13	3	216	
poi-50-4	1	0.67	27	1	108	
poi-50-4	1	0.67	27	1	216	
poi-50-4	1	0.67	27	2	108	
poi-50-4	1	0.67	27	2	216	
poi-50-4	1	0.67	27	3	108	
poi-50-4	1	0.67	27	3	216	
poi-50-4	1	1.0	13	1	108	
poi-50-4	1	1.0	13	1	216	
poi-50-4	1	1.0	13	2	108	
poi-50-4	1	1.0	13	2	216	
poi-50-4	1	1.0	13	3	108	
poi-50-4	1	1.0	13	3	216	
poi-50-4	1	1.0	27	1	108	
poi-50-4	1	1.0	27	1	216	
poi-50-4	1	1.0	27	2	108	
poi-50-4	1	1.0	27	2	216	
poi-50-4	1	1.0	27	3	108	
poi-50-4	1	1.0	27	3	216	
poi-50-4	1	1.33	13	1	108	
poi-50-4	1	1.33	13	1	216	
poi-50-4	1	1.33	13	2	108	
poi-50-4	1	1.33	13	2	216	
poi-50-4	1	1.33	13	3	108	
poi-50-4	1	1.33	13	3	216	
poi-50-4	1	1.33	27	1	108	
poi-50-4	1	1.33	27	1	216	
poi-50-4	1	1.33	27	2	108	
poi-50-4	1	1.33	27	2	216	
poi-50-4	1	1.33	27	3	108	
poi-50-4	1	1.33	27	3	216	
poi-50-4	2	0.67	13	1	108	
poi-50-4	2	0.67	13	1	216	
poi-50-4	2	0.67	13	2	108	
poi-50-4	2	0.67	13	2	216	
poi-50-4	2	0.67	13	3	108	
poi-50-4	2	0.67	13	3	216	
poi-50-4	2	0.67	27	1	108	
poi-50-4	2	0.67	27	1	216	
poi-50-4	2	0.67	27	2	108	
poi-50-4	2	0.67	27	2	216	
poi-50-4	2	0.67	27	3	108	
poi-50-4	2	0.67	27	3	216	
poi-50-4	2	1.0	13	1	108	
poi-50-4	2	1.0	13	1	216	
poi-50-4	2	1.0	13	2	108	
poi-50-4	2	1.0	13	2	216	
poi-50-4	2	1.0	13	3	108	
poi-50-4	2	1.0	13	3	216	
poi-50-4	2	1.0	27	1	108	
poi-50-4	2	1.0	27	1	216	
poi-50-4	2	1.0	27	2	108	
poi-50-4	2	1.0	27	2	216	
poi-50-4	2	1.0	27	3	108	
poi-50-4	2	1.0	27	3	216	
poi-50-4	2	1.33	13	1	108	
poi-50-4	2	1.33	13	1	216	
poi-50-4	2	1.33	13	2	108	
poi-50-4	2	1.33	13	2	216	
poi-50-4	2	1.33	13	3	108	
poi-50-4	2	1.33	13	3	216	
poi-50-4	2	1.33	27	1	108	
poi-50-4	2	1.33	27	1	216	
poi-50-4	2	1.33	27	2	108	
poi-50-4	2	1.33	27	2	216	
poi-50-4	2	1.33	27	3	108	
poi-50-4	2	1.33	27	3	216	
poi-50-5	1	0.67	11	1	111	
poi-50-5	1	0.67	11	1	222	
poi-50-5	1	0.67	11	2	111	
poi-50-5	1	0.67	11	2	222	
poi-50-5	1	0.67	11	3	111	
poi-50-5	1	0.67	11	3	222	
poi-50-5	1	0.67	23	1	111	
poi-50-5	1	0.67	23	1	222	
poi-50-5	1	0.67	23	2	111	
poi-50-5	1	0.67	23	2	222	
poi-50-5	1	0.67	23	3	111	
poi-50-5	1	0.67	23	3	222	
poi-50-5	1	1.0	11	1	111	
poi-50-5	1	1.0	11	1	222	
poi-50-5	1	1.0	11	2	111	
poi-50-5	1	1.0	11	2	222	
poi-50-5	1	1.0	11	3	111	
poi-50-5	1	1.0	11	3	222	
poi-50-5	1	1.0	23	1	111	
poi-50-5	1	1.0	23	1	222	
poi-50-5	1	1.0	23	2	111	
poi-50-5	1	1.0	23	2	222	
poi-50-5	1	1.0	23	3	111	
poi-50-5	1	1.0	23	3	222	
poi-50-5	1	1.33	11	1	111	
poi-50-5	1	1.33	11	1	222	
poi-50-5	1	1.33	11	2	111	
poi-50-5	1	1.33	11	2	222	
poi-50-5	1	1.33	11	3	111	
poi-50-5	1	1.33	11	3	222	
poi-50-5	1	1.33	23	1	111	
poi-50-5	1	1.33	23	1	222	
poi-50-5	1	1.33	23	2	111	
poi-50-5	1	1.33	23	2	222	
poi-50-5	1	1.33	23	3	111	
poi-50-5	1	1.33	23	3	222	
poi-50-5	2	0.67	11	1	111	
poi-50-5	2	0.67	11	1	222	
poi-50-5	2	0.67	11	2	111	
poi-50-5	2	0.67	11	2	222	
poi-50-5	2	0.67	11	3	111	
poi-50-5	2	0.67	11	3	222	
poi-50-5	2	0.67	23	1	111	
poi-50-5	2	0.67	23	1	222	
poi-50-5	2	0.67	23	2	111	
poi-50-5	2	0.67	23	2	222	
poi-50-5	2	0.67	23	3	111	
poi-50-5	2	0.67	23	3	222	
poi-50-5	2	1.0	11	1	111	
poi-50-5	2	1.0	11	1	222	
poi-50-5	2	1.0	11	2	111	
poi-50-5	2	1.0	11	2	222	
poi-50-5	2	1.0	11	3	111	
poi-50-5	2	1.0	11	3	222	
poi-50-5	2	1.0	23	1	111	
poi-50-5	2	1.0	23	1	222	
poi-50-5	2	1.0	23	2	111	
poi-50-5	2	1.0	23	2	222	
poi-50-5	2	1.0	23	3	111	
poi-50-5	2	1.0	23	3	222	
poi-50-5	2	1.33	11	1	111	
poi-50-5	2	1.33	11	1	222	
poi-50-5	2	1.33	11	2	111	
poi-50-5	2	1.33	11	2	222	
poi-50-5	2	1.33	11	3	111	
poi-50-5	2	1.33	11	3	222	
poi-50-5	2	1.33	23	1	111	
poi-50-5	2	1.33	23	1	222	
poi-50-5	2	1.33	23	2	111	
poi-50-5	2	1.33	23	2	222	
poi-50-5	2	1.33	23	3	111	
poi-50-5	2	1.33	23	3	222	
