InstanceName	alpha	beta	L	m	Tmax	ObjValue	CpuTime	IterToBest	TimeToBest
poi-50-1	1	1	12	1	108	997	0.5001278	5000	0.5001278
poi-50-1	1	1	12	1	217	1927	0.7648287	5000	0.7648287
poi-50-1	1	1	12	2	108	1026	0.3333324	5000	0.3333324
poi-50-1	1	1	12	2	217	2012	0.777334	5000	0.777334
poi-50-1	1	1	12	3	108	1026	0.339221	5000	0.339221
poi-50-1	1	1	12	3	217	2009	0.7643536	5000	0.7643536
poi-50-1	1	1	25	1	108	1097	0.3755547	5000	0.3755547
poi-50-1	1	1	25	1	217	2110	0.9122839	5000	0.9122839
poi-50-1	1	1	25	2	108	1136	0.3851718	5000	0.3851718
poi-50-1	1	1	25	2	217	2186	0.906823	5000	0.906823
poi-50-1	1	1	25	3	108	1164	0.4426616	5000	0.4426616
poi-50-1	1	1	25	3	217	2366	0.9255129	5000	0.9255129
poi-50-2	1	1	12	1	112	1522	0.477348	5000	0.477348
poi-50-2	1	1	12	1	225	2103	0.9275555	5000	0.9275555
poi-50-2	1	1	12	2	112	1529	0.4390683	5000	0.4390683
poi-50-2	1	1	12	2	225	2103	0.9076375	5000	0.9076375
poi-50-2	1	1	12	3	112	1529	0.4418076	5000	0.4418076
poi-50-2	1	1	12	3	225	2103	0.8956562	5000	0.8956562
poi-50-2	1	1	24	1	112	1522	0.5115604	5000	0.5115604
poi-50-2	1	1	24	1	225	2138	1.0096699	5000	1.0096699
poi-50-2	1	1	24	2	112	1617	0.5217577	5000	0.5217577
poi-50-2	1	1	24	2	225	2209	0.95061	5000	0.95061
poi-50-2	1	1	24	3	112	1617	0.5576288	5000	0.5576288
poi-50-2	1	1	24	3	225	2280	0.9550933	5000	0.9550933
poi-50-3	1	1	13	1	109	1088	0.4251337	5000	0.4251337
poi-50-3	1	1	13	1	218	1961	0.8371114	5000	0.8371114
poi-50-3	1	1	13	2	109	1101	0.3997959	5000	0.3997959
poi-50-3	1	1	13	2	218	2009	0.830801	5000	0.830801
poi-50-3	1	1	13	3	109	1151	0.411014	5000	0.411014
poi-50-3	1	1	13	3	218	2004	0.8104417	5000	0.8104417
poi-50-3	1	1	26	1	109	1166	0.44531	5000	0.44531
poi-50-3	1	1	26	1	218	2044	1.0099371	5000	1.0099371
poi-50-3	1	1	26	2	109	1166	0.4521001	5000	0.4521001
poi-50-3	1	1	26	2	218	2164	0.9072546	5000	0.9072546
poi-50-3	1	1	26	3	109	1257	0.4948818	5000	0.4948818
poi-50-3	1	1	26	3	218	2274	0.8929566	5000	0.8929566
poi-50-4	1	1	13	1	108	838	0.3085441	5000	0.3085441
poi-50-4	1	1	13	1	216	1699	0.7508338	5000	0.7508338
poi-50-4	1	1	13	2	108	838	0.3081096	5000	0.3081096
poi-50-4	1	1	13	2	216	1733	0.725189	5000	0.725189
poi-50-4	1	1	13	3	108	853	0.3240654	5000	0.3240654
poi-50-4	1	1	13	3	216	1748	0.7747176	5000	0.7747176
poi-50-4	1	1	27	1	108	902	0.3398779	5000	0.3398779
poi-50-4	1	1	27	1	216	1758	0.7998997	5000	0.7998997
poi-50-4	1	1	27	2	108	963	0.3755989	5000	0.3755989
poi-50-4	1	1	27	2	216	2103	0.8107213	5000	0.8107213
poi-50-4	1	1	27	3	108	1018	0.4492687	5000	0.4492687
poi-50-4	1	1	27	3	216	2179	0.8506251	5000	0.8506251
poi-50-5	1	1	11	1	111	1305	0.4181037	5000	0.4181037
poi-50-5	1	1	11	1	222	2093	0.8754824	5000	0.8754824
poi-50-5	1	1	11	2	111	1286	0.4145216	5000	0.4145216
poi-50-5	1	1	11	2	222	2132	0.8737372	5000	0.8737372
poi-50-5	1	1	11	3	111	1329	0.42392	5000	0.42392
poi-50-5	1	1	11	3	222	2135	0.8203707	5000	0.8203707
poi-50-5	1	1	23	1	111	1339	0.4940186	5000	0.4940186
poi-50-5	1	1	23	1	222	2102	0.9654586	5000	0.9654586
poi-50-5	1	1	23	2	111	1417	0.5070453	5000	0.5070453
poi-50-5	1	1	23	2	222	2221	0.9326879	5000	0.9326879
poi-50-5	1	1	23	3	111	1461	0.5354516	5000	0.5354516
poi-50-5	1	1	23	3	222	2276	0.9533311	5000	0.9533311
r-75-1	1	1	12	1	131	1932	1.0672285	5000	1.0672285
r-75-1	1	1	12	1	263	3278	2.5784543	5000	2.5784543
r-75-1	1	1	12	2	131	2079	1.0329551	5000	1.0329551
r-75-1	1	1	12	2	263	3382	2.5719215	5000	2.5719215
r-75-1	1	1	12	3	131	2073	1.0378037	5000	1.0378037
r-75-1	1	1	12	3	263	3500	2.5031203	5000	2.5031203
r-75-1	1	1	24	1	131	1906	1.2087849	5000	1.2087849
r-75-1	1	1	24	1	263	3233	2.9254858	5000	2.9254858
r-75-1	1	1	24	2	131	2066	1.2391117	5000	1.2391117
r-75-1	1	1	24	2	263	3540	2.8860314	5000	2.8860314
r-75-1	1	1	24	3	131	2219	1.321612	5000	1.321612
r-75-1	1	1	24	3	263	3569	2.8001013	5000	2.8001013
r-75-2	1	1	12	1	127	1827	1.2373498	5000	1.2373498
r-75-2	1	1	12	1	254	3205	2.5484377	5000	2.5484377
r-75-2	1	1	12	2	127	1895	1.1527106	5000	1.1527106
r-75-2	1	1	12	2	254	3339	2.3830276	5000	2.3830276
r-75-2	1	1	12	3	127	1931	1.1757753	5000	1.1757753
r-75-2	1	1	12	3	254	3352	2.4137602	5000	2.4137602
r-75-2	1	1	24	1	127	1816	1.3817175	5000	1.3817175
r-75-2	1	1	24	1	254	3201	2.9398895	5000	2.9398895
r-75-2	1	1	24	2	127	1882	1.4274005	5000	1.4274005
r-75-2	1	1	24	2	254	3318	2.9256316	5000	2.9256316
r-75-2	1	1	24	3	127	2005	1.4925975	5000	1.4925975
r-75-2	1	1	24	3	254	3495	2.8704404	5000	2.8704404
r-75-3	1	1	13	1	131	1816	1.0050848	5000	1.0050848
r-75-3	1	1	13	1	262	3191	2.5249716	5000	2.5249716
r-75-3	1	1	13	2	131	1921	0.9772365	5000	0.9772365
r-75-3	1	1	13	2	262	3271	2.4799941	5000	2.4799941
r-75-3	1	1	13	3	131	1906	0.9582819	5000	0.9582819
r-75-3	1	1	13	3	262	3220	2.3589704	5000	2.3589704
r-75-3	1	1	26	1	131	1900	1.1332593	5000	1.1332593
r-75-3	1	1	26	1	262	3112	2.8379347	5000	2.8379347
r-75-3	1	1	26	2	131	2016	1.1833976	5000	1.1833976
r-75-3	1	1	26	2	262	3298	2.8639306	5000	2.8639306
r-75-3	1	1	26	3	131	2187	1.2437937	5000	1.2437937
r-75-3	1	1	26	3	262	3517	2.8625929	5000	2.8625929
r-75-4	1	1	12	1	133	1860	1.07584	5000	1.07584
r-75-4	1	1	12	1	266	3248	2.55083	5000	2.55083
r-75-4	1	1	12	2	133	1972	1.0402529	5000	1.0402529
r-75-4	1	1	12	2	266	3302	2.4812848	5000	2.4812848
r-75-4	1	1	12	3	133	1948	1.0308936	5000	1.0308936
r-75-4	1	1	12	3	266	3372	2.4522299	5000	2.4522299
r-75-4	1	1	24	1	133	1965	1.2739796	5000	1.2739796
r-75-4	1	1	24	1	266	3254	2.8731281	5000	2.8731281
r-75-4	1	1	24	2	133	2071	1.3092636	5000	1.3092636
r-75-4	1	1	24	2	266	3256	2.9493904	5000	2.9493904
r-75-4	1	1	24	3	133	2210	1.399557	5000	1.399557
r-75-4	1	1	24	3	266	3466	2.9177607	5000	2.9177607
r-75-5	1	1	12	1	124	1683	0.9184348	5000	0.9184348
r-75-5	1	1	12	1	249	3220	2.5164224	5000	2.5164224
r-75-5	1	1	12	2	124	1803	0.8844341	5000	0.8844341
r-75-5	1	1	12	2	249	3366	2.3729866	5000	2.3729866
r-75-5	1	1	12	3	124	1833	0.8797378	5000	0.8797378
r-75-5	1	1	12	3	249	3454	2.4129111	5000	2.4129111
r-75-5	1	1	25	1	124	1719	1.0150463	5000	1.0150463
r-75-5	1	1	25	1	249	3144	2.7114747	5000	2.7114747
r-75-5	1	1	25	2	124	1809	1.0294462	5000	1.0294462
r-75-5	1	1	25	2	249	3297	2.692576	5000	2.692576
r-75-5	1	1	25	3	124	1900	1.0706772	5000	1.0706772
r-75-5	1	1	25	3	249	3485	2.6835986	5000	2.6835986
r-100-1	1	1	12	1	146	2547	2.4585735	5000	2.4585735
r-100-1	1	1	12	1	292	4408	6.6151201	5000	6.6151201
r-100-1	1	1	12	2	146	2694	2.3703833	5000	2.3703833
r-100-1	1	1	12	2	292	4654	6.3477751	5000	6.3477751
r-100-1	1	1	12	3	146	2826	2.3586587	5000	2.3586587
r-100-1	1	1	12	3	292	4920	6.179503	5000	6.179503
r-100-1	1	1	25	1	146	2464	2.648106	5000	2.648106
r-100-1	1	1	25	1	292	4329	6.9879341	5000	6.9879341
r-100-1	1	1	25	2	146	2675	2.721745	5000	2.721745
r-100-1	1	1	25	2	292	4528	7.188589	5000	7.188589
r-100-1	1	1	25	3	146	2729	2.847489	5000	2.847489
r-100-1	1	1	25	3	292	4821	7.3078531	5000	7.3078531
r-100-2	1	1	12	1	139	2568	2.1289043	5000	2.1289043
r-100-2	1	1	12	1	278	4203	5.6509615	5000	5.6509615
r-100-2	1	1	12	2	139	2621	1.9928083	5000	1.9928083
r-100-2	1	1	12	2	278	4428	5.3295444	5000	5.3295444
r-100-2	1	1	12	3	139	2804	1.9816628	5000	1.9816628
r-100-2	1	1	12	3	278	4631	5.4402378	5000	5.4402378
r-100-2	1	1	25	1	139	2640	2.3461665	5000	2.3461665
r-100-2	1	1	25	1	278	4056	6.0434903	5000	6.0434903
r-100-2	1	1	25	2	139	2642	2.4606909	5000	2.4606909
r-100-2	1	1	25	2	278	4477	6.2024976	5000	6.2024976
r-100-2	1	1	25	3	139	2749	2.5645073	5000	2.5645073
r-100-2	1	1	25	3	278	4349	6.386146	5000	6.386146
r-100-3	1	1	12	1	145	2374	2.2040213	5000	2.2040213
r-100-3	1	1	12	1	290	4472	6.2145946	5000	6.2145946
r-100-3	1	1	12	2	145	2529	2.1297156	5000	2.1297156
r-100-3	1	1	12	2	290	4559	5.7550284	5000	5.7550284
r-100-3	1	1	12	3	145	2599	2.1155552	5000	2.1155552
r-100-3	1	1	12	3	290	4722	5.7346941	5000	5.7346941
r-100-3	1	1	25	1	145	2287	2.4786433	5000	2.4786433
r-100-3	1	1	25	1	290	4258	6.4085544	5000	6.4085544
r-100-3	1	1	25	2	145	2403	2.5982092	5000	2.5982092
r-100-3	1	1	25	2	290	4521	6.6778795	5000	6.6778795
r-100-3	1	1	25	3	145	2633	2.689765	5000	2.689765
r-100-3	1	1	25	3	290	4662	6.6375411	5000	6.6375411
r-100-4	1	1	13	1	138	2330	2.0892591	5000	2.0892591
r-100-4	1	1	13	1	277	3967	6.032067	5000	6.032067
r-100-4	1	1	13	2	138	2425	2.0204992	5000	2.0204992
r-100-4	1	1	13	2	277	4209	5.8266641	5000	5.8266641
r-100-4	1	1	13	3	138	2486	1.9881378	5000	1.9881378
r-100-4	1	1	13	3	277	4292	5.7714105	5000	5.7714105
r-100-4	1	1	27	1	138	2209	2.2495421	5000	2.2495421
r-100-4	1	1	27	1	277	3945	6.1486512	5000	6.1486512
r-100-4	1	1	27	2	138	2311	2.1827675	5000	2.1827675
r-100-4	1	1	27	2	277	4025	6.3219654	5000	6.3219654
r-100-4	1	1	27	3	138	2560	2.2849407	5000	2.2849407
r-100-4	1	1	27	3	277	4199	6.2290793	5000	6.2290793
r-100-5	1	1	12	1	132	2444	2.1714029	5000	2.1714029
r-100-5	1	1	12	1	264	4311	5.8666093	5000	5.8666093
r-100-5	1	1	12	2	132	2477	2.0775266	5000	2.0775266
r-100-5	1	1	12	2	264	4266	5.64162	5000	5.64162
r-100-5	1	1	12	3	132	2610	2.0196089	5000	2.0196089
r-100-5	1	1	12	3	264	4445	5.5976577	5000	5.5976577
r-100-5	1	1	24	1	132	2355	2.4838147	5000	2.4838147
r-100-5	1	1	24	1	264	4087	6.2080722	5000	6.2080722
r-100-5	1	1	24	2	132	2490	2.5999149	5000	2.5999149
r-100-5	1	1	24	2	264	4243	6.3621857	5000	6.3621857
r-100-5	1	1	24	3	132	2637	2.7003788	5000	2.7003788
r-100-5	1	1	24	3	264	4267	6.6683779	5000	6.6683779
r-125-1	1	1	11	1	151	3213	4.8293393	5000	4.8293393
r-125-1	1	1	11	1	303	5229	12.9258294	5000	12.9258294
r-125-1	1	1	11	2	151	3524	4.451697	5000	4.451697
r-125-1	1	1	11	2	303	5418	12.513099	5000	12.513099
r-125-1	1	1	11	3	151	3529	4.6514795	5000	4.6514795
r-125-1	1	1	11	3	303	5467	12.5822625	5000	12.5822625
r-125-1	1	1	23	1	151	2981	5.3573839	5000	5.3573839
r-125-1	1	1	23	1	303	4972	13.9483655	5000	13.9483655
r-125-1	1	1	23	2	151	3257	5.8178026	5000	5.8178026
r-125-1	1	1	23	2	303	4986	15.1595768	5000	15.1595768
r-125-1	1	1	23	3	151	3629	6.2958827	5000	6.2958827
r-125-1	1	1	23	3	303	5325	15.9322815	5000	15.9322815
r-125-2	1	1	13	1	153	2811	3.931382	5000	3.931382
r-125-2	1	1	13	1	307	4985	12.3057468	5000	12.3057468
r-125-2	1	1	13	2	153	3042	3.8763448	5000	3.8763448
r-125-2	1	1	13	2	307	5157	12.2375562	5000	12.2375562
r-125-2	1	1	13	3	153	3126	3.8125718	5000	3.8125718
r-125-2	1	1	13	3	307	5233	12.2302371	5000	12.2302371
r-125-2	1	1	26	1	153	2707	4.3705823	5000	4.3705823
r-125-2	1	1	26	1	307	4479	12.3724415	5000	12.3724415
r-125-2	1	1	26	2	153	2888	4.7701436	5000	4.7701436
r-125-2	1	1	26	2	307	4585	13.2439661	5000	13.2439661
r-125-2	1	1	26	3	153	3149	5.2069799	5000	5.2069799
r-125-2	1	1	26	3	307	4808	14.0372983	5000	14.0372983
r-125-3	1	1	12	1	156	2933	4.1617447	5000	4.1617447
r-125-3	1	1	12	1	312	4613	12.1148462	5000	12.1148462
r-125-3	1	1	12	2	156	3149	3.8263125	5000	3.8263125
r-125-3	1	1	12	2	312	4751	11.7675552	5000	11.7675552
r-125-3	1	1	12	3	156	3033	3.9534439	5000	3.9534439
r-125-3	1	1	12	3	312	5064	11.8275234	5000	11.8275234
r-125-3	1	1	25	1	156	2674	4.5791418	5000	4.5791418
r-125-3	1	1	25	1	312	4418	12.3630933	5000	12.3630933
r-125-3	1	1	25	2	156	2753	4.801784	5000	4.801784
r-125-3	1	1	25	2	312	4451	13.2128932	5000	13.2128932
r-125-3	1	1	25	3	156	2956	5.2227596	5000	5.2227596
r-125-3	1	1	25	3	312	4588	14.2473546	5000	14.2473546
r-125-4	1	1	12	1	166	2898	4.6711124	5000	4.6711124
r-125-4	1	1	12	1	332	4757	12.7387316	5000	12.7387316
r-125-4	1	1	12	2	166	3157	4.4855803	5000	4.4855803
r-125-4	1	1	12	2	332	5020	12.7836957	5000	12.7836957
r-125-4	1	1	12	3	166	3210	4.3717407	5000	4.3717407
r-125-4	1	1	12	3	332	5086	12.2932423	5000	12.2932423
r-125-4	1	1	25	1	166	2775	5.3535166	5000	5.3535166
r-125-4	1	1	25	1	332	4592	14.1285561	5000	14.1285561
r-125-4	1	1	25	2	166	2981	5.8109347	5000	5.8109347
r-125-4	1	1	25	2	332	4682	14.8958865	5000	14.8958865
r-125-4	1	1	25	3	166	2980	6.0475301	5000	6.0475301
r-125-4	1	1	25	3	332	5065	15.9953515	5000	15.9953515
r-125-5	1	1	13	1	157	2667	4.0333302	5000	4.0333302
r-125-5	1	1	13	1	314	5004	12.7479922	5000	12.7479922
r-125-5	1	1	13	2	157	2947	3.8813116	5000	3.8813116
r-125-5	1	1	13	2	314	5285	12.5272957	5000	12.5272957
r-125-5	1	1	13	3	157	3167	3.8713868	5000	3.8713868
r-125-5	1	1	13	3	314	5684	12.1582368	5000	12.1582368
r-125-5	1	1	26	1	157	2682	4.341271	5000	4.341271
r-125-5	1	1	26	1	314	4728	13.3527589	5000	13.3527589
r-125-5	1	1	26	2	157	2898	4.5865398	5000	4.5865398
r-125-5	1	1	26	2	314	5021	14.5129346	5000	14.5129346
r-125-5	1	1	26	3	157	2958	4.8602669	5000	4.8602669
r-125-5	1	1	26	3	314	5374	15.1529557	5000	15.1529557
r-150-1	1	1	12	1	170	3144	6.8147459	5000	6.8147459
r-150-1	1	1	12	1	340	6088	23.0010485	5000	23.0010485
r-150-1	1	1	12	2	170	3441	6.5451709	5000	6.5451709
r-150-1	1	1	12	2	340	6270	21.791276	5000	21.791276
r-150-1	1	1	12	3	170	3800	6.4518377	5000	6.4518377
r-150-1	1	1	12	3	340	6639	22.4530757	5000	22.4530757
r-150-1	1	1	25	1	170	3018	7.556667	5000	7.556667
r-150-1	1	1	25	1	340	5719	23.0965834	5000	23.0965834
r-150-1	1	1	25	2	170	3291	7.9267291	5000	7.9267291
r-150-1	1	1	25	2	340	5770	24.3767179	5000	24.3767179
r-150-1	1	1	25	3	170	3516	8.4274485	5000	8.4274485
r-150-1	1	1	25	3	340	6094	26.770462	5000	26.770462
r-150-2	1	1	12	1	155	3163	6.7247221	5000	6.7247221
r-150-2	1	1	12	1	311	5715	22.4044607	5000	22.4044607
r-150-2	1	1	12	2	155	3482	6.7330868	5000	6.7330868
r-150-2	1	1	12	2	311	5870	22.5482449	5000	22.5482449
r-150-2	1	1	12	3	155	3737	6.4262218	5000	6.4262218
r-150-2	1	1	12	3	311	6241	21.2929232	5000	21.2929232
r-150-2	1	1	24	1	155	2977	7.0784613	5000	7.0784613
r-150-2	1	1	24	1	311	5202	22.627369	5000	22.627369
r-150-2	1	1	24	2	155	3183	7.5147649	5000	7.5147649
r-150-2	1	1	24	2	311	5446	24.3435685	5000	24.3435685
r-150-2	1	1	24	3	155	3392	7.9919537	5000	7.9919537
r-150-2	1	1	24	3	311	5901	25.440354	5000	25.440354
r-150-3	1	1	12	1	170	3198	7.5827525	5000	7.5827525
r-150-3	1	1	12	1	340	5369	22.7386858	5000	22.7386858
r-150-3	1	1	12	2	170	3391	7.1736594	5000	7.1736594
r-150-3	1	1	12	2	340	5641	22.2257556	5000	22.2257556
r-150-3	1	1	12	3	170	3685	7.1292022	5000	7.1292022
r-150-3	1	1	12	3	340	6008	21.9588229	5000	21.9588229
r-150-3	1	1	25	1	170	3046	8.5760372	5000	8.5760372
r-150-3	1	1	25	1	340	5101	24.5803779	5000	24.5803779
r-150-3	1	1	25	2	170	3173	9.6597146	5000	9.6597146
r-150-3	1	1	25	2	340	5374	26.9304352	5000	26.9304352
r-150-3	1	1	25	3	170	3379	10.4101408	5000	10.4101408
r-150-3	1	1	25	3	340	5472	29.5377782	5000	29.5377782
r-150-4	1	1	12	1	172	3407	7.7171762	5000	7.7171762
r-150-4	1	1	12	1	345	5820	24.1834932	5000	24.1834932
r-150-4	1	1	12	2	172	3827	7.6285943	5000	7.6285943
r-150-4	1	1	12	2	345	6211	23.0596089	5000	23.0596089
r-150-4	1	1	12	3	172	3905	7.2519708	5000	7.2519708
r-150-4	1	1	12	3	345	6538	23.1171272	5000	23.1171272
r-150-4	1	1	24	1	172	3310	8.4173286	5000	8.4173286
r-150-4	1	1	24	1	345	5609	25.5195847	5000	25.5195847
r-150-4	1	1	24	2	172	3865	9.469616	5000	9.469616
r-150-4	1	1	24	2	345	5700	27.3240385	5000	27.3240385
r-150-4	1	1	24	3	172	3601	10.4447366	5000	10.4447366
r-150-4	1	1	24	3	345	6042	29.3919762	5000	29.3919762
r-150-5	1	1	12	1	174	3706	7.7699602	5000	7.7699602
r-150-5	1	1	12	1	348	6073	23.2095496	5000	23.2095496
r-150-5	1	1	12	2	174	4035	7.5237961	5000	7.5237961
r-150-5	1	1	12	2	348	6410	22.3338212	5000	22.3338212
r-150-5	1	1	12	3	174	4193	7.3563311	5000	7.3563311
r-150-5	1	1	12	3	348	6814	21.0349889	5000	21.0349889
r-150-5	1	1	25	1	174	3526	8.7121053	5000	8.7121053
r-150-5	1	1	25	1	348	5691	24.8134124	5000	24.8134124
r-150-5	1	1	25	2	174	3815	9.4136717	5000	9.4136717
r-150-5	1	1	25	2	348	5873	27.0653677	5000	27.0653677
r-150-5	1	1	25	3	174	4145	10.2724239	5000	10.2724239
r-150-5	1	1	25	3	348	6526	27.8363735	5000	27.8363735
AverageObj: 3286.42, IterToBest: 5000, TimeToBest: 6.38
