InstanceName	alpha	beta	L	m	Tmax	ObjValue	CpuTime	IterToBest	TimeToBest
poi-50-1	1	1	12	1	108	997	0.6850894	5000	0.6850894
poi-50-1	1	1	12	1	217	1927	1.5131225	5000	1.5131225
poi-50-1	1	1	12	2	108	1026	0.490604	5000	0.490604
poi-50-1	1	1	12	2	217	2012	1.5012468	5000	1.5012468
poi-50-1	1	1	12	3	108	1026	0.4912604	5000	0.4912604
poi-50-1	1	1	12	3	217	2009	1.473549	5000	1.473549
poi-50-1	1	1	25	1	108	1097	0.5453183	5000	0.5453183
poi-50-1	1	1	25	1	217	2110	1.6468649	5000	1.6468649
poi-50-1	1	1	25	2	108	1136	0.5314708	5000	0.5314708
poi-50-1	1	1	25	2	217	2186	1.4787574	5000	1.4787574
poi-50-1	1	1	25	3	108	1164	0.5860454	5000	0.5860454
poi-50-1	1	1	25	3	217	2366	1.4407191	5000	1.4407191
poi-50-2	1	1	12	1	112	1522	0.7837676	5000	0.7837676
poi-50-2	1	1	12	1	225	2103	1.8809387	5000	1.8809387
poi-50-2	1	1	12	2	112	1529	0.7057998	5000	0.7057998
poi-50-2	1	1	12	2	225	2103	1.7960168	5000	1.7960168
poi-50-2	1	1	12	3	112	1529	0.6944848	5000	0.6944848
poi-50-2	1	1	12	3	225	2103	1.7535074	5000	1.7535074
poi-50-2	1	1	24	1	112	1522	0.8037565	5000	0.8037565
poi-50-2	1	1	24	1	225	2138	1.8344449	5000	1.8344449
poi-50-2	1	1	24	2	112	1617	0.7694129	5000	0.7694129
poi-50-2	1	1	24	2	225	2209	1.5824252	5000	1.5824252
poi-50-2	1	1	24	3	112	1617	0.7739645	5000	0.7739645
poi-50-2	1	1	24	3	225	2280	1.5006098	5000	1.5006098
poi-50-3	1	1	13	1	109	1088	0.6768113	5000	0.6768113
poi-50-3	1	1	13	1	218	1961	1.6654063	5000	1.6654063
poi-50-3	1	1	13	2	109	1101	0.6167465	5000	0.6167465
poi-50-3	1	1	13	2	218	2009	1.5721338	5000	1.5721338
poi-50-3	1	1	13	3	109	1151	0.6141898	5000	0.6141898
poi-50-3	1	1	13	3	218	2004	1.5023198	5000	1.5023198
poi-50-3	1	1	26	1	109	1166	0.6680277	5000	0.6680277
poi-50-3	1	1	26	1	218	2044	1.6624317	5000	1.6624317
poi-50-3	1	1	26	2	109	1166	0.6355913	5000	0.6355913
poi-50-3	1	1	26	2	218	2164	1.4919893	5000	1.4919893
poi-50-3	1	1	26	3	109	1257	0.6732326	5000	0.6732326
poi-50-3	1	1	26	3	218	2274	1.387367	5000	1.387367
poi-50-4	1	1	13	1	108	838	0.4351251	5000	0.4351251
poi-50-4	1	1	13	1	216	1699	1.3720637	5000	1.3720637
poi-50-4	1	1	13	2	108	838	0.4300132	5000	0.4300132
poi-50-4	1	1	13	2	216	1733	1.3040666	5000	1.3040666
poi-50-4	1	1	13	3	108	853	0.4536839	5000	0.4536839
poi-50-4	1	1	13	3	216	1748	1.3831679	5000	1.3831679
poi-50-4	1	1	27	1	108	902	0.4655683	5000	0.4655683
poi-50-4	1	1	27	1	216	1758	1.33255	5000	1.33255
poi-50-4	1	1	27	2	108	963	0.4925884	5000	0.4925884
poi-50-4	1	1	27	2	216	2103	1.2519985	5000	1.2519985
poi-50-4	1	1	27	3	108	1018	0.5598604	5000	0.5598604
poi-50-4	1	1	27	3	216	2179	1.2493084	5000	1.2493084
poi-50-5	1	1	11	1	111	1305	0.6594009	5000	0.6594009
poi-50-5	1	1	11	1	222	2093	1.7062241	5000	1.7062241
poi-50-5	1	1	11	2	111	1286	0.6370761	5000	0.6370761
poi-50-5	1	1	11	2	222	2132	1.6651282	5000	1.6651282
poi-50-5	1	1	11	3	111	1329	0.6465859	5000	0.6465859
poi-50-5	1	1	11	3	222	2135	1.6053432	5000	1.6053432
poi-50-5	1	1	23	1	111	1339	0.7517701	5000	0.7517701
poi-50-5	1	1	23	1	222	2102	1.734045	5000	1.734045
poi-50-5	1	1	23	2	111	1417	0.7231692	5000	0.7231692
poi-50-5	1	1	23	2	222	2221	1.537552	5000	1.537552
poi-50-5	1	1	23	3	111	1461	0.7306823	5000	0.7306823
poi-50-5	1	1	23	3	222	2276	1.4931321	5000	1.4931321
r-75-1	1	1	12	1	131	1932	1.946289	5000	1.946289
r-75-1	1	1	12	1	263	3278	6.1030245	5000	6.1030245
r-75-1	1	1	12	2	131	2079	1.8227346	5000	1.8227346
r-75-1	1	1	12	2	263	3382	5.7845889	5000	5.7845889
r-75-1	1	1	12	3	131	2073	1.7859942	5000	1.7859942
r-75-1	1	1	12	3	263	3500	5.5046298	5000	5.5046298
r-75-1	1	1	24	1	131	1906	2.1044734	5000	2.1044734
r-75-1	1	1	24	1	263	3233	6.4228395	5000	6.4228395
r-75-1	1	1	24	2	131	2066	2.0471187	5000	2.0471187
r-75-1	1	1	24	2	263	3540	5.634635	5000	5.634635
r-75-1	1	1	24	3	131	2219	2.0444063	5000	2.0444063
r-75-1	1	1	24	3	263	3569	5.2608927	5000	5.2608927
r-75-2	1	1	12	1	127	1827	2.4474244	5000	2.4474244
r-75-2	1	1	12	1	254	3205	6.2876591	5000	6.2876591
r-75-2	1	1	12	2	127	1895	2.162216	5000	2.162216
r-75-2	1	1	12	2	254	3339	5.6053922	5000	5.6053922
r-75-2	1	1	12	3	127	1931	2.1368937	5000	2.1368937
r-75-2	1	1	12	3	254	3352	5.5120258	5000	5.5120258
r-75-2	1	1	24	1	127	1816	2.5803748	5000	2.5803748
r-75-2	1	1	24	1	254	3201	6.5592165	5000	6.5592165
r-75-2	1	1	24	2	127	1882	2.433258	5000	2.433258
r-75-2	1	1	24	2	254	3318	5.7711122	5000	5.7711122
r-75-2	1	1	24	3	127	2005	2.3370916	5000	2.3370916
r-75-2	1	1	24	3	254	3495	5.2327788	5000	5.2327788
r-75-3	1	1	13	1	131	1816	1.8815737	5000	1.8815737
r-75-3	1	1	13	1	262	3191	6.196263	5000	6.196263
r-75-3	1	1	13	2	131	1921	1.7320114	5000	1.7320114
r-75-3	1	1	13	2	262	3271	5.7953031	5000	5.7953031
r-75-3	1	1	13	3	131	1906	1.6842056	5000	1.6842056
r-75-3	1	1	13	3	262	3220	5.3886063	5000	5.3886063
r-75-3	1	1	26	1	131	1900	2.0084828	5000	2.0084828
r-75-3	1	1	26	1	262	3112	6.1882478	5000	6.1882478
r-75-3	1	1	26	2	131	2016	1.928298	5000	1.928298
r-75-3	1	1	26	2	262	3298	5.6047002	5000	5.6047002
r-75-3	1	1	26	3	131	2187	1.9040597	5000	1.9040597
r-75-3	1	1	26	3	262	3517	5.2799608	5000	5.2799608
r-75-4	1	1	12	1	133	1860	2.0559595	5000	2.0559595
r-75-4	1	1	12	1	266	3248	6.2558249	5000	6.2558249
r-75-4	1	1	12	2	133	1972	1.8985905	5000	1.8985905
r-75-4	1	1	12	2	266	3302	5.8303969	5000	5.8303969
r-75-4	1	1	12	3	133	1948	1.8440122	5000	1.8440122
r-75-4	1	1	12	3	266	3372	5.6223328	5000	5.6223328
r-75-4	1	1	24	1	133	1965	2.2858934	5000	2.2858934
r-75-4	1	1	24	1	266	3254	6.3098325	5000	6.3098325
r-75-4	1	1	24	2	133	2071	2.1489288	5000	2.1489288
r-75-4	1	1	24	2	266	3256	5.7568402	5000	5.7568402
r-75-4	1	1	24	3	133	2210	2.1433005	5000	2.1433005
r-75-4	1	1	24	3	266	3466	5.3065567	5000	5.3065567
r-75-5	1	1	12	1	124	1683	1.6295838	5000	1.6295838
r-75-5	1	1	12	1	249	3220	5.8333627	5000	5.8333627
r-75-5	1	1	12	2	124	1803	1.4860281	5000	1.4860281
r-75-5	1	1	12	2	249	3366	5.273028	5000	5.273028
r-75-5	1	1	12	3	124	1833	1.4472277	5000	1.4472277
r-75-5	1	1	12	3	249	3454	5.2309855	5000	5.2309855
r-75-5	1	1	25	1	124	1719	1.743769	5000	1.743769
r-75-5	1	1	25	1	249	3144	5.8821125	5000	5.8821125
r-75-5	1	1	25	2	124	1809	1.640205	5000	1.640205
r-75-5	1	1	25	2	249	3297	5.1856157	5000	5.1856157
r-75-5	1	1	25	3	124	1900	1.6281419	5000	1.6281419
r-75-5	1	1	25	3	249	3485	4.8842328	5000	4.8842328
r-100-1	1	1	12	1	146	2547	5.1433322	5000	5.1433322
r-100-1	1	1	12	1	292	4408	18.3191452	5000	18.3191452
r-100-1	1	1	12	2	146	2694	4.6517298	5000	4.6517298
r-100-1	1	1	12	2	292	4654	16.310094	5000	16.310094
r-100-1	1	1	12	3	146	2826	4.5161129	5000	4.5161129
r-100-1	1	1	12	3	292	4920	15.4281551	5000	15.4281551
r-100-1	1	1	25	1	146	2464	5.2168088	5000	5.2168088
r-100-1	1	1	25	1	292	4329	17.463767	5000	17.463767
r-100-1	1	1	25	2	146	2675	4.8506999	5000	4.8506999
r-100-1	1	1	25	2	292	4528	15.5469864	5000	15.5469864
r-100-1	1	1	25	3	146	2729	4.7842635	5000	4.7842635
r-100-1	1	1	25	3	292	4821	14.6401942	5000	14.6401942
r-100-2	1	1	12	1	139	2568	4.3547589	5000	4.3547589
r-100-2	1	1	12	1	278	4203	15.2172224	5000	15.2172224
r-100-2	1	1	12	2	139	2621	3.8449535	5000	3.8449535
r-100-2	1	1	12	2	278	4428	13.4378697	5000	13.4378697
r-100-2	1	1	12	3	139	2804	3.7274005	5000	3.7274005
r-100-2	1	1	12	3	278	4631	13.2012593	5000	13.2012593
r-100-2	1	1	25	1	139	2640	4.6217825	5000	4.6217825
r-100-2	1	1	25	1	278	4056	15.4483779	5000	15.4483779
r-100-2	1	1	25	2	139	2642	4.3973475	5000	4.3973475
r-100-2	1	1	25	2	278	4477	13.7607714	5000	13.7607714
r-100-2	1	1	25	3	139	2749	4.3075801	5000	4.3075801
r-100-2	1	1	25	3	278	4349	13.0966926	5000	13.0966926
r-100-3	1	1	12	1	145	2374	4.5006506	5000	4.5006506
r-100-3	1	1	12	1	290	4472	16.9160633	5000	16.9160633
r-100-3	1	1	12	2	145	2529	4.1719239	5000	4.1719239
r-100-3	1	1	12	2	290	4559	14.7541315	5000	14.7541315
r-100-3	1	1	12	3	145	2599	3.9828774	5000	3.9828774
r-100-3	1	1	12	3	290	4722	14.1280424	5000	14.1280424
r-100-3	1	1	25	1	145	2287	4.8383687	5000	4.8383687
r-100-3	1	1	25	1	290	4258	16.2266184	5000	16.2266184
r-100-3	1	1	25	2	145	2403	4.6735243	5000	4.6735243
r-100-3	1	1	25	2	290	4521	14.8459971	5000	14.8459971
r-100-3	1	1	25	3	145	2633	4.5574456	5000	4.5574456
r-100-3	1	1	25	3	290	4662	13.6543301	5000	13.6543301
r-100-4	1	1	13	1	138	2330	4.2416622	5000	4.2416622
r-100-4	1	1	13	1	277	3967	16.2438602	5000	16.2438602
r-100-4	1	1	13	2	138	2425	3.8915268	5000	3.8915268
r-100-4	1	1	13	2	277	4209	14.6645657	5000	14.6645657
r-100-4	1	1	13	3	138	2486	3.7314877	5000	3.7314877
r-100-4	1	1	13	3	277	4292	14.1567404	5000	14.1567404
r-100-4	1	1	27	1	138	2209	4.3839408	5000	4.3839408
r-100-4	1	1	27	1	277	3945	15.1070384	5000	15.1070384
r-100-4	1	1	27	2	138	2311	3.8835024	5000	3.8835024
r-100-4	1	1	27	2	277	4025	13.7380689	5000	13.7380689
r-100-4	1	1	27	3	138	2560	3.8005468	5000	3.8005468
r-100-4	1	1	27	3	277	4199	12.5176308	5000	12.5176308
r-100-5	1	1	12	1	132	2444	4.4939088	5000	4.4939088
r-100-5	1	1	12	1	264	4311	16.1573083	5000	16.1573083
r-100-5	1	1	12	2	132	2477	4.0605913	5000	4.0605913
r-100-5	1	1	12	2	264	4266	14.5918119	5000	14.5918119
r-100-5	1	1	12	3	132	2610	3.8317678	5000	3.8317678
r-100-5	1	1	12	3	264	4445	14.1623417	5000	14.1623417
r-100-5	1	1	24	1	132	2355	4.8887051	5000	4.8887051
r-100-5	1	1	24	1	264	4087	15.9446404	5000	15.9446404
r-100-5	1	1	24	2	132	2490	4.6286412	5000	4.6286412
r-100-5	1	1	24	2	264	4243	14.2289756	5000	14.2289756
r-100-5	1	1	24	3	132	2637	4.6388736	5000	4.6388736
r-100-5	1	1	24	3	264	4267	13.8962262	5000	13.8962262
r-125-1	1	1	11	1	151	3213	11.3381621	5000	11.3381621
r-125-1	1	1	11	1	303	5229	40.7745884	5000	40.7745884
r-125-1	1	1	11	2	151	3524	9.8356261	5000	9.8356261
r-125-1	1	1	11	2	303	5418	36.0690803	5000	36.0690803
r-125-1	1	1	11	3	151	3529	9.8875729	5000	9.8875729
r-125-1	1	1	11	3	303	5467	34.6528556	5000	34.6528556
r-125-1	1	1	23	1	151	2981	12.1940546	5000	12.1940546
r-125-1	1	1	23	1	303	4972	40.8592403	5000	40.8592403
r-125-1	1	1	23	2	151	3257	11.571831	5000	11.571831
r-125-1	1	1	23	2	303	4986	36.9255721	5000	36.9255721
r-125-1	1	1	23	3	151	3629	11.6963738	5000	11.6963738
r-125-1	1	1	23	3	303	5325	34.8858761	5000	34.8858761
r-125-2	1	1	13	1	153	2811	8.6828888	5000	8.6828888
r-125-2	1	1	13	1	307	4985	36.3924102	5000	36.3924102
r-125-2	1	1	13	2	153	3042	8.0243236	5000	8.0243236
r-125-2	1	1	13	2	307	5157	33.0199545	5000	33.0199545
r-125-2	1	1	13	3	153	3126	7.5477833	5000	7.5477833
r-125-2	1	1	13	3	307	5233	31.3386407	5000	31.3386407
r-125-2	1	1	26	1	153	2707	9.4075204	5000	9.4075204
r-125-2	1	1	26	1	307	4479	34.8445213	5000	34.8445213
r-125-2	1	1	26	2	153	2888	9.2712059	5000	9.2712059
r-125-2	1	1	26	2	307	4585	31.3831053	5000	31.3831053
r-125-2	1	1	26	3	153	3149	9.3968345	5000	9.3968345
r-125-2	1	1	26	3	307	4808	30.4513629	5000	30.4513629
r-125-3	1	1	12	1	156	2933	9.3474583	5000	9.3474583
r-125-3	1	1	12	1	312	4613	36.267869	5000	36.267869
r-125-3	1	1	12	2	156	3149	8.21288	5000	8.21288
r-125-3	1	1	12	2	312	4751	32.3459833	5000	32.3459833
r-125-3	1	1	12	3	156	3033	8.1341655	5000	8.1341655
r-125-3	1	1	12	3	312	5064	31.3522682	5000	31.3522682
r-125-3	1	1	25	1	156	2674	10.1608054	5000	10.1608054
r-125-3	1	1	25	1	312	4418	35.4287068	5000	35.4287068
r-125-3	1	1	25	2	156	2753	9.5142119	5000	9.5142119
r-125-3	1	1	25	2	312	4451	32.4825931	5000	32.4825931
r-125-3	1	1	25	3	156	2956	9.6651073	5000	9.6651073
r-125-3	1	1	25	3	312	4588	31.3742634	5000	31.3742634
r-125-4	1	1	12	1	166	2898	11.0115029	5000	11.0115029
r-125-4	1	1	12	1	332	4757	40.1356124	5000	40.1356124
r-125-4	1	1	12	2	166	3157	10.1038453	5000	10.1038453
r-125-4	1	1	12	2	332	5020	36.9293942	5000	36.9293942
r-125-4	1	1	12	3	166	3210	9.3807576	5000	9.3807576
r-125-4	1	1	12	3	332	5086	34.551102	5000	34.551102
r-125-4	1	1	25	1	166	2775	12.2279328	5000	12.2279328
r-125-4	1	1	25	1	332	4592	41.1106355	5000	41.1106355
r-125-4	1	1	25	2	166	2981	11.7596964	5000	11.7596964
r-125-4	1	1	25	2	332	4682	37.1258407	5000	37.1258407
r-125-4	1	1	25	3	166	2980	11.9807959	5000	11.9807959
r-125-4	1	1	25	3	332	5065	35.6532872	5000	35.6532872
r-125-5	1	1	13	1	157	2667	8.9350067	5000	8.9350067
r-125-5	1	1	13	1	314	5004	38.0585874	5000	38.0585874
r-125-5	1	1	13	2	157	2947	8.0615037	5000	8.0615037
r-125-5	1	1	13	2	314	5285	34.0923009	5000	34.0923009
r-125-5	1	1	13	3	157	3167	7.8235327	5000	7.8235327
r-125-5	1	1	13	3	314	5684	31.4302016	5000	31.4302016
r-125-5	1	1	26	1	157	2682	9.3862481	5000	9.3862481
r-125-5	1	1	26	1	314	4728	38.8398785	5000	38.8398785
r-125-5	1	1	26	2	157	2898	9.2322567	5000	9.2322567
r-125-5	1	1	26	2	314	5021	36.139065	5000	36.139065
r-125-5	1	1	26	3	157	2958	9.1292822	5000	9.1292822
r-125-5	1	1	26	3	314	5374	33.1867443	5000	33.1867443
r-150-1	1	1	12	1	170	3144	16.7792611	5000	16.7792611
r-150-1	1	1	12	1	340	6088	75.7393767	5000	75.7393767
r-150-1	1	1	12	2	170	3441	15.1097907	5000	15.1097907
r-150-1	1	1	12	2	340	6270	63.4416015	5000	63.4416015
r-150-1	1	1	12	3	170	3800	14.2253917	5000	14.2253917
r-150-1	1	1	12	3	340	6639	62.5015664	5000	62.5015664
r-150-1	1	1	25	1	170	3018	18.6809195	5000	18.6809195
r-150-1	1	1	25	1	340	5719	75.4117271	5000	75.4117271
r-150-1	1	1	25	2	170	3291	17.2100703	5000	17.2100703
r-150-1	1	1	25	2	340	5770	66.06032	5000	66.06032
r-150-1	1	1	25	3	170	3516	16.9627129	5000	16.9627129
r-150-1	1	1	25	3	340	6094	64.3756605	5000	64.3756605
r-150-2	1	1	12	1	155	3163	16.3902546	5000	16.3902546
r-150-2	1	1	12	1	311	5715	72.7462293	5000	72.7462293
r-150-2	1	1	12	2	155	3482	15.0178534	5000	15.0178534
r-150-2	1	1	12	2	311	5870	65.3017986	5000	65.3017986
r-150-2	1	1	12	3	155	3737	13.6869782	5000	13.6869782
r-150-2	1	1	12	3	311	6241	57.4280465	5000	57.4280465
r-150-2	1	1	24	1	155	2977	17.2515824	5000	17.2515824
r-150-2	1	1	24	1	311	5202	71.0701745	5000	71.0701745
r-150-2	1	1	24	2	155	3183	16.2169405	5000	16.2169405
r-150-2	1	1	24	2	311	5446	62.4686053	5000	62.4686053
r-150-2	1	1	24	3	155	3392	15.3223586	5000	15.3223586
r-150-2	1	1	24	3	311	5901	58.1432332	5000	58.1432332
r-150-3	1	1	12	1	170	3198	18.9871897	5000	18.9871897
r-150-3	1	1	12	1	340	5369	74.6471593	5000	74.6471593
r-150-3	1	1	12	2	170	3391	16.5084533	5000	16.5084533
r-150-3	1	1	12	2	340	5641	65.4043252	5000	65.4043252
r-150-3	1	1	12	3	170	3685	15.7294342	5000	15.7294342
r-150-3	1	1	12	3	340	6008	61.4437998	5000	61.4437998
r-150-3	1	1	25	1	170	3046	21.6246361	5000	21.6246361
r-150-3	1	1	25	1	340	5101	78.5924304	5000	78.5924304
r-150-3	1	1	25	2	170	3173	20.2667459	5000	20.2667459
r-150-3	1	1	25	2	340	5374	69.9449423	5000	69.9449423
r-150-3	1	1	25	3	170	3379	19.8926305	5000	19.8926305
r-150-3	1	1	25	3	340	5472	67.1240762	5000	67.1240762
r-150-4	1	1	12	1	172	3407	19.0490876	5000	19.0490876
r-150-4	1	1	12	1	345	5820	80.6390474	5000	80.6390474
r-150-4	1	1	12	2	172	3827	17.8079042	5000	17.8079042
r-150-4	1	1	12	2	345	6211	68.1715462	5000	68.1715462
r-150-4	1	1	12	3	172	3905	15.833726	5000	15.833726
r-150-4	1	1	12	3	345	6538	63.9139484	5000	63.9139484
r-150-4	1	1	24	1	172	3310	20.2544937	5000	20.2544937
r-150-4	1	1	24	1	345	5609	80.521096	5000	80.521096
r-150-4	1	1	24	2	172	3865	20.3464747	5000	20.3464747
r-150-4	1	1	24	2	345	5700	71.4268585	5000	71.4268585
r-150-4	1	1	24	3	172	3601	20.6503494	5000	20.6503494
r-150-4	1	1	24	3	345	6042	68.6884314	5000	68.6884314
r-150-5	1	1	12	1	174	3706	19.3469864	5000	19.3469864
r-150-5	1	1	12	1	348	6073	75.2977098	5000	75.2977098
r-150-5	1	1	12	2	174	4035	17.2649086	5000	17.2649086
r-150-5	1	1	12	2	348	6410	64.9757052	5000	64.9757052
r-150-5	1	1	12	3	174	4193	16.2020836	5000	16.2020836
r-150-5	1	1	12	3	348	6814	57.8078037	5000	57.8078037
r-150-5	1	1	25	1	174	3526	20.9450557	5000	20.9450557
r-150-5	1	1	25	1	348	5691	76.4114727	5000	76.4114727
r-150-5	1	1	25	2	174	3815	19.902151	5000	19.902151
r-150-5	1	1	25	2	348	5873	68.9819641	5000	68.9819641
r-150-5	1	1	25	3	174	4145	19.9551106	5000	19.9551106
r-150-5	1	1	25	3	348	6526	62.3607613	5000	62.3607613
AverageObj: 3286.42, IterToBest: 5000, TimeToBest: 16.03
